941.126892 306.085632 10.613619
152.3 306.231407 9.005973 -4.175018 4.569733
392.7 306.204587 8.834788 -4.162231 5.096252
638.0 306.186648 8.739421 -3.800201 5.409058
888.3 306.844902 6.879199 -1.747467 6.066467
1144.7 308.420671 3.902175 2.608383 6.589554
1407.3 308.886885 4.248256 4.863419 6.858505
1676.1 308.848588 4.595541 7.167007 6.115128
1951.1 308.795498 4.837864 8.657211 5.230682
2522.0 309.842721 4.248560 12.219727 2.149521
3124.7 310.683701 4.270970 16.386551 3.075989
3764.3 312.570352 3.712445 18.241684 4.285370
4448.5 315.729725 2.256514 20.828522 6.333893
5182.7 316.586938 1.983175 22.066940 5.602859
5978.0 321.027174 0.829186 24.526413 -2.319962
6847.4 323.023688 0.882762 26.991547 -6.141296
7805.8 326.467407 0.452327 29.748672 -7.323914
8879.3 329.924044 0.293666 35.620605 -9.839691
10104.2 334.920656 0.110026 47.023941 -11.162323
10792.7 338.922566 0.057949 52.393600 -13.385620
11547.0 343.630177 0.026560 54.017380 -13.324158
12392.2 356.030239 0.011105 45.108719 -13.421143
13379.7 378.072295 0.004453 31.673126 -9.950394
14541.8 391.721339 0.003377 28.159515 -3.634048
15951.2 414.498083 0.002902 22.632690 -4.324738
30998.8 874.683598 0.003391 -11.537460 2.002380
