825.00 304.27 10.65102
0.00 304.27 10.65102 -0.63 -0.53
111.66 304.27 10.65102 -1.68 0.23
371.50 305.13 9.35922 -3.37 3.05
638.32 306.35 9.30236 -4.36 5.01
912.19 307.16 8.86242 -4.09 6.78
1482.37 309.37 6.80006 0.63 6.09
2085.52 311.13 4.94322 5.07 3.44
2727.13 313.82 3.91982 8.20 1.83
3413.44 316.62 2.51561 8.90 0.23
4151.88 319.45 1.57776 9.17 -0.10
4952.18 322.60 0.96559 11.90 0.18
5827.15 325.82 0.79376 14.61 0.48
6794.14 329.37 0.52984 14.94 0.66
7876.05 332.58 0.53458 14.67 5.33
9110.49 336.22 0.22746 20.44 19.91
9797.86 337.41 0.11245 23.57 20.98
10559.05 351.94 0.02467 31.34 11.03
11429.71 366.66 0.01327 36.30 9.46
12429.64 378.85 0.00901 32.36 6.03
13599.93 396.19 0.00648 24.28 2.13
15022.72 419.31 0.00611 16.23 -3.78
30053.07 873.48 0.00614 -11.89 1.05
