800.00 304.25 8.57702
0.00 304.25 8.57702 -1.63 -1.85
8.99 304.25 8.57702 -1.84 -1.85
274.38 305.14 8.62335 -3.36 -2.84
547.00 305.87 8.42910 -4.64 -2.88
1114.25 307.71 6.46865 -2.06 -0.33
1715.33 310.59 5.26786 5.93 0.73
2355.97 313.22 4.06592 10.34 2.11
3040.78 316.02 2.31733 11.02 2.68
3778.02 318.98 1.52982 10.80 2.73
4576.98 321.91 0.92176 10.88 3.04
5449.53 324.70 0.72539 9.56 3.56
6413.05 328.14 0.33968 9.51 3.97
7490.80 330.87 0.21038 13.88 6.85
8717.86 335.34 0.15355 20.40 20.36
9405.73 338.17 0.04896 18.84 15.65
10163.91 349.02 0.02839 23.59 12.05
11031.88 367.87 0.01504 30.72 11.54
12037.66 381.54 0.00689 30.13 7.45
13214.99 398.19 0.00656 24.11 2.68
14641.04 418.90 0.00597 17.64 -1.79
29694.33 873.13 0.00614 -13.22 -0.37
