900.00 300.96 9.62584
0.00 300.96 9.62584 -4.21 -1.34
229.84 300.96 9.62584 -7.16 -2.10
471.09 301.17 9.34563 -8.78 -1.92
717.53 301.60 9.33953 -9.67 -1.08
969.48 301.97 9.29454 -9.72 0.92
1227.41 302.60 9.04437 -8.08 3.19
1491.81 303.68 8.07032 -6.20 4.80
1763.13 304.64 7.44781 -4.30 5.68
2328.65 306.95 5.86527 -0.72 5.78
2927.29 309.25 5.23306 2.21 4.02
3565.02 311.94 3.46902 4.33 1.15
4246.92 314.57 2.28958 7.79 0.64
4980.78 317.48 1.72183 11.41 0.61
5776.21 320.60 1.10116 14.40 0.60
6645.68 323.64 0.68914 16.69 1.08
7605.48 326.83 0.54530 18.86 3.89
8680.43 330.96 0.47205 19.89 8.03
9908.45 335.06 0.21224 26.97 14.97
10594.39 336.31 0.11517 32.60 19.72
11348.19 348.19 0.03486 34.28 12.12
12218.25 369.16 0.01401 36.31 5.65
13228.26 383.05 0.00649 32.27 -0.25
14410.94 399.91 0.00608 24.23 -1.18
15840.76 420.84 0.00558 18.28 -1.33
30912.29 870.09 0.00619 -11.07 -1.72
