925.00 300.26 9.96856
0.00 300.26 9.96856 -4.61 -1.84
47.36 300.26 9.96856 -5.61 -2.21
283.32 300.33 9.74514 -7.82 -2.59
524.06 300.56 9.71196 -8.66 -2.23
770.00 300.78 9.61264 -9.37 -0.88
1021.43 301.66 8.61733 -8.73 1.35
1279.03 302.56 7.85320 -7.21 2.88
1543.17 303.58 6.74644 -5.49 3.86
1814.06 304.22 6.24580 -3.90 4.50
2378.20 306.18 5.71749 0.11 5.92
2975.89 308.90 5.24336 4.50 4.12
3612.84 311.69 3.03229 6.66 1.08
4293.72 314.00 2.20509 8.75 1.42
5026.48 317.15 1.32188 12.47 0.65
5821.10 320.39 0.98352 15.95 0.13
6690.44 323.66 0.68098 17.87 -0.24
7650.16 326.75 0.46819 19.23 1.25
8723.92 330.24 0.40090 23.53 5.90
9950.26 334.82 0.20829 30.96 15.30
10636.04 336.46 0.09943 34.07 17.84
11391.47 348.93 0.03418 35.55 10.11
12261.63 368.38 0.01510 35.58 3.55
13268.74 382.23 0.00648 32.14 -0.18
14451.98 400.66 0.00579 23.95 -1.51
15885.27 421.74 0.00538 18.35 -2.09
30967.45 869.34 0.00619 -10.57 -1.12
