850.00 304.18 12.47155
0.00 304.18 12.47155 -0.15 1.33
40.60 304.18 12.47155 -0.07 1.93
294.77 304.89 9.75911 0.56 3.48
555.30 305.54 8.85861 1.57 3.57
822.21 306.45 8.25500 2.61 2.52
1096.24 307.78 7.86219 3.44 1.55
1667.97 310.11 6.90317 3.63 -0.14
2272.40 311.36 6.37505 0.98 -0.16
2915.28 314.45 5.21846 0.20 -0.59
3603.14 316.86 4.08064 1.75 -0.95
4342.45 319.50 3.27329 3.75 -0.36
5143.19 322.50 2.52315 6.10 0.75
6019.36 326.71 1.72422 7.24 2.59
6990.27 331.13 1.10000 8.31 6.63
8078.73 334.15 0.57164 12.60 13.82
9316.99 337.20 0.24440 19.27 19.23
10006.55 338.98 0.11691 22.33 21.18
10774.42 356.71 0.01903 34.86 16.00
11654.16 367.96 0.00677 35.84 10.64
12654.23 378.08 0.00632 29.23 3.49
13817.90 392.97 0.00755 19.58 4.08
15228.92 416.39 0.00676 14.56 -3.83
30212.22 871.51 0.00615 -12.43 0.60
