925.00 302.02 9.63358
0.00 302.02 9.63358 -5.04 -1.11
30.80 302.02 9.63358 -5.84 -1.19
267.97 301.88 9.45455 -8.36 -1.32
509.82 301.81 9.40545 -8.90 -0.89
756.60 301.83 9.17720 -9.22 0.46
1008.98 302.56 8.80035 -7.95 2.97
1267.32 303.18 8.74186 -6.13 4.41
1532.02 303.88 8.06605 -4.12 4.93
1803.54 305.13 6.93538 -2.45 5.20
2370.18 307.94 4.76465 0.92 6.79
2970.32 309.68 4.97165 3.69 4.59
3608.32 311.90 2.71944 5.60 2.03
4289.63 314.40 1.68590 6.48 0.25
5022.80 317.65 1.13687 8.88 -0.93
5818.77 320.91 0.70932 12.73 -2.91
6688.80 323.89 0.54289 15.39 -2.32
7649.10 326.90 0.50431 17.75 -0.69
8724.16 331.04 0.44912 21.85 2.72
9956.11 336.26 0.22303 34.43 13.42
10643.73 337.18 0.11285 37.93 13.95
11402.52 351.07 0.03490 36.76 7.44
12274.97 368.81 0.01612 35.30 4.75
13283.00 382.12 0.00660 31.76 -0.15
14459.97 397.21 0.00646 24.94 0.29
15881.48 418.47 0.00583 20.49 -2.95
30945.17 871.98 0.00619 -11.13 -2.17
