850.00 307.39 9.86456
0.00 307.39 9.86456 -1.29 0.48
14.17 307.39 9.86456 -1.24 0.54
270.86 307.65 9.74581 -1.95 1.32
533.58 307.79 9.23840 -1.77 2.18
802.54 309.16 7.44598 0.70 3.63
1078.78 310.24 7.06765 3.81 4.39
1653.62 311.39 7.30883 8.76 4.38
2261.00 313.18 5.91298 11.36 2.18
2906.61 315.38 3.79184 7.75 -0.70
3595.24 317.32 2.04148 7.39 -0.02
4334.27 319.46 1.01640 8.44 1.22
5134.29 322.57 0.62303 7.75 2.78
6008.68 325.42 0.53509 7.64 3.76
6974.62 329.11 0.62220 7.13 5.81
8057.47 333.41 0.56331 6.59 11.41
9291.66 335.67 0.17210 3.82 21.88
9983.21 342.71 0.03544 12.39 16.97
10758.05 358.17 0.02094 24.00 16.81
11640.90 369.16 0.00629 27.86 15.38
12640.83 377.68 0.00626 26.94 9.20
13807.60 394.98 0.00758 16.74 4.97
15220.66 415.82 0.00677 13.37 -2.45
30195.81 870.18 0.00617 -11.05 -0.89
