900.00 300.34 9.75691
0.00 300.34 9.75691 -4.56 -1.91
222.48 300.34 9.75691 -7.54 -2.83
463.24 300.57 9.56807 -8.29 -2.74
709.14 300.78 9.75671 -9.03 -1.93
960.45 301.29 9.12184 -9.44 0.32
1217.97 302.36 7.96192 -7.82 2.38
1481.96 303.33 7.41650 -6.20 3.96
1752.82 304.05 7.13708 -4.50 4.89
2317.11 306.49 5.94943 -0.65 5.92
2915.19 308.90 5.43617 3.21 3.36
3552.01 311.52 3.40952 5.97 1.17
4233.33 314.35 2.25264 10.01 1.57
4966.57 317.26 1.68846 13.15 1.37
5761.62 320.55 1.19863 16.07 0.98
6631.52 323.86 0.75680 17.63 0.77
7591.73 326.88 0.48545 19.20 2.73
8666.38 330.64 0.40184 22.61 8.39
9893.23 334.66 0.20331 28.13 17.09
10578.50 336.25 0.09833 30.14 19.13
11333.68 348.76 0.03231 33.57 11.81
12202.97 368.36 0.01506 35.04 5.18
13210.43 382.22 0.00653 31.95 0.58
14392.40 400.11 0.00576 24.48 -1.54
15825.38 422.35 0.00537 18.52 -2.21
30907.72 869.02 0.00620 -10.98 -1.00
