900.00 299.32 9.91458
0.00 299.32 9.91458 -3.66 -2.42
204.07 299.32 9.91458 -6.29 -3.86
444.01 299.53 9.81030 -7.56 -3.84
689.14 299.82 9.63989 -8.11 -3.31
939.75 300.84 8.09811 -8.76 -0.95
1196.51 301.49 7.65639 -7.52 0.93
1459.61 302.23 7.45810 -6.19 1.99
1729.65 303.37 7.16613 -4.83 3.18
2292.60 305.65 6.51319 -1.27 4.48
2889.78 308.49 5.66336 3.18 2.89
3525.76 311.21 3.67760 7.11 2.25
4206.52 313.94 2.70825 11.38 3.11
4938.84 316.80 2.17762 14.03 2.67
5733.29 320.44 1.56035 17.04 1.73
6603.52 324.07 0.86424 18.67 0.75
7564.41 326.99 0.50242 19.58 2.23
8638.83 330.24 0.32940 21.84 8.77
9863.33 334.16 0.15462 26.36 17.33
10548.15 336.37 0.08564 25.93 17.59
11304.29 349.36 0.03369 32.49 11.56
12174.20 368.27 0.01554 32.70 5.13
13180.85 382.08 0.00633 30.45 1.92
14362.66 399.93 0.00560 24.05 -1.35
15796.97 423.07 0.00523 18.89 -2.90
30890.42 868.95 0.00619 -11.40 -0.01
