825.00 302.98 9.43124
0.00 302.98 9.43124 -1.64 -1.38
59.58 302.98 9.43124 -2.21 -1.69
318.07 303.50 9.11459 -3.15 -2.08
583.08 304.20 9.10725 -4.01 -1.71
855.11 305.45 8.19829 -5.20 -1.06
1422.13 307.94 6.13412 0.11 0.45
2023.50 310.71 4.58992 7.52 0.82
2663.50 312.87 3.52711 10.15 2.42
3347.95 316.01 1.81138 9.61 2.03
4084.76 318.74 1.40955 9.72 2.38
4882.93 321.56 0.82671 10.89 2.77
5754.38 324.24 0.61608 10.11 3.30
6716.09 327.54 0.24926 9.78 4.02
7791.83 330.25 0.19775 12.42 6.97
9015.62 334.45 0.07350 16.28 14.26
9702.28 338.14 0.04549 16.29 14.05
10461.63 349.73 0.02766 23.80 12.26
11330.67 367.97 0.01529 29.47 11.17
12337.57 382.02 0.00668 29.96 7.20
13516.88 399.27 0.00649 24.06 2.25
14945.54 419.77 0.00583 17.26 -0.63
30006.52 873.15 0.00614 -13.17 -0.81
