850.00 300.46 9.74146
0.00 300.46 9.74146 -2.67 -1.33
201.98 300.46 9.74146 -5.37 -2.10
452.74 300.89 9.43599 -7.34 -2.15
709.78 301.81 9.14780 -8.50 -1.11
973.57 303.01 8.91523 -7.66 0.24
1244.53 304.27 8.43690 -5.56 0.90
1809.56 306.82 6.18612 -0.17 0.56
2408.64 309.45 5.00964 4.68 0.57
3047.01 312.41 3.88376 8.04 1.22
3730.13 315.09 2.91662 9.19 1.90
4465.39 318.00 2.14661 9.92 2.76
5262.28 321.12 1.35970 11.77 3.37
6133.20 324.17 0.71705 13.68 3.96
7094.68 327.42 0.46054 13.24 5.62
8170.50 330.35 0.30038 14.19 9.01
9393.42 333.97 0.10159 17.29 15.39
10079.06 337.52 0.05283 18.07 16.39
10836.52 348.99 0.02979 25.98 13.46
11704.90 368.14 0.01568 31.15 10.69
12712.97 382.74 0.00661 30.94 6.19
13896.52 400.58 0.00618 23.82 0.29
15326.90 420.15 0.00565 17.22 -0.65
30396.09 871.71 0.00616 -13.00 -1.06
