800.00 303.43 10.47716
0.00 303.43 10.47716 -0.06 0.82
163.83 303.43 10.47716 -0.43 1.34
428.91 304.30 8.69004 0.30 1.26
701.28 306.16 8.01148 2.53 0.13
1270.80 309.57 6.99006 6.59 -1.89
1874.48 310.79 6.52075 7.88 -3.06
2517.24 314.64 5.73510 6.37 -3.25
3205.97 317.31 4.70038 2.58 -2.31
3946.42 320.05 3.73733 1.19 -1.05
4749.23 323.72 2.80272 1.16 1.53
5629.22 328.01 1.85010 1.12 5.39
6602.90 331.91 1.16565 3.15 11.93
7691.88 333.89 0.57001 8.19 13.27
8930.39 337.39 0.24809 12.34 18.65
9620.97 340.22 0.10211 16.86 20.26
10392.91 357.45 0.01846 32.05 16.53
11271.48 366.63 0.00757 33.63 13.42
12268.14 377.59 0.00672 27.64 6.91
13430.69 391.73 0.00751 18.15 4.88
14840.48 417.06 0.00672 12.45 -2.61
29808.24 871.90 0.00616 -13.03 0.92
