900.00 300.48 9.80871
0.00 300.48 9.80871 -4.23 -2.04
152.33 300.48 9.80871 -6.81 -3.14
393.19 300.58 9.81906 -7.99 -3.16
639.12 300.75 9.76075 -8.79 -2.93
890.30 300.88 9.54316 -9.71 -1.39
1147.37 301.91 8.57778 -8.28 1.40
1411.05 302.87 8.02339 -6.74 3.02
1681.71 304.04 7.37871 -4.99 4.30
2246.08 306.29 6.70243 -1.40 4.76
2844.13 308.91 5.99611 2.24 2.49
3481.18 311.62 4.04408 5.77 1.78
4163.10 314.53 2.84302 10.17 2.38
4896.68 317.25 2.07401 12.94 2.16
5691.81 320.52 1.40361 15.65 1.62
6561.79 323.94 0.76780 17.63 1.38
7522.40 326.98 0.49825 18.72 3.50
8597.48 330.74 0.37160 21.23 9.74
9823.92 334.56 0.18753 25.93 18.15
10509.15 336.23 0.09248 26.17 19.20
11264.47 349.02 0.03056 31.79 12.70
12134.02 368.47 0.01503 34.09 6.80
13142.10 382.45 0.00648 31.46 1.68
14323.60 399.55 0.00577 24.38 -1.33
15754.96 422.42 0.00541 19.05 -1.96
30837.50 868.95 0.00619 -11.47 -0.87
