925.00 298.16 9.44464
0.00 298.16 9.44464 -4.29 -1.38
163.53 298.16 9.44464 -6.55 -1.77
397.67 298.13 9.45384 -7.53 -1.44
636.73 298.86 8.60024 -8.26 1.05
881.45 299.94 8.29435 -6.00 2.10
1131.96 300.57 7.35972 -5.04 1.05
1388.41 301.49 5.49831 -4.34 0.79
1651.18 302.44 4.21399 -2.93 0.80
1920.82 303.39 3.80819 -0.63 1.04
2482.28 305.09 4.43193 3.61 1.96
3077.96 308.12 4.72121 8.35 0.43
3712.67 310.66 3.35672 10.96 0.71
4391.31 312.62 2.66297 11.27 2.40
5121.18 316.23 1.64326 12.29 1.95
5913.72 319.63 1.55576 17.30 -0.62
6781.83 323.22 1.22743 20.68 -4.15
7740.43 326.23 0.63256 20.77 -4.05
8811.72 329.39 0.29015 26.45 0.94
10036.48 334.32 0.14538 35.96 9.98
10721.70 336.81 0.07029 36.29 10.29
11478.96 350.25 0.03688 37.18 5.68
12349.12 366.90 0.01525 34.23 1.19
13353.58 382.61 0.00602 30.75 -0.97
14538.81 401.09 0.00543 22.78 -2.18
15975.26 422.27 0.00512 18.78 -2.84
31083.18 870.75 0.00616 -9.81 0.27
