825.00 307.01 9.49711
0.00 307.01 9.49711 -1.59 2.21
6.92 307.01 9.49711 -1.80 2.46
268.69 307.47 9.29210 -2.27 3.85
537.04 307.42 8.95861 -1.66 4.80
811.62 307.85 8.61839 -0.95 5.38
1383.10 309.96 6.71166 2.70 3.81
1987.93 312.03 5.46697 5.50 0.37
2630.74 314.01 4.45518 6.86 -0.94
3317.48 316.80 2.83075 6.78 -0.62
4056.36 319.50 1.83399 7.18 0.06
4856.72 322.50 1.41536 10.19 0.31
5731.84 325.80 1.06828 13.21 1.35
6698.67 329.50 0.89651 12.94 3.37
7782.32 333.29 0.54935 12.44 10.99
9017.93 336.46 0.23103 20.22 21.74
9705.76 337.50 0.11664 22.60 23.27
10469.90 355.40 0.02279 33.20 15.13
11348.26 368.28 0.00780 37.38 9.65
12348.54 378.07 0.00811 32.29 4.11
13515.27 394.98 0.00669 22.20 2.31
14933.52 418.37 0.00632 15.45 -3.35
29945.83 871.28 0.00614 -11.68 1.15
