925.00 299.92 9.54678
0.00 299.92 9.54678 -5.08 -1.50
97.18 299.92 9.54678 -7.08 -1.95
332.79 299.93 9.38719 -8.44 -1.91
573.13 299.95 9.27030 -9.21 -1.16
818.45 300.18 9.13886 -8.95 0.91
1069.29 300.82 8.86979 -6.56 3.17
1326.41 301.96 8.46703 -3.70 3.33
1590.07 302.90 7.20533 -2.88 1.45
1860.54 304.00 5.83474 -2.54 0.97
2424.35 306.64 3.72881 2.12 4.05
3021.97 308.61 4.92692 6.99 4.43
3658.54 311.46 3.33899 9.57 1.00
4338.58 313.27 2.55381 9.66 1.08
5069.81 317.04 1.49785 11.14 -0.16
5864.76 320.58 0.74507 15.83 -2.44
6733.95 323.39 0.59593 18.52 -3.66
7692.78 326.37 0.37003 18.57 -2.91
8765.26 329.89 0.28264 24.32 -0.72
9993.64 335.80 0.21438 38.53 10.09
10680.95 337.33 0.09199 39.41 10.84
11439.29 350.59 0.03266 37.54 6.46
12309.50 367.34 0.01585 36.05 1.88
13314.57 381.90 0.00653 32.06 -1.07
14495.61 399.28 0.00571 24.86 -0.72
15924.16 420.57 0.00539 20.61 -3.38
31010.47 870.26 0.00618 -9.99 -1.17
