800.00 309.56 7.05015
0.00 309.56 7.05015 0.30 1.02
122.03 309.56 7.05015 0.24 1.17
391.81 309.62 6.85993 0.53 1.44
668.02 309.92 6.65463 1.22 1.57
1241.62 310.97 6.49633 6.01 2.12
1848.31 312.79 6.11199 8.98 2.53
2493.13 314.86 4.50531 8.18 1.68
3181.07 317.26 1.75853 8.07 1.72
3919.92 319.34 0.98623 9.03 1.65
4719.13 322.14 0.65052 8.64 1.45
5592.98 325.42 0.61408 8.22 2.14
6558.82 328.83 0.71344 7.55 5.97
7640.07 332.74 0.51721 8.73 12.01
8873.69 335.67 0.22315 6.39 23.37
9562.18 340.30 0.04955 12.57 20.42
10332.54 356.60 0.02205 24.92 16.63
11213.96 369.70 0.00666 30.52 14.94
12216.44 378.64 0.00693 28.52 8.50
13386.32 395.93 0.00704 18.08 3.23
14801.67 415.74 0.00674 14.21 -1.86
29794.91 868.10 0.00619 -11.01 -0.08
