875.00 306.36 9.02215
0.00 306.36 9.02215 -2.92 3.50
198.39 306.36 9.02215 -4.65 5.86
448.84 306.17 8.91719 -4.74 6.47
704.36 306.30 8.87664 -4.59 6.59
965.79 306.44 8.64116 -4.48 7.17
1233.09 306.47 8.54698 -3.65 7.81
1506.70 306.76 8.29565 -1.49 7.61
2076.45 309.47 7.13879 2.81 2.54
2681.15 311.54 5.23653 2.52 0.50
3322.89 313.66 3.81410 3.08 0.51
4008.61 316.26 2.48028 4.91 0.08
4746.06 318.95 1.74234 7.67 -0.29
5545.04 321.99 1.08520 11.41 -0.28
6418.81 325.52 0.82182 15.00 0.94
7385.39 329.51 0.72089 16.45 2.42
8469.44 333.22 0.55341 17.60 9.08
9704.75 336.37 0.23078 27.12 20.27
10392.42 337.57 0.11488 29.64 21.10
11156.06 354.29 0.02398 36.61 12.01
12031.57 367.33 0.00947 39.63 7.41
13031.13 378.56 0.00879 32.99 3.90
14201.68 396.30 0.00655 22.20 1.06
15619.58 416.39 0.00640 16.53 -3.95
30638.82 873.69 0.00612 -11.92 1.27
