775.00 311.70 5.32487
0.00 311.70 5.32487 0.19 -0.63
54.75 311.70 5.32487 0.51 -0.70
332.67 312.21 5.14070 0.75 -1.19
909.22 312.18 5.07092 2.02 -0.89
1516.09 312.09 4.94789 5.48 0.60
2157.63 312.95 4.61386 8.17 1.52
2841.95 315.95 2.04371 9.14 0.99
3579.68 319.61 0.85852 9.97 1.74
4379.80 322.30 1.10437 9.43 2.94
5253.42 325.06 0.50372 9.84 4.43
6217.10 327.94 0.23479 11.28 4.70
7293.17 330.32 0.13211 14.24 7.61
8521.29 335.69 0.20074 17.76 24.88
9210.29 339.63 0.04178 18.91 17.42
9974.08 351.93 0.02445 24.60 11.37
10846.94 369.00 0.01424 30.18 11.93
11853.08 380.81 0.00752 27.73 7.02
13027.09 396.37 0.00646 21.74 2.32
14447.74 418.28 0.00621 17.00 -2.29
29484.16 873.06 0.00613 -12.97 1.06
