900.00 303.18 8.93393
0.00 303.18 8.93393 -4.31 -0.44
205.25 303.18 8.93393 -7.00 -0.23
448.01 302.94 8.96445 -7.58 0.20
695.46 302.50 8.88496 -7.79 1.17
948.49 303.48 8.80000 -7.46 2.69
1207.52 303.80 8.74663 -6.69 3.75
1472.73 304.37 8.49838 -4.81 5.16
1744.61 305.24 7.69343 -2.19 6.21
2311.71 308.19 5.08251 0.45 6.48
2912.69 310.13 5.13446 2.73 4.47
3551.52 312.44 2.53649 4.47 2.59
4234.19 315.18 1.40941 6.25 0.95
4968.63 317.91 1.28599 8.58 -0.51
5764.96 320.96 0.93611 11.40 -2.18
6635.34 324.05 0.74857 14.22 -1.93
7596.34 327.18 0.79302 17.29 -0.15
8673.61 332.06 0.49779 20.81 4.98
9907.65 336.24 0.22608 33.72 14.89
10595.17 337.25 0.11031 36.74 14.66
11353.50 350.61 0.03278 36.62 7.77
12225.54 368.98 0.01581 36.73 7.06
13234.23 382.45 0.00666 30.91 0.84
14410.74 396.26 0.00666 24.08 -0.10
15829.25 417.48 0.00605 20.25 -3.10
30883.20 873.43 0.00618 -11.70 -2.00
