850.00 306.62 9.42782
0.00 306.62 9.42782 -2.07 2.21
129.12 306.62 9.42782 -2.84 3.14
385.05 306.67 9.36728 -3.76 4.82
646.86 306.66 9.14274 -4.21 5.78
914.34 306.65 8.79106 -3.83 6.59
1188.28 307.33 8.30011 -2.95 7.29
1758.79 309.55 7.22604 1.57 4.11
2363.37 311.89 5.26979 4.75 0.64
3005.41 313.75 4.15640 5.86 0.10
3691.67 316.51 2.56679 6.49 -0.08
4429.63 319.21 1.40853 8.15 0.11
5229.38 322.35 1.10108 11.87 0.33
6103.91 325.69 0.81841 14.93 0.50
7070.74 329.38 0.61101 15.66 1.33
8153.70 333.05 0.53871 15.35 8.47
9388.91 336.31 0.23074 23.17 21.27
10076.43 337.56 0.11286 25.63 22.05
10839.96 354.26 0.02331 34.07 12.76
11715.31 367.45 0.01011 38.03 8.70
12714.88 378.28 0.00878 32.80 4.72
13883.49 395.85 0.00654 23.20 1.95
15304.14 418.28 0.00628 15.45 -3.77
30324.50 872.93 0.00614 -11.78 1.34
