925.00 297.48 10.08989
0.00 297.48 10.08989 -3.05 -2.21
26.78 297.48 10.08989 -3.40 -2.50
260.72 297.74 10.02728 -5.40 -3.48
499.46 297.90 9.90304 -6.10 -3.21
743.30 298.71 8.70012 -6.08 -1.39
993.23 300.20 6.17334 -5.58 0.49
1249.02 300.62 5.65274 -4.77 0.37
1511.00 301.32 5.13638 -3.70 0.17
1779.77 302.17 5.08231 -2.18 0.34
2339.96 304.41 5.78573 1.73 2.66
2934.83 307.57 5.34775 6.44 2.75
3568.54 309.92 3.44164 9.59 2.91
4246.11 312.55 2.89718 11.33 4.08
4976.39 316.27 2.57595 14.39 2.63
5769.95 320.05 1.93442 19.34 1.55
6640.05 324.25 1.21333 22.84 1.21
7601.35 326.74 0.66782 22.44 0.51
8672.97 328.93 0.35342 24.55 5.44
9893.04 333.26 0.13801 26.34 12.71
10577.34 337.03 0.09490 27.85 15.28
11335.83 350.56 0.03914 33.36 8.77
12205.84 367.21 0.01305 30.27 3.50
13211.01 382.54 0.00588 28.82 2.42
14395.52 401.15 0.00529 22.64 -1.90
15833.96 423.30 0.00509 18.09 -3.55
30949.07 871.62 0.00615 -11.51 1.42
