900.00 305.43 8.90724
0.00 305.43 8.90724 -3.54 1.98
129.96 305.43 8.90724 -4.85 2.86
374.60 305.35 8.86872 -5.17 3.46
624.16 305.30 8.89371 -5.08 3.66
879.00 305.32 8.89404 -5.01 3.95
1139.50 305.33 8.82802 -4.69 4.61
1405.81 305.31 8.74299 -3.97 5.49
1678.53 306.08 7.98368 -1.51 6.28
2247.34 309.11 5.56437 0.77 4.28
2850.56 311.14 5.59046 2.15 2.56
3491.18 312.99 3.66078 2.88 1.02
4175.15 315.40 2.66237 5.92 0.15
4911.22 318.62 1.07293 8.57 -1.31
5709.10 321.51 0.66967 11.56 -1.32
6581.14 324.86 0.63901 16.05 -0.37
7546.32 329.42 0.56644 20.46 1.60
8631.52 333.70 0.54202 22.16 7.43
9867.54 336.34 0.22988 31.22 16.95
10555.46 338.05 0.10877 34.16 17.32
11318.90 352.76 0.02475 38.27 8.57
12191.04 366.72 0.01149 40.94 6.16
13191.22 379.68 0.00858 32.39 3.21
14363.50 395.37 0.00657 22.89 -0.58
15778.08 416.77 0.00631 19.48 -4.43
30806.24 874.85 0.00613 -12.22 0.30
