800.00 309.58 7.39747
0.00 309.58 7.39747 0.31 0.54
121.23 309.58 7.39747 0.81 0.90
391.13 309.83 6.77343 1.36 1.11
667.52 310.20 6.45039 2.25 1.22
1241.42 311.11 6.05840 6.37 1.13
1848.09 312.86 5.68035 7.89 1.94
2492.78 314.69 4.49067 7.57 1.74
3180.26 316.98 2.39082 7.47 1.33
3918.91 319.19 1.56954 8.29 1.87
4717.74 321.68 1.13135 8.30 1.63
5590.36 325.02 0.86576 8.38 1.59
6555.38 328.66 0.74152 8.09 4.78
7635.79 332.31 0.50292 9.85 11.63
8868.55 335.82 0.21974 8.37 24.39
9556.73 339.76 0.05825 13.34 21.90
10325.67 355.89 0.02222 25.44 16.17
11206.07 369.81 0.00800 31.25 14.47
12210.02 379.38 0.00755 28.54 7.99
13381.38 396.06 0.00683 18.59 2.38
14797.29 416.16 0.00660 14.55 -1.48
29799.66 868.05 0.00618 -11.28 0.76
