800.00 305.63 9.04316
0.00 305.63 9.04316 -1.18 -0.66
10.29 305.63 9.04316 -1.61 -0.91
276.63 306.25 8.62591 -2.34 0.18
550.57 307.54 8.68745 -3.01 1.38
1121.26 309.59 6.18162 0.49 3.78
1724.56 311.09 4.78535 5.87 3.60
2365.49 313.61 4.08793 9.08 2.52
3051.77 316.68 2.70241 10.38 0.38
3790.80 319.80 1.67244 10.57 -0.20
4592.17 322.98 1.09821 11.83 0.81
5468.37 326.23 0.74839 13.45 1.75
6435.61 329.06 0.50258 12.65 1.95
7516.22 332.17 0.46513 13.95 6.32
8750.00 336.16 0.22620 17.80 21.76
9437.52 337.57 0.11236 21.20 22.41
10199.83 352.13 0.02368 29.24 11.33
11071.00 366.99 0.01358 34.61 10.09
12071.54 378.87 0.00890 31.33 6.30
13240.61 395.46 0.00648 23.79 2.43
14661.00 419.22 0.00613 17.31 -3.22
29692.98 872.78 0.00614 -11.97 1.20
