825.00 302.50 10.26415
0.00 302.50 10.26415 -0.52 -0.85
217.19 302.50 10.26415 -2.19 0.06
475.66 303.50 9.98742 -3.29 1.99
741.20 305.00 9.67957 -4.18 4.15
1014.33 306.54 9.06272 -4.09 5.82
1583.54 308.58 6.80292 0.18 5.09
2185.16 310.57 4.90903 5.30 2.97
2826.16 313.80 3.83317 8.99 1.28
3512.37 316.47 2.64814 9.97 -0.17
4250.68 319.46 1.57170 10.46 -0.42
5051.09 322.65 0.85329 12.37 0.58
5926.16 325.86 0.65034 14.26 1.96
6892.89 329.15 0.42887 14.46 2.65
7973.94 332.26 0.47313 15.91 5.43
9207.57 336.10 0.22276 19.62 19.60
9894.78 337.52 0.10820 23.38 20.69
10653.72 349.59 0.02545 28.81 10.23
11520.01 366.08 0.01543 34.88 10.29
12520.80 379.64 0.00839 32.00 6.80
13693.99 396.98 0.00648 24.92 1.94
15118.46 419.39 0.00607 17.03 -3.87
30157.12 873.85 0.00614 -12.15 0.43
