800.00 305.21 9.21159
0.00 305.21 9.21159 1.18 0.47
229.84 305.21 9.21159 2.23 0.54
496.27 305.64 8.82448 3.17 -0.38
769.58 306.99 7.87514 5.22 -2.01
1340.35 310.08 7.02965 5.57 -2.38
1944.46 311.05 6.36609 1.54 -0.69
2586.76 314.19 5.30856 -3.07 1.09
3274.88 317.13 4.01151 -2.60 1.37
4015.03 319.95 3.11382 -1.21 1.60
4817.27 323.56 2.59090 0.62 1.96
5696.83 327.85 1.81180 3.38 3.88
6670.57 331.99 1.17982 6.47 7.77
7761.22 334.47 0.58949 12.50 11.99
9000.71 337.68 0.25245 14.70 17.31
9691.90 340.57 0.11088 19.93 19.03
10465.11 358.08 0.01586 34.72 15.33
11343.83 366.64 0.00775 34.59 11.63
12341.36 377.76 0.00657 26.87 6.29
13502.33 390.84 0.00751 18.24 4.18
14909.62 415.98 0.00681 13.32 -2.66
29876.42 871.45 0.00615 -12.85 1.36
