775.00 308.09 8.48201
0.00 308.09 8.48201 0.30 1.40
116.94 308.09 8.48201 0.04 2.30
391.88 308.13 7.96639 0.62 3.28
963.24 309.75 6.63712 5.63 2.56
1567.38 311.62 5.88358 8.43 0.87
2210.03 314.13 4.94481 8.37 -0.22
2897.52 317.00 3.47086 8.81 -0.10
3637.41 319.97 2.15687 8.43 0.41
4438.91 322.82 1.77315 8.85 0.99
5314.67 325.92 1.40449 9.58 2.04
6281.89 329.77 1.04956 9.31 4.70
7366.55 333.46 0.54847 8.41 11.94
8602.27 336.57 0.23315 15.75 21.69
9290.40 337.22 0.12303 17.90 24.09
10054.13 355.37 0.02362 30.78 17.23
10933.52 368.73 0.00670 36.00 12.01
11934.46 378.29 0.00730 31.51 4.90
13101.54 394.64 0.00698 20.63 2.65
14516.58 417.72 0.00653 16.05 -2.78
29521.55 870.08 0.00617 -11.63 0.42
