775.00 308.57 7.56468
0.00 308.57 7.56468 0.63 0.73
189.27 308.57 7.56468 1.23 0.96
464.64 309.02 7.36282 2.66 1.47
1037.16 310.23 5.91341 7.80 0.95
1641.74 311.68 5.84720 8.00 1.14
2284.45 314.16 4.32737 8.76 1.22
2971.80 317.05 2.94604 8.74 0.95
3711.44 319.77 2.20974 8.28 1.05
4512.46 322.67 1.56618 8.09 0.85
5387.33 325.45 1.33484 8.24 1.47
6352.81 328.81 0.93324 8.17 3.53
7434.49 332.93 0.53211 9.12 11.95
8668.94 336.09 0.22492 13.34 23.37
9356.35 337.67 0.10548 16.61 24.62
10121.92 354.96 0.02334 28.94 15.81
11000.13 368.95 0.00862 34.24 12.45
12002.81 379.08 0.00806 30.29 6.13
13171.83 394.98 0.00669 20.28 2.04
14586.46 417.12 0.00646 16.86 -1.96
29600.76 869.51 0.00616 -11.54 1.06
