800.00 306.44 9.31080
0.00 306.44 9.31080 0.13 1.71
95.68 306.44 9.31080 0.34 2.27
363.21 307.28 8.28615 1.72 3.60
637.64 307.87 7.94804 2.90 3.18
1209.45 310.33 6.49146 5.88 1.32
1814.92 312.20 5.78994 6.02 -0.13
2458.90 314.91 4.62249 6.58 -1.69
3147.30 317.21 3.18478 6.31 -1.00
3886.96 319.66 2.37136 6.60 -0.18
4687.73 322.58 1.90539 8.03 1.01
5563.16 326.00 1.67987 9.14 3.36
6532.21 330.54 1.06156 9.06 7.97
7618.96 333.84 0.56405 10.45 14.37
8856.46 336.88 0.24151 17.99 20.67
9545.05 337.57 0.12184 19.82 23.03
10308.48 355.36 0.02249 31.90 17.41
11187.86 368.38 0.00630 36.00 11.81
12188.19 378.13 0.00661 30.93 4.00
13354.31 394.27 0.00732 20.18 3.45
14768.58 417.44 0.00660 14.92 -3.36
29762.80 870.89 0.00617 -12.06 0.15
