900.00 298.15 9.68339
0.00 298.15 9.68339 -1.84 -2.01
102.93 298.15 9.68339 -3.20 -3.04
341.98 298.38 9.47333 -4.82 -3.01
586.17 299.18 7.89547 -5.50 -2.43
835.99 300.02 5.60542 -5.63 -1.58
1091.50 300.30 5.76175 -4.81 -2.28
1353.27 301.03 5.67599 -3.49 -1.77
1622.02 302.36 5.69682 -1.57 -0.21
2182.74 304.63 5.92307 2.20 1.53
2777.89 307.54 4.89872 4.74 1.57
3411.55 310.02 3.93050 8.17 2.45
4089.96 313.17 3.40095 11.13 3.61
4821.42 316.48 2.66148 13.97 4.10
5615.00 319.99 1.97525 17.51 4.70
6484.21 323.85 1.35730 20.73 4.45
7444.77 326.66 0.79110 21.99 2.20
8515.34 328.36 0.39363 23.22 5.32
9733.12 332.97 0.14443 22.57 13.30
10417.68 337.61 0.08242 24.88 15.82
11178.10 351.49 0.03663 30.88 9.14
12050.10 368.18 0.01188 28.67 4.60
13058.17 383.43 0.00574 26.95 3.43
14243.71 400.97 0.00537 21.35 -0.57
15680.72 422.85 0.00511 18.12 -2.14
30790.78 872.96 0.00613 -12.42 1.09
