900.00 297.31 9.66063
0.00 297.31 9.66063 -1.36 -0.73
170.69 297.31 9.66063 -3.68 -1.02
409.21 297.99 8.89977 -4.37 0.63
653.07 298.91 8.22379 -3.26 0.77
902.68 299.44 7.73652 -2.14 0.17
1158.14 300.11 6.17022 -1.26 -0.89
1419.53 300.40 5.26891 -0.94 -1.01
1687.38 301.13 5.12260 -0.23 -0.73
2245.56 303.55 5.35215 2.29 -0.20
2837.96 306.10 4.31241 6.21 -0.66
3468.76 308.84 3.66617 8.25 -0.25
4144.60 312.16 3.10846 9.63 1.85
4873.84 315.80 2.52892 12.05 3.15
5666.09 319.62 1.93451 14.97 4.10
6534.36 323.62 1.37155 19.19 5.51
7494.49 326.74 0.81369 24.91 4.72
8564.29 327.37 0.35454 26.49 4.15
9778.66 332.37 0.14804 27.26 11.91
10462.61 337.62 0.07521 28.49 13.83
11222.83 350.94 0.03792 30.67 6.25
12094.16 368.56 0.01325 26.48 3.88
13104.99 384.74 0.00574 25.31 2.04
14294.75 402.54 0.00540 19.68 -0.84
15738.28 424.32 0.00507 15.80 -1.33
30861.45 877.36 0.00609 -12.55 0.57
