800.00 305.11 9.43386
0.00 305.11 9.43386 -1.11 -1.03
99.23 305.11 9.43386 -1.70 -1.56
365.49 305.81 8.98869 -2.40 -1.09
638.67 306.61 8.68452 -3.37 0.12
1207.60 308.63 6.83212 -0.11 2.46
1810.24 311.05 5.06388 6.20 2.80
2451.47 313.62 3.99608 10.26 1.86
3137.58 316.76 2.23388 10.69 1.05
3876.63 319.93 1.09972 11.64 1.01
4677.95 322.97 0.77191 12.11 2.33
5553.89 326.17 0.42607 12.84 3.21
6520.42 328.69 0.25978 12.49 3.03
7599.30 331.58 0.25613 16.47 6.06
8830.73 335.75 0.21952 18.58 22.49
9518.56 338.70 0.08377 21.80 20.71
10280.36 350.75 0.02475 26.27 10.40
11149.39 367.14 0.01516 32.29 11.00
12151.87 379.73 0.00825 29.89 7.16
13323.38 396.00 0.00654 23.64 2.67
14744.29 418.72 0.00616 17.97 -2.93
29783.45 873.17 0.00612 -12.47 0.80
