775.00 308.55 7.34229
0.00 308.55 7.34229 -1.25 -0.90
16.46 308.55 7.34229 -1.29 -0.86
291.70 308.87 7.20318 -1.54 -1.23
863.41 309.35 6.32657 -0.45 0.77
1466.69 311.65 4.82787 5.87 1.70
2109.09 313.75 4.15406 9.99 1.79
2794.61 316.42 2.39407 10.24 1.13
3533.56 320.01 0.86509 11.05 1.48
4334.91 322.91 0.86061 10.91 2.89
5210.37 325.80 0.44633 11.18 4.04
6175.90 328.33 0.28916 11.51 3.71
7253.20 330.85 0.23457 14.81 6.52
8482.39 335.64 0.21891 18.33 23.37
9170.62 339.12 0.06071 20.59 19.63
9933.34 351.40 0.02483 25.37 10.85
10804.52 368.20 0.01477 31.14 11.48
11809.03 380.30 0.00789 28.60 7.00
12981.61 396.03 0.00647 22.46 2.54
14401.65 418.27 0.00615 17.68 -2.45
29439.59 873.00 0.00613 -12.74 1.00
