825.00 309.05 8.99331
0.00 309.05 8.99331 0.04 1.32
78.22 309.05 8.99331 0.38 1.37
342.07 310.06 6.21066 1.57 3.39
612.32 310.63 5.65294 3.33 4.13
889.23 310.96 5.42331 5.28 4.18
1464.12 311.47 5.16554 6.79 2.11
2070.18 312.36 4.81320 6.68 -0.05
2712.58 313.67 4.13783 6.66 -1.58
3398.53 316.40 2.56316 6.14 -1.40
4136.61 319.28 1.51721 6.86 -1.14
4936.28 322.17 1.42984 7.63 0.66
5809.75 324.92 1.09061 8.97 3.62
6773.06 327.76 0.78480 9.25 4.61
7849.83 331.02 0.32368 12.29 8.91
9080.04 335.77 0.21250 12.93 25.85
9768.78 340.12 0.05328 16.90 21.33
10536.39 354.50 0.02213 26.01 13.95
11413.94 369.66 0.01188 31.09 13.09
12420.08 380.49 0.00817 27.65 6.80
13592.82 395.93 0.00650 19.88 1.82
15010.11 417.47 0.00633 15.75 -1.59
30029.91 870.46 0.00615 -12.16 1.73
