925.00 297.28 8.47897
0.00 297.28 8.47897 -2.79 -0.73
226.87 297.28 8.47897 -5.02 -0.81
460.27 297.35 8.38886 -5.83 -0.15
698.37 297.68 7.74207 -5.95 1.78
941.93 298.69 7.26087 -4.40 3.08
1191.29 299.21 6.86489 -3.65 2.01
1446.44 300.02 5.85143 -2.73 1.16
1708.08 301.05 4.57328 -1.20 0.47
1976.19 301.38 3.31179 -0.58 -0.09
2533.38 303.00 3.44985 0.73 -1.72
3124.57 305.86 3.71584 3.39 -1.34
3755.35 308.95 3.84169 7.91 -0.25
4431.65 312.19 3.19979 11.17 1.13
5160.51 315.46 2.46622 12.39 2.08
5951.10 318.75 1.81272 14.92 1.03
6817.76 323.10 1.30345 20.53 -0.77
7776.08 325.90 0.69610 25.91 -2.29
8844.95 328.11 0.31401 30.30 -0.51
10062.62 332.75 0.11142 31.37 6.16
10746.78 337.28 0.07233 35.03 8.83
11505.57 350.29 0.03972 35.08 1.81
12374.76 367.33 0.01316 30.68 1.07
13382.69 383.69 0.00581 27.90 -1.72
14568.93 401.55 0.00542 21.60 -2.94
16010.68 424.96 0.00505 17.41 -3.18
31151.38 874.22 0.00613 -10.78 0.99
