900.00 306.01 8.59847
0.00 306.01 8.59847 -3.01 3.21
93.96 306.01 8.59847 -4.04 4.72
338.95 305.92 8.63182 -4.19 5.05
589.05 305.83 8.72597 -4.20 5.23
844.33 305.77 8.72414 -4.15 5.33
1105.09 305.62 8.67817 -3.91 5.53
1371.78 305.87 8.65582 -3.58 5.73
1644.83 306.18 8.52560 -1.79 5.60
2213.51 308.96 6.72985 1.03 3.19
2817.34 311.50 5.69557 1.87 1.32
3458.70 313.31 3.86158 2.10 0.60
4143.35 315.64 2.67170 4.15 -0.38
4880.04 318.84 1.67102 7.42 -1.01
5678.63 321.80 0.94153 11.03 -1.23
6551.92 325.41 0.86383 15.75 0.29
7518.81 330.08 0.83117 17.41 2.94
8604.90 333.59 0.55984 19.28 9.33
9840.46 336.35 0.23028 29.84 18.08
10528.39 337.94 0.11347 32.61 19.03
11292.94 354.33 0.02381 38.43 10.52
12168.09 367.11 0.00919 40.65 6.12
13167.20 378.53 0.00884 32.96 3.19
14337.13 395.48 0.00661 22.23 0.35
15751.41 416.14 0.00641 18.51 -4.24
30770.80 873.93 0.00612 -12.01 1.03
