875.00 300.45 10.81252
0.00 300.45 10.81252 -2.90 -2.05
78.20 300.45 10.81252 -3.90 -2.50
324.34 301.24 9.79737 -8.14 -3.81
576.29 301.95 9.77803 -9.74 -2.48
834.19 302.73 9.64675 -8.62 -0.13
1098.97 304.14 9.04169 -6.24 1.25
1370.93 305.31 8.33027 -4.21 2.06
1937.03 306.82 6.24719 -0.03 1.14
2535.67 309.37 5.26885 3.39 0.36
3174.37 312.68 4.41855 6.48 0.82
3858.54 315.46 3.44375 9.08 1.48
4594.28 318.10 2.34844 9.99 2.33
5391.43 321.15 1.56244 10.74 3.25
6262.70 324.39 0.97016 12.46 4.12
7225.23 327.86 0.62462 13.41 6.15
8304.03 331.90 0.34466 16.49 9.15
9533.68 335.30 0.21122 21.19 17.78
10220.18 337.06 0.08561 22.70 18.54
10974.90 347.91 0.03186 26.28 13.79
11841.33 367.98 0.01459 33.23 10.96
12848.80 382.54 0.00661 31.87 5.28
14030.15 399.40 0.00646 24.46 0.24
15456.82 419.16 0.00583 18.42 -1.79
30517.75 871.33 0.00617 -12.58 -1.23
