925.00 299.11 9.56156
0.00 299.11 9.56156 -4.66 -1.87
147.14 299.11 9.56156 -6.93 -2.46
382.06 299.10 9.53771 -8.06 -2.32
621.81 299.54 9.02711 -8.99 -0.23
866.96 300.26 8.67705 -7.48 1.75
1117.82 301.02 8.15942 -5.53 2.04
1374.84 301.87 7.36710 -4.45 1.64
1638.24 302.93 5.38467 -3.56 1.22
1908.51 304.10 3.88432 -1.77 1.78
2471.30 305.73 4.17071 3.32 3.75
3067.65 308.19 5.14722 7.67 2.28
3703.32 311.16 3.20936 10.09 0.77
4382.93 313.18 2.47297 10.37 1.86
5113.83 316.61 1.56490 11.37 1.23
5907.23 320.01 1.06502 16.65 -0.97
6775.67 323.22 0.92614 19.41 -3.64
7734.15 326.26 0.47645 19.40 -3.60
8805.97 329.65 0.29316 25.29 0.57
10032.30 334.98 0.18670 37.99 10.91
10718.50 337.05 0.07522 37.73 10.73
11476.02 350.20 0.03373 37.64 6.34
12346.22 367.19 0.01621 35.20 1.39
13351.04 382.37 0.00625 31.39 -0.84
14535.40 400.57 0.00555 23.31 -1.50
15968.59 421.34 0.00525 19.42 -2.77
31064.99 870.21 0.00618 -9.79 -0.46
