800.00 308.68 7.65282
0.00 308.68 7.65282 -0.18 0.78
39.33 308.68 7.65282 0.17 0.20
308.47 308.41 8.23847 0.11 1.31
583.56 308.23 8.30604 0.29 2.15
1154.50 309.44 7.42727 6.11 1.68
1759.51 312.24 6.21833 10.95 -0.59
2404.36 315.53 4.65626 9.71 -3.42
3094.16 317.73 3.33030 7.38 -2.05
3835.02 320.06 2.62558 5.80 0.65
4636.73 322.65 2.40800 4.56 3.50
5513.36 326.42 1.74143 4.39 6.29
6482.79 330.43 1.16270 4.35 8.75
7570.67 334.78 0.58827 4.34 10.68
8809.03 336.54 0.23158 4.24 21.50
9500.47 342.41 0.04989 12.58 19.16
10274.91 357.55 0.02097 26.39 16.94
11154.96 367.48 0.00710 29.31 15.00
12151.57 377.07 0.00668 26.87 8.79
13314.93 392.91 0.00760 16.67 5.60
14723.86 416.68 0.00674 13.28 -2.80
29692.69 872.34 0.00616 -12.20 -0.11
