900.00 301.27 9.87636
0.00 301.27 9.87636 -2.98 -1.19
128.87 301.27 9.87636 -5.35 -1.55
370.46 301.60 9.35191 -8.24 -1.27
617.28 302.42 8.91284 -9.15 0.06
869.98 302.94 8.88197 -9.01 1.36
1128.54 303.31 8.79073 -8.37 3.31
1393.40 304.04 8.35464 -6.65 5.06
1665.10 305.03 7.78398 -4.27 6.34
2231.36 307.29 6.36700 -1.15 5.97
2830.66 309.45 5.34867 1.08 4.93
3468.96 312.34 3.26677 3.11 2.32
4151.62 314.94 2.06839 6.08 0.76
4886.04 317.67 1.78607 9.51 0.31
5681.75 320.64 1.32166 12.66 -0.03
6551.42 323.79 0.90737 15.70 0.39
7511.68 326.99 0.84113 17.05 3.27
8587.78 331.48 0.47353 16.75 6.87
9816.97 335.37 0.21399 27.31 12.48
10503.32 336.38 0.11643 34.28 17.92
11256.41 347.86 0.03577 35.24 11.22
12127.63 370.16 0.01336 37.21 6.78
13140.10 383.94 0.00646 31.46 -0.00
14323.18 399.13 0.00641 23.43 -0.55
15748.47 418.73 0.00582 18.28 -1.27
30809.60 871.72 0.00620 -11.36 -2.03
