800.00 309.22 7.46075
0.00 309.22 7.46075 -0.12 1.11
54.52 309.22 7.46075 0.33 0.72
323.94 308.79 7.76449 0.37 1.36
599.34 308.55 7.80366 0.30 1.79
1169.93 309.12 7.43233 5.52 0.99
1774.78 312.37 5.94113 11.18 -1.23
2419.71 315.54 4.28005 9.48 -3.24
3109.41 317.63 3.52766 7.09 -1.22
3850.14 319.95 3.01658 5.06 0.77
4651.87 322.77 2.55537 3.39 3.24
5529.49 326.92 1.71068 3.22 6.13
6499.79 330.48 1.15665 3.55 7.57
7587.85 334.72 0.59760 4.34 10.41
8826.11 336.62 0.21600 2.58 21.19
9519.64 344.36 0.04018 13.88 17.78
10297.85 358.63 0.01811 27.24 17.01
11178.21 367.05 0.00728 28.70 15.04
12173.54 376.70 0.00731 25.72 9.47
13335.17 391.95 0.00740 16.02 5.80
14741.95 416.51 0.00672 12.37 -1.92
29702.38 872.06 0.00615 -12.47 0.49
