925.00 296.34 10.45944
0.00 296.34 10.45944 -1.47 -1.37
129.93 296.34 10.45944 -2.67 -1.98
363.01 296.71 9.85794 -4.58 -1.24
600.98 297.25 9.54258 -5.17 0.50
844.38 298.26 8.70879 -4.08 2.87
1093.64 299.14 7.17996 -2.56 3.20
1348.84 299.91 6.44906 -2.69 2.27
1610.31 300.55 5.56748 -2.85 1.44
1878.19 300.85 5.32759 -2.52 1.23
2435.47 303.11 4.86604 0.04 -0.32
3027.10 305.93 4.50478 3.31 0.39
3658.16 309.02 3.99066 7.86 1.72
4334.15 312.09 3.20176 10.72 2.33
5063.09 315.75 2.52121 11.23 2.10
5854.68 319.17 1.86768 14.22 1.44
6721.85 323.21 1.31581 20.64 1.82
7680.86 326.22 0.75563 26.33 1.09
8749.95 327.79 0.34220 29.47 1.89
9966.61 332.62 0.13204 30.74 9.05
10651.02 337.82 0.08597 32.96 12.81
11412.00 351.52 0.03848 33.38 4.36
12283.38 367.75 0.01288 28.17 2.68
13291.00 383.47 0.00589 27.07 0.35
14477.09 401.42 0.00543 21.12 -2.19
15917.52 424.17 0.00511 17.33 -2.57
31053.37 875.01 0.00612 -11.75 1.33
