900.00 304.35 9.05267
0.00 304.35 9.05267 -4.16 0.65
168.93 304.35 9.05267 -6.04 1.38
412.68 304.09 9.14522 -6.48 1.94
661.06 303.66 9.18140 -6.46 2.19
914.93 304.18 9.15637 -6.38 2.79
1174.49 304.18 9.00009 -6.20 3.37
1439.91 304.37 8.77320 -5.13 4.61
1711.97 305.75 7.38649 -1.48 6.36
2280.19 308.72 5.09578 0.71 5.86
2882.16 310.54 5.13237 2.43 3.84
3521.71 312.87 2.43904 4.11 2.37
4205.27 315.45 1.68103 6.69 1.62
4940.37 318.13 1.41731 8.94 -0.28
5737.18 321.09 0.93548 11.24 -1.65
6607.97 324.22 0.82420 14.38 -1.58
7570.07 327.71 0.82697 18.45 0.08
8650.14 332.95 0.52948 22.83 5.51
9885.96 336.24 0.22504 33.41 16.44
10573.58 337.69 0.10562 35.70 15.19
11333.09 350.41 0.02687 36.90 7.71
12203.25 367.82 0.01513 38.73 8.00
13209.49 382.15 0.00694 30.89 2.10
14385.85 395.87 0.00664 23.40 -0.70
15802.47 416.92 0.00622 20.10 -3.74
30847.75 874.62 0.00615 -12.08 -1.39
