925.00 300.57 9.95778
0.00 300.57 9.95778 -4.78 -1.94
88.04 300.57 9.95778 -6.59 -2.55
324.12 300.51 9.87718 -8.01 -2.68
564.99 300.49 9.81251 -8.90 -2.09
810.85 300.84 9.47871 -9.04 0.00
1062.33 301.76 8.66753 -7.45 2.25
1320.10 302.68 7.67512 -6.17 2.82
1584.19 303.61 5.90720 -4.99 3.24
1855.06 304.55 4.64606 -3.29 4.04
2419.07 306.21 5.12057 0.53 5.58
3016.36 308.58 5.33058 4.83 4.38
3653.20 311.72 3.01742 7.40 1.13
4333.75 313.64 2.53200 7.98 1.59
5065.80 317.01 1.26682 11.36 0.33
5860.04 320.30 0.81311 15.65 -0.76
6729.02 323.56 0.60606 18.05 -1.36
7688.41 326.53 0.43510 19.10 -0.48
8761.15 329.92 0.37694 24.19 3.33
9987.43 335.04 0.21092 33.92 13.39
10673.78 336.83 0.09680 36.85 15.37
11430.43 349.77 0.03478 36.99 8.24
12301.56 368.25 0.01530 35.59 2.41
13308.41 382.36 0.00646 32.00 -0.54
14492.37 400.65 0.00565 23.43 -1.16
15924.13 420.93 0.00542 18.80 -2.06
31006.92 869.79 0.00619 -10.29 -1.22
