900.00 306.04 8.89660
0.00 306.04 8.89660 -3.68 2.77
77.86 306.04 8.89660 -4.78 3.72
322.82 305.79 8.78293 -5.31 4.41
572.73 305.82 8.68298 -5.52 4.96
828.01 305.82 8.64634 -5.39 5.33
1088.80 305.74 8.75288 -5.06 5.70
1355.54 305.81 8.66053 -4.20 6.32
1628.59 306.33 8.20976 -1.37 6.51
2197.65 309.25 6.43755 1.55 3.57
2801.67 311.38 5.26529 2.17 2.07
3442.51 313.26 3.33138 2.71 1.19
4127.14 315.81 2.34189 5.36 0.47
4863.67 318.64 1.43665 8.19 -0.61
5661.58 321.47 0.85498 11.49 -0.67
6533.57 324.81 0.71017 15.83 0.37
7498.49 329.25 0.51674 20.03 1.68
8582.37 333.31 0.53857 21.30 6.96
9817.98 336.25 0.22870 30.14 18.70
10505.70 337.90 0.10953 32.81 18.79
11268.88 352.85 0.02452 37.46 9.47
12141.28 366.82 0.01172 40.33 7.11
13142.02 379.88 0.00855 32.30 3.85
14315.88 396.30 0.00654 22.22 -0.29
15731.84 416.23 0.00634 18.58 -4.15
30760.00 875.00 0.00612 -12.15 0.53
