925.00 295.28 11.13284
0.00 295.28 11.13284 -1.05 -0.24
20.94 295.28 11.13284 -1.05 0.17
253.10 296.02 9.75089 -3.56 0.99
490.54 296.76 9.38981 -4.53 2.27
733.60 297.87 8.47383 -3.42 3.45
982.63 299.00 7.21642 -1.43 3.56
1237.68 299.72 6.15294 -0.89 2.51
1498.84 300.14 5.57931 -1.25 2.12
1766.38 300.57 5.30983 -1.41 1.67
2323.16 302.79 4.42882 -0.60 -0.92
2913.57 305.32 3.96999 1.02 -1.13
3543.15 308.47 3.74393 4.47 -0.05
4218.27 311.89 3.20858 8.74 0.96
4946.49 315.36 2.46674 10.72 3.11
5737.34 319.03 1.86287 12.20 3.46
6603.75 322.81 1.28456 17.44 3.65
7561.79 326.16 0.78431 25.77 3.89
8630.78 327.16 0.34803 29.60 2.34
9843.82 331.91 0.14965 32.73 8.55
10527.87 338.40 0.07368 34.06 11.47
11290.23 351.87 0.03786 32.29 4.15
12163.04 368.73 0.01371 26.27 2.59
13173.11 384.20 0.00585 25.27 0.15
14361.34 402.14 0.00547 19.83 -1.52
15803.96 424.68 0.00513 16.29 -1.83
30943.74 877.25 0.00609 -12.35 0.70
