875.00 299.35 9.61624
0.00 299.35 9.61624 -3.37 -2.38
171.10 299.35 9.61624 -6.19 -4.42
415.90 299.53 9.52519 -7.97 -4.47
666.33 300.26 8.88041 -8.58 -3.13
922.81 301.27 7.95592 -8.04 -1.48
1185.85 302.28 7.83002 -5.70 -0.68
1456.10 303.60 7.53697 -2.68 -0.13
2019.76 305.96 5.88418 1.99 0.79
2617.36 309.03 4.66324 4.47 1.57
3254.51 311.70 3.81087 7.88 1.66
3936.05 314.25 3.22223 9.99 2.53
4669.39 317.11 2.55094 11.91 3.24
5464.45 320.50 1.64283 14.97 3.78
6334.30 323.87 0.97671 17.34 3.65
7294.68 326.74 0.67312 16.78 4.03
8367.32 329.43 0.34798 17.19 8.59
9587.79 333.25 0.11864 17.99 14.68
10272.51 337.37 0.06485 20.95 17.19
11030.69 349.88 0.03672 28.37 12.55
11901.00 368.51 0.01513 30.67 7.69
12910.05 383.49 0.00608 29.17 4.43
14095.73 400.53 0.00557 22.10 -1.03
15528.16 421.73 0.00534 18.07 -1.01
30617.99 870.87 0.00616 -12.58 -0.27
