800.00 309.98 6.45674
0.00 309.98 6.45674 0.29 0.99
224.56 309.98 6.45674 1.36 1.93
494.61 310.17 6.33825 2.34 2.24
771.23 310.50 6.00084 3.65 2.34
1345.77 311.39 5.46580 6.77 1.35
1952.26 312.67 5.17158 6.50 1.06
2596.08 314.36 3.86274 6.67 0.34
3282.80 316.54 2.60724 6.05 0.08
4020.76 318.96 1.86983 7.23 0.36
4819.43 321.57 1.53936 8.00 1.30
5691.60 324.69 1.07634 8.48 2.29
6655.37 328.05 0.78076 8.38 4.35
7733.13 331.33 0.34796 10.96 9.62
8963.65 335.77 0.21128 9.87 25.77
9652.65 340.43 0.04518 14.88 20.89
10421.43 355.28 0.02155 25.20 15.05
11300.71 369.97 0.01042 30.71 14.04
12306.50 380.22 0.00813 27.72 7.61
13479.18 396.14 0.00651 19.22 1.89
14896.37 417.11 0.00646 14.71 -1.32
29907.40 868.98 0.00618 -11.79 1.55
