775.00 307.45 8.57295
0.00 307.45 8.57295 0.37 1.70
245.83 307.45 8.57295 0.52 2.82
520.18 307.37 8.62602 1.26 3.34
1091.30 310.13 6.73428 6.77 1.43
1696.62 312.10 5.87471 7.32 0.39
2340.50 314.94 4.62427 7.77 -1.07
3029.10 317.36 3.05455 7.44 -0.68
3769.15 319.88 2.25332 7.19 0.01
4570.37 322.72 1.90754 8.02 1.32
5446.13 326.01 1.63809 8.65 3.44
6414.98 330.47 1.04918 8.40 7.76
7501.45 333.80 0.55945 9.19 13.73
8738.70 336.80 0.23945 16.30 20.79
9427.18 337.40 0.12209 18.05 23.33
10190.46 355.24 0.02297 30.75 17.69
11069.69 368.40 0.00620 35.51 12.45
12069.92 378.11 0.00658 30.95 4.60
13236.24 394.30 0.00728 20.02 3.43
14650.16 417.39 0.00662 15.30 -3.19
29645.34 870.74 0.00616 -11.97 0.00
