875.00 299.02 10.15606
0.00 299.02 10.15606 -2.60 -2.50
99.35 299.02 10.15606 -4.38 -4.05
344.05 299.24 9.91284 -7.18 -4.97
594.28 300.18 9.19586 -8.91 -3.37
850.78 301.30 8.43677 -7.72 -1.22
1113.98 302.33 8.14229 -5.51 -0.31
1384.28 303.70 7.41886 -2.79 0.00
1947.84 305.98 5.46570 1.07 0.28
2545.12 308.79 4.84881 3.28 0.78
3181.89 311.52 3.86633 7.26 0.68
3863.08 314.16 3.07540 9.71 1.92
4596.40 317.26 2.36217 11.79 3.23
5392.04 320.83 1.47421 14.85 4.37
6262.75 324.17 0.92705 17.24 4.11
7223.73 326.78 0.67595 15.68 4.18
8295.95 329.12 0.30166 16.54 8.46
9515.41 332.91 0.10003 16.62 13.52
10199.52 337.33 0.06378 20.62 15.82
10957.95 350.09 0.03828 26.54 11.82
11828.72 368.51 0.01470 29.38 8.19
12837.82 383.65 0.00600 28.52 5.43
14024.73 401.12 0.00555 21.85 -0.68
15459.19 422.13 0.00531 17.00 -0.91
30546.27 871.82 0.00614 -12.60 -0.44
