850.00 301.86 11.23467
0.00 301.86 11.23467 0.06 -0.81
133.48 301.86 11.23467 -1.24 -0.31
386.11 302.93 9.97096 -2.84 1.74
645.13 303.99 9.57247 -4.12 4.40
911.11 305.52 9.39581 -4.89 6.43
1184.29 306.51 8.61283 -4.24 7.65
1753.32 308.60 6.89328 0.10 5.57
2354.97 310.52 4.89800 4.33 3.10
2995.79 313.66 3.87799 7.74 1.61
3681.74 316.37 2.72715 8.83 0.20
4419.65 319.21 1.74659 9.76 -0.24
5219.47 322.40 0.96278 12.41 0.32
6093.95 325.67 0.71098 14.96 1.50
7060.56 329.28 0.48291 15.69 2.27
8142.11 332.44 0.51669 16.08 5.05
9375.99 336.06 0.22230 20.94 18.49
10062.95 337.31 0.10820 24.71 19.94
10821.39 349.50 0.02601 30.10 10.03
11687.62 366.13 0.01521 35.84 10.03
12688.72 379.91 0.00824 32.33 6.47
13863.19 397.41 0.00647 24.84 1.52
15288.37 419.21 0.00610 16.53 -4.04
30326.01 874.14 0.00613 -12.10 0.32
