875.00 305.94 8.77968
0.00 305.94 8.77968 -0.61 3.10
70.78 305.94 8.77968 -0.71 4.42
321.06 305.89 8.78695 -1.08 6.31
576.24 305.81 8.60281 -1.03 6.64
837.05 306.08 8.43234 -1.32 6.89
1104.07 306.33 8.32384 -1.64 6.98
1377.71 307.05 8.02249 -0.93 6.26
1948.02 309.73 7.21004 3.22 2.24
2552.80 311.67 5.73258 3.35 -0.25
3195.28 314.14 4.21152 2.68 -1.10
3882.10 316.62 2.84493 4.22 -0.94
4620.46 319.38 1.87496 6.95 -0.86
5420.84 322.61 1.38128 10.39 -0.72
6296.32 325.95 1.43830 11.39 0.56
7264.58 330.14 1.02177 11.37 4.77
8350.90 333.83 0.56774 14.31 12.71
9587.84 336.68 0.23636 24.52 20.02
10276.18 338.03 0.11823 26.97 21.50
11041.24 355.89 0.02139 36.45 14.83
11920.83 368.32 0.00633 38.27 8.04
12920.70 377.63 0.00733 32.12 2.54
14086.20 394.77 0.00700 21.06 2.68
15500.73 416.18 0.00662 15.77 -4.06
30501.42 871.41 0.00615 -11.91 1.06
