900.00 298.23 10.19557
0.00 298.23 10.19557 -2.61 -2.72
22.71 298.23 10.19557 -2.38 -2.79
261.77 298.68 9.51406 -5.76 -4.95
506.21 299.10 9.37747 -7.54 -4.51
756.37 300.50 6.51097 -7.82 -2.84
1012.39 300.70 6.40398 -6.95 -1.88
1274.67 301.60 6.60066 -4.97 -1.18
1544.16 303.06 6.57353 -2.40 0.11
2106.64 305.30 6.11441 1.98 1.16
2703.09 308.41 4.63764 3.85 1.71
3338.58 310.85 3.90429 7.91 2.36
4018.60 313.67 3.35790 10.95 3.25
4750.85 316.71 2.68676 13.45 3.76
5544.96 320.14 1.88671 16.60 4.38
6414.40 323.86 1.21430 19.41 4.00
7374.89 326.71 0.75344 19.49 2.77
8446.58 328.99 0.38736 20.13 7.12
9665.88 333.13 0.13403 20.03 14.18
10350.45 337.47 0.07396 22.95 16.80
11109.75 350.78 0.03786 29.92 11.24
11981.23 368.46 0.01324 29.83 5.86
12989.92 383.44 0.00586 27.90 3.67
14175.05 400.49 0.00544 21.67 -0.69
15609.56 422.39 0.00515 18.40 -1.79
30710.14 871.47 0.00614 -12.44 0.50
