925.00 301.15 9.55687
0.00 301.15 9.55687 -5.39 -1.38
47.90 301.15 9.55687 -6.94 -1.63
284.41 301.08 9.39789 -8.77 -1.62
525.59 301.07 9.40659 -9.25 -1.22
771.77 301.07 9.34388 -9.50 0.19
1023.30 301.67 8.94066 -7.61 3.37
1281.07 302.60 8.61535 -4.72 4.61
1545.26 303.40 7.44427 -3.39 3.33
1816.31 304.90 5.61394 -2.37 3.02
2381.87 307.40 4.37105 1.34 5.78
2980.89 309.17 4.92577 5.05 4.92
3618.10 311.58 3.15667 7.24 1.42
4298.70 313.73 2.03660 7.76 0.33
5030.67 317.33 1.40959 9.90 -0.78
5826.28 320.84 0.59382 14.44 -2.90
6696.03 323.72 0.40185 17.06 -2.85
7655.70 326.61 0.36947 18.01 -1.57
8729.25 330.28 0.35668 23.46 0.43
9959.06 336.15 0.22073 36.12 11.77
10646.63 337.32 0.10472 38.96 12.67
11405.62 350.98 0.03341 37.12 6.88
12276.95 367.93 0.01615 35.53 3.00
13283.35 381.95 0.00665 32.24 -0.74
14462.25 398.36 0.00608 25.07 -0.05
15887.03 419.55 0.00563 20.68 -3.06
30961.83 870.84 0.00619 -10.50 -1.84
