800.00 307.20 8.59764
0.00 307.20 8.59764 0.14 1.70
15.53 307.20 8.59764 0.07 1.48
283.29 307.35 8.57782 0.14 2.58
557.61 307.47 8.29484 0.76 2.90
1128.74 310.12 6.73880 7.17 1.39
1733.90 311.95 6.02485 8.51 0.14
2377.45 314.76 4.69946 8.89 -0.80
3065.97 317.39 3.08132 8.32 -0.45
3806.28 320.05 2.18812 7.88 0.28
4608.01 322.89 1.85463 8.05 1.56
5484.02 326.05 1.53391 8.01 3.34
6452.69 330.32 1.05682 7.48 7.25
7538.66 333.73 0.56263 7.76 13.06
8775.54 336.70 0.23558 14.60 20.91
9463.83 337.48 0.11941 16.52 23.52
10227.82 355.35 0.02319 29.79 17.81
11107.10 368.46 0.00619 34.90 12.95
12107.28 378.09 0.00657 30.84 5.16
13273.85 394.36 0.00728 19.72 3.38
14687.16 417.10 0.00665 15.70 -3.06
29682.90 870.54 0.00616 -11.87 -0.14
