925.00 298.88 10.20284
0.00 298.88 10.20284 -3.54 -2.53
84.13 298.88 10.20284 -5.05 -3.64
318.92 298.75 10.14039 -6.07 -3.82
558.39 298.77 10.11969 -6.53 -3.65
802.88 299.22 9.55404 -7.32 -1.73
1053.32 300.82 6.63194 -7.24 0.81
1309.70 301.24 5.99535 -6.09 1.40
1572.36 302.08 5.66111 -4.74 1.39
1841.87 302.81 5.75857 -3.50 1.44
2403.41 305.00 5.92159 0.27 3.61
2999.17 308.01 5.38307 5.75 2.87
3633.90 310.50 3.20346 8.85 2.46
4312.57 313.06 2.27968 11.83 3.67
5043.29 316.39 2.27413 14.59 2.70
5837.02 320.21 1.78697 18.84 0.87
6707.53 324.35 0.97193 20.82 -0.49
7668.96 326.94 0.57776 20.66 0.45
8742.33 329.71 0.31759 23.73 6.50
9965.46 333.81 0.14320 27.91 14.79
10649.92 336.56 0.08678 28.55 15.41
11406.67 349.60 0.03806 34.05 9.88
12276.02 367.27 0.01506 32.03 3.33
13280.37 381.97 0.00605 30.23 1.84
14463.97 400.97 0.00550 23.48 -2.03
15901.59 423.19 0.00508 18.28 -3.63
31006.76 869.86 0.00617 -10.96 0.80
