800.00 304.27 10.22412
0.00 304.27 10.22412 1.01 0.39
133.13 304.27 10.22412 1.74 0.44
398.72 304.70 8.85238 2.69 0.38
671.34 306.54 7.68387 5.10 -1.41
1241.86 310.21 6.98935 6.80 -2.69
1845.97 310.61 6.31899 3.86 -1.73
2488.22 314.28 5.52922 -1.19 0.46
3176.54 317.22 4.38747 -2.12 1.01
3916.74 319.85 3.36948 -1.50 1.28
4718.96 323.62 2.69082 0.32 1.90
5598.95 327.97 1.84242 2.72 3.51
6572.23 331.76 1.15922 5.38 7.52
7662.25 334.23 0.57769 11.35 12.78
8901.02 337.59 0.24987 14.35 17.48
9592.01 340.36 0.10936 19.26 19.45
10365.02 358.00 0.01667 34.12 15.75
11243.79 366.65 0.00774 34.38 12.17
12241.27 377.84 0.00661 27.05 6.32
13403.05 391.22 0.00752 18.03 4.43
14811.26 416.25 0.00677 12.85 -2.60
29778.11 871.55 0.00615 -12.95 1.25
