800.00 307.66 9.17531
0.00 307.66 9.17531 -0.92 0.72
52.58 307.66 9.17531 -0.98 0.79
320.82 307.42 9.11717 -0.51 1.50
595.30 307.58 8.95953 0.30 2.14
1165.86 309.29 7.76489 6.19 1.13
1770.98 312.24 6.52265 10.90 -1.22
2415.59 315.34 5.03230 10.31 -3.78
3105.27 317.62 3.76530 7.66 -2.48
3846.00 319.97 2.97421 5.73 0.28
4647.91 322.90 2.52190 4.05 3.75
5525.81 327.11 1.79092 3.32 7.60
6496.95 330.77 1.12850 3.19 10.21
7584.88 334.76 0.60547 4.84 10.70
8824.06 336.91 0.24218 5.96 20.73
9514.79 341.44 0.06672 12.58 19.93
10287.85 357.26 0.02100 27.26 17.00
11167.24 367.22 0.00716 30.24 14.91
12163.59 377.10 0.00671 27.17 8.54
13326.75 392.63 0.00759 16.97 5.59
14735.78 416.99 0.00674 13.16 -2.83
29704.86 872.41 0.00615 -12.47 0.09
