875.00 298.50 10.14410
0.00 298.50 10.14410 -2.30 -2.43
39.26 298.50 10.14410 -3.12 -3.23
283.60 298.96 9.63968 -6.69 -4.95
533.66 299.97 9.29012 -9.04 -3.68
789.96 301.11 8.54922 -8.20 -1.38
1053.03 302.26 8.19235 -6.13 -0.13
1323.33 303.69 7.29471 -3.47 0.21
1886.76 305.87 5.39168 0.52 0.04
2483.64 308.65 4.86331 2.80 0.40
3120.25 311.43 3.93891 6.69 0.56
3801.16 314.12 3.00960 9.63 1.67
4534.48 317.34 2.25457 11.97 3.03
5330.27 320.87 1.45083 14.84 4.39
6201.12 324.21 0.92207 17.28 4.15
7162.14 326.75 0.66120 15.69 4.06
8234.16 329.02 0.27746 16.58 8.16
9453.47 332.91 0.09202 16.31 12.97
10137.62 337.32 0.06753 20.29 14.95
10895.90 350.12 0.03895 25.73 11.28
11767.08 368.63 0.01433 28.71 8.29
12776.38 383.71 0.00599 28.09 5.83
13963.60 401.29 0.00549 21.82 -0.40
15399.18 422.58 0.00528 16.64 -0.93
30485.39 872.27 0.00614 -12.53 -0.52
