800.00 306.46 10.17540
0.00 306.46 10.17540 -1.24 0.89
182.04 306.46 10.17540 -1.71 1.68
449.57 306.86 9.38219 -0.64 2.06
723.87 307.65 8.80752 1.18 2.13
1295.48 310.10 7.38514 6.70 0.95
1901.28 312.46 6.41229 10.69 -1.36
2545.84 314.94 5.37133 10.02 -3.60
3234.78 317.30 3.87111 7.80 -2.52
3975.18 320.00 2.66132 6.61 0.31
4776.89 322.81 2.18990 5.73 3.35
5653.74 326.48 1.80373 5.16 6.53
6623.89 330.72 1.10082 4.53 10.06
7711.38 334.50 0.58877 5.07 11.42
8950.00 336.84 0.24062 8.27 20.68
9639.51 339.91 0.08293 12.50 21.42
10409.11 356.45 0.02249 26.95 17.38
11288.54 367.77 0.00694 31.06 14.75
12286.53 377.55 0.00638 28.26 7.53
13451.57 393.57 0.00760 17.55 5.02
14862.18 416.64 0.00673 14.22 -3.48
29839.62 872.07 0.00615 -12.18 -0.41
