800.00 308.35 7.84107
0.00 308.35 7.84107 -0.32 1.41
111.01 308.35 7.84107 0.03 2.02
379.77 308.33 7.96180 0.14 2.36
654.94 308.68 7.77051 0.82 2.17
1227.97 310.72 6.92311 7.52 1.85
1834.23 312.58 6.45709 10.61 0.44
2479.18 315.05 4.88902 9.28 -1.64
3167.65 317.30 2.79890 8.37 -0.48
3907.52 319.85 1.87787 8.46 1.12
4708.31 322.43 1.40492 8.16 2.53
5583.03 325.54 1.23341 7.15 4.75
6549.83 329.58 1.02512 7.01 7.94
7635.06 334.18 0.57399 5.35 12.53
8872.15 336.19 0.22914 7.36 21.72
9560.84 339.99 0.07014 12.39 21.44
10330.69 356.56 0.02293 25.95 17.49
11211.40 368.78 0.00632 30.92 14.80
12211.33 377.91 0.00631 28.86 7.63
13378.66 394.89 0.00748 17.78 4.20
14791.00 415.71 0.00678 14.93 -3.05
29776.45 870.43 0.00618 -11.45 -0.86
