875.00 305.08 10.69195
0.00 305.08 10.69195 -1.19 0.86
32.51 305.08 10.69195 -1.23 0.58
282.14 305.71 9.23393 -3.35 2.92
537.53 306.20 8.98446 -4.40 4.70
798.97 306.42 8.74093 -5.03 6.00
1066.20 306.43 8.62350 -4.70 6.90
1339.79 306.73 8.37960 -3.64 7.87
1909.23 309.03 7.24960 1.41 4.94
2512.68 311.27 5.05927 3.53 2.54
3153.96 313.58 3.97188 4.90 2.28
3839.74 316.27 2.63320 6.40 1.30
4577.18 318.94 1.59118 8.46 0.64
5376.24 322.03 1.05275 12.19 0.21
6249.81 325.41 0.78088 15.59 -0.06
7216.23 329.42 0.48822 17.75 0.14
8298.78 332.83 0.54337 16.25 5.81
9533.38 336.13 0.22772 24.46 19.88
10220.59 337.52 0.10921 27.27 20.41
10982.44 352.34 0.02479 33.71 10.73
11853.87 366.78 0.01273 37.83 8.98
12854.15 379.21 0.00878 32.61 5.61
14026.54 396.87 0.00647 23.78 1.47
15449.32 418.38 0.00617 15.67 -4.07
30477.63 874.18 0.00612 -11.93 0.93
