925.00 297.65 9.09549
0.00 297.65 9.09549 -3.58 -1.03
159.88 297.65 9.09549 -6.03 -1.35
393.68 297.84 8.63042 -7.84 -0.48
632.33 298.36 8.10798 -7.73 1.43
876.45 299.22 7.84958 -5.85 2.77
1126.40 300.01 7.36939 -4.40 1.83
1382.29 300.77 6.03359 -3.50 0.91
1644.57 301.81 4.40592 -2.27 0.05
1913.50 302.30 4.18614 -0.88 -0.21
2473.00 304.15 4.48994 2.16 0.10
3067.05 307.29 4.56169 6.91 -0.18
3700.53 309.99 4.05424 11.39 0.30
4378.92 312.64 3.04458 12.45 2.32
5108.39 315.71 2.27942 11.92 2.46
5899.98 319.29 1.92077 16.85 -0.36
6767.61 323.05 1.33509 21.30 -4.18
7725.90 326.12 0.70010 22.52 -4.17
8796.40 328.97 0.30295 28.20 -0.07
10018.61 333.63 0.10992 33.60 7.32
10703.17 336.92 0.06537 36.43 9.26
11461.30 350.64 0.03600 37.00 3.83
12331.51 366.89 0.01340 33.13 0.70
13336.53 382.84 0.00575 30.01 -1.54
14521.60 401.25 0.00536 22.63 -2.75
15960.14 423.26 0.00513 18.63 -2.96
31080.55 871.76 0.00615 -9.92 0.80
