850.00 299.76 9.89533
0.00 299.76 9.89533 -2.25 -2.02
179.28 299.76 9.89533 -4.74 -3.79
430.00 300.35 9.54013 -7.72 -3.47
686.63 301.44 9.02081 -7.99 -1.52
950.11 302.69 8.74185 -6.93 -0.37
1220.84 304.10 7.89409 -4.98 0.63
1785.26 306.45 5.67601 -0.08 0.65
2383.42 309.25 4.80512 4.24 0.71
3021.18 312.07 3.68363 7.09 0.95
3703.54 314.83 2.71698 8.86 1.63
4438.21 317.88 1.96121 10.57 2.82
5235.03 321.22 1.09707 13.57 3.73
6106.22 324.25 0.68327 15.02 3.95
7067.12 326.84 0.54655 12.97 4.73
8140.31 329.47 0.22950 14.26 8.35
9361.05 333.16 0.08844 15.14 12.65
10045.61 337.58 0.06029 18.89 14.89
10803.79 349.49 0.03626 25.01 12.22
11673.90 368.42 0.01604 29.29 9.70
12682.43 383.05 0.00631 29.24 6.46
13867.61 400.93 0.00576 23.01 0.02
15300.84 421.81 0.00544 16.77 -0.46
30378.50 872.13 0.00616 -12.75 -0.93
