800.00 307.71 7.96969
0.00 307.71 7.96969 0.05 1.04
17.01 307.71 7.96969 0.07 1.13
285.18 308.24 7.65410 0.84 1.92
560.27 308.71 7.17143 2.02 2.09
1132.31 309.99 6.26893 7.18 1.45
1736.91 311.80 6.11043 9.15 0.89
2379.82 314.30 4.91335 10.11 0.30
3067.61 317.15 2.95301 9.75 0.18
3807.45 319.95 1.92814 9.18 0.72
4609.06 322.96 1.39065 8.83 1.03
5484.74 325.89 1.16619 7.97 1.48
6451.60 329.34 0.99870 7.50 4.58
7534.81 333.28 0.53969 7.08 12.42
8770.12 336.33 0.22833 12.86 22.26
9457.84 337.65 0.11208 15.72 24.31
10223.26 355.47 0.02343 29.13 17.14
11102.64 368.88 0.00701 34.64 12.93
12104.10 378.51 0.00733 30.80 5.88
13272.15 394.84 0.00690 19.79 2.49
14685.81 416.77 0.00655 16.54 -2.32
29691.19 869.40 0.00618 -11.49 0.30
