925.00 297.08 9.53358
0.00 297.08 9.53358 -2.06 -1.25
171.79 297.08 9.53358 -3.81 -1.61
405.14 297.24 9.39603 -4.87 -1.12
643.32 297.51 9.06699 -5.36 0.50
886.84 298.49 8.15299 -4.47 3.19
1136.26 299.38 7.32214 -3.47 3.22
1391.64 300.12 6.56671 -3.29 2.17
1653.36 300.88 5.41546 -2.70 1.05
1921.47 301.00 5.11113 -2.26 0.52
2478.50 302.95 4.57405 0.34 -1.38
3069.98 305.91 4.31601 3.59 -0.43
3701.01 308.99 3.99448 8.34 1.07
4376.95 312.04 3.16490 11.17 1.86
5105.88 315.71 2.46258 11.60 1.71
5897.17 319.00 1.83057 14.07 0.85
6764.11 323.21 1.32339 20.67 0.75
7723.12 326.15 0.73270 26.37 -0.07
8792.32 328.03 0.32730 29.83 1.58
10009.68 332.74 0.12375 30.76 8.45
10694.19 337.68 0.08276 33.59 11.66
11454.36 351.03 0.03925 33.75 3.45
12324.52 367.27 0.01321 28.98 2.13
13331.48 383.40 0.00580 27.67 -0.35
14517.42 401.40 0.00542 21.38 -2.49
15958.30 424.56 0.00505 17.45 -2.76
31096.35 874.55 0.00612 -11.38 1.23
