925.00 298.17 9.73210
0.00 298.17 9.73210 -3.38 -1.78
172.88 298.17 9.73210 -5.08 -2.39
407.10 298.23 9.65347 -5.74 -2.25
646.09 298.24 9.64098 -6.35 -1.23
890.31 299.45 8.07437 -5.85 1.60
1140.29 299.89 6.86756 -4.86 2.35
1396.18 301.07 5.57630 -4.47 1.76
1658.69 302.04 4.76073 -4.01 0.87
1927.82 302.41 4.46391 -2.90 0.31
2487.68 304.09 5.47951 1.89 1.43
3081.76 307.30 5.25763 7.18 1.89
3715.39 309.96 3.22003 10.73 2.55
4392.55 312.45 2.52573 11.97 3.65
5122.43 316.19 2.36334 13.48 1.59
5915.55 319.80 1.96121 18.67 -1.02
6784.68 323.88 1.27086 23.07 -1.86
7745.25 326.55 0.66556 22.58 -1.48
8816.63 329.09 0.31172 26.38 4.16
10038.18 333.35 0.12902 29.66 11.51
10722.18 336.64 0.08771 31.88 13.15
11479.91 350.42 0.04095 35.04 6.81
12349.66 366.79 0.01340 31.73 2.45
13354.01 382.58 0.00588 29.85 0.54
14539.19 401.34 0.00534 22.38 -2.82
15977.93 423.29 0.00506 18.00 -3.35
31096.15 871.50 0.00614 -10.59 1.17
