925.00 297.04 8.89898
0.00 297.04 8.89898 -1.70 -0.60
189.54 297.04 8.89898 -3.78 -0.42
422.79 297.08 8.77957 -4.53 0.08
660.76 297.21 8.55178 -4.91 1.22
903.95 298.28 7.49428 -3.80 3.38
1153.15 299.12 6.83699 -2.82 2.67
1408.22 299.79 6.23498 -2.13 1.91
1669.66 300.71 4.77835 -1.14 1.37
1937.52 300.95 4.33002 -0.86 0.65
2494.37 302.82 3.65078 0.03 -2.19
3084.65 305.27 3.30382 1.27 -2.30
3714.21 308.63 3.45237 5.90 -1.11
4389.76 312.04 3.04049 9.81 -0.21
5118.21 315.31 2.48861 12.04 1.73
5908.63 318.63 1.82139 12.94 2.27
6774.25 322.64 1.26182 17.99 1.41
7731.86 325.85 0.75179 26.75 0.56
8800.24 327.48 0.32244 30.62 0.06
10015.46 332.53 0.12972 32.79 6.61
10700.54 338.48 0.07127 34.63 9.40
11461.47 350.51 0.04058 33.37 2.71
12330.50 367.47 0.01496 28.34 1.81
13338.89 383.90 0.00596 26.60 -1.32
14526.05 401.83 0.00551 20.81 -2.29
15969.13 425.49 0.00510 16.79 -2.81
31115.58 875.64 0.00610 -11.61 0.71
