875.00 306.75 8.79089
0.00 306.75 8.79089 -3.36 2.55
211.24 306.75 8.79089 -5.43 4.77
461.91 306.54 8.97489 -5.53 5.25
717.84 306.54 8.82526 -5.40 5.66
979.26 306.50 8.74188 -5.12 6.13
1246.59 306.36 8.68810 -4.72 6.87
1520.00 306.50 8.38602 -2.45 7.74
2089.23 309.22 7.24164 2.34 3.62
2693.68 311.33 5.20008 1.87 2.26
3334.81 313.46 3.73422 3.38 2.22
4020.18 316.13 2.44740 5.67 1.32
4757.22 318.71 1.68210 8.02 0.47
5555.43 321.56 1.08948 11.62 0.03
6427.75 324.93 0.76998 15.55 0.38
7393.05 329.19 0.44669 19.33 0.64
8475.78 332.88 0.54173 19.02 6.47
9710.99 336.30 0.22948 27.36 20.10
10398.61 337.71 0.11002 29.95 20.21
11161.28 352.73 0.02472 35.54 10.41
12033.42 366.91 0.01222 39.03 8.41
13034.16 379.62 0.00866 32.52 5.02
14208.07 397.07 0.00644 22.79 0.63
15628.52 417.02 0.00630 16.41 -4.13
30656.01 874.71 0.00613 -12.01 0.79
