875.00 300.50 10.95255
0.00 300.50 10.95255 -2.66 -1.74
14.65 300.50 10.95255 -2.78 -1.69
260.45 301.18 9.90685 -6.47 -3.00
512.19 301.84 9.64912 -8.72 -2.59
770.12 302.47 9.73395 -8.46 -0.85
1034.64 303.90 9.31272 -6.73 0.44
1306.47 305.25 8.49107 -4.97 1.47
1872.91 307.06 6.56725 -0.90 1.65
2471.73 309.28 5.29431 3.23 0.65
3109.90 312.37 4.43587 7.01 0.69
3793.55 315.31 3.42882 9.64 1.39
4529.07 318.04 2.34035 10.33 2.37
5326.13 321.14 1.53657 10.94 3.36
6197.31 324.33 0.96226 12.38 4.18
7159.65 327.74 0.61301 12.97 5.97
8237.79 331.63 0.28353 15.62 8.70
9466.58 335.21 0.19270 21.91 18.56
10153.33 337.31 0.07409 21.61 18.01
10908.56 348.09 0.02973 25.92 13.71
11776.12 368.12 0.01459 32.76 11.13
12783.74 382.52 0.00664 31.62 5.76
13965.19 399.58 0.00646 24.32 0.60
15392.36 419.07 0.00582 18.08 -1.74
30453.09 871.55 0.00617 -12.78 -1.12
