900.00 297.64 9.83268
0.00 297.64 9.83268 -1.47 -2.26
122.17 297.64 9.83268 -2.93 -3.63
360.82 298.22 9.05540 -4.91 -3.77
604.95 299.19 7.71651 -5.58 -2.87
854.62 299.83 5.80747 -5.70 -2.06
1110.03 300.14 5.95404 -4.96 -2.28
1371.77 301.13 5.84690 -3.70 -1.62
1640.72 302.62 5.69628 -1.68 -0.20
2201.60 304.51 5.72642 1.95 0.87
2796.47 307.47 4.65598 4.77 1.00
3430.10 310.04 3.96659 8.37 1.86
4108.49 313.13 3.41289 11.17 3.32
4839.79 316.45 2.64361 13.94 4.28
5633.40 320.03 1.96402 17.38 5.00
6502.63 323.86 1.35588 20.49 4.84
7463.19 326.69 0.80620 21.95 2.57
8533.79 328.28 0.38522 23.14 5.43
9751.26 332.86 0.13712 21.91 13.41
10435.62 337.55 0.07693 24.62 15.67
11196.09 351.49 0.03620 30.32 9.10
12068.24 368.37 0.01152 28.44 4.92
13077.03 383.75 0.00569 26.69 3.54
14263.48 401.21 0.00538 20.91 -0.54
15700.85 422.78 0.00510 17.81 -1.81
30809.28 873.34 0.00613 -12.49 0.93
