875.00 306.62 8.85299
0.00 306.62 8.85299 -2.73 3.53
131.92 306.62 8.85299 -4.02 5.46
382.61 306.48 8.86479 -4.43 6.43
638.47 306.45 8.74919 -4.46 6.84
899.95 306.67 8.51994 -4.31 7.35
1167.45 306.71 8.48653 -4.08 7.83
1441.22 306.94 8.18817 -2.38 7.67
2011.20 309.56 7.14742 2.91 2.59
2616.10 311.62 5.32764 3.05 0.25
3257.92 313.69 3.91894 3.81 0.25
3943.74 316.27 2.53767 5.39 0.07
4681.22 318.99 1.62661 8.01 -0.12
5480.43 322.11 1.07802 11.69 -0.07
6354.50 325.61 0.80996 14.83 0.90
7321.18 329.38 0.66781 16.29 2.02
8404.80 333.17 0.55265 16.97 9.00
9640.11 336.36 0.23143 25.93 20.78
10327.73 337.53 0.11422 28.39 21.58
11091.26 354.28 0.02386 35.83 12.36
11966.77 367.37 0.00963 39.17 7.86
12966.29 378.46 0.00883 33.00 4.18
14136.43 396.29 0.00657 22.55 1.36
15555.55 416.95 0.00633 15.95 -3.92
30574.89 873.50 0.00612 -11.88 1.31
