875.00 298.21 9.69757
0.00 298.21 9.69757 -2.20 -2.61
101.83 298.21 9.69757 -3.91 -4.23
345.88 298.58 9.20302 -7.59 -5.33
595.53 299.77 8.58889 -8.72 -3.83
851.43 300.61 7.51270 -7.93 -1.74
1113.94 301.79 7.29447 -5.89 -0.32
1383.60 303.01 6.88393 -3.12 0.04
1945.75 305.19 5.35123 0.89 -0.26
2541.36 308.03 4.54579 3.74 0.10
3176.45 310.67 3.69394 8.45 0.40
3855.62 313.34 3.01220 11.30 2.13
4587.44 316.87 2.41320 13.93 3.88
5382.19 320.47 1.86733 16.12 5.21
6252.49 324.14 1.23362 19.48 4.45
7213.97 326.94 0.74240 19.02 3.53
8285.39 328.64 0.32125 19.67 7.50
9503.52 332.78 0.09611 18.16 13.17
10187.37 337.11 0.06795 21.48 14.79
10946.16 350.70 0.03739 26.92 9.93
11817.85 368.68 0.01199 27.94 7.05
12827.81 384.26 0.00569 26.98 4.99
14016.45 401.86 0.00541 20.73 -0.54
15455.09 423.14 0.00514 16.42 -1.38
30549.30 873.17 0.00613 -12.36 -0.04
