925.00 297.56 8.77773
0.00 297.56 8.77773 -3.13 -1.00
176.05 297.56 8.77773 -5.38 -1.27
409.70 297.65 8.54653 -6.74 -0.60
648.08 297.97 8.02090 -6.91 1.30
891.91 298.90 7.78053 -5.26 3.00
1141.52 299.57 7.46150 -4.26 2.05
1397.08 300.42 6.21678 -3.56 0.98
1659.11 301.51 4.43464 -2.13 0.03
1927.63 301.84 3.46983 -1.31 -0.52
2485.83 303.47 3.92185 0.98 -1.04
3078.35 306.45 4.50130 5.31 -0.61
3710.38 309.43 4.05069 10.41 0.55
4387.47 312.31 3.02548 12.36 2.40
5116.50 315.57 2.40666 12.13 2.35
5907.76 319.19 1.92925 15.98 -0.19
6775.44 323.27 1.34192 21.81 -2.47
7734.20 326.08 0.68774 24.37 -3.11
8804.00 328.58 0.32731 29.30 0.46
10023.62 333.05 0.10423 31.12 7.03
10707.72 336.97 0.07131 35.31 9.50
11466.15 350.64 0.03806 35.71 2.69
12336.11 367.03 0.01224 31.76 1.06
13342.30 383.21 0.00574 29.10 -1.39
14527.88 401.39 0.00542 22.04 -3.01
15968.10 424.16 0.00505 17.96 -3.04
31099.17 872.94 0.00614 -10.35 1.08
