825.00 302.91 10.27925
0.00 302.91 10.27925 -1.03 -0.89
65.08 302.91 10.27925 -1.80 -0.95
323.85 303.79 10.04994 -2.71 -0.29
589.39 304.62 9.55946 -3.36 1.59
862.34 306.51 9.35891 -3.85 3.53
1431.56 308.66 6.66751 0.45 4.11
2033.51 310.69 4.86500 6.18 3.00
2674.46 313.72 3.89530 9.56 1.54
3360.66 316.58 2.48430 10.60 0.12
4099.31 319.68 1.34090 11.17 -0.12
4900.15 322.81 0.79679 12.40 1.08
5775.78 326.08 0.54762 13.70 2.36
6742.66 329.04 0.36230 13.43 2.81
7823.20 332.06 0.38486 16.02 5.77
9056.32 336.02 0.22417 18.93 20.88
9743.68 337.86 0.10419 22.59 21.06
10503.55 349.88 0.02493 27.74 10.30
11370.34 366.23 0.01538 33.92 10.53
12371.23 379.50 0.00841 31.42 7.04
13543.41 396.55 0.00650 24.72 2.30
14966.71 419.31 0.00607 17.50 -3.60
30006.03 873.57 0.00613 -12.24 0.55
