925.00 298.60 10.00634
0.00 298.60 10.00634 -4.23 -1.79
139.93 298.60 10.00634 -6.24 -2.19
374.55 298.60 9.94262 -7.08 -2.02
613.87 298.83 9.33333 -7.72 -0.42
858.75 300.39 7.34067 -6.42 1.21
1109.44 300.82 6.53923 -5.77 1.54
1365.95 301.80 4.79986 -4.87 1.83
1628.99 302.85 4.39683 -3.38 1.78
1898.91 303.39 4.34889 -1.56 1.44
2460.33 304.86 5.42610 2.50 2.18
3055.73 308.00 5.05778 8.07 1.79
3690.61 310.67 2.90206 10.05 1.79
4368.94 312.80 2.41606 10.82 3.19
5099.46 316.42 1.74855 13.12 1.89
5892.50 319.74 1.69012 17.72 -0.54
6761.25 323.66 1.13549 20.83 -2.85
7721.10 326.51 0.62300 20.47 -2.49
8793.13 329.51 0.29668 25.63 3.36
10017.22 334.10 0.15063 32.98 12.44
10702.09 336.59 0.07904 33.65 12.61
11458.64 349.64 0.03975 36.36 7.31
12327.88 366.81 0.01544 33.60 1.93
13331.93 382.46 0.00596 30.94 0.05
14517.52 401.37 0.00543 22.70 -2.55
15955.04 422.67 0.00509 18.23 -3.08
31062.09 870.34 0.00616 -10.10 0.49
