900.00 299.12 9.60818
0.00 299.12 9.60818 -3.51 -2.45
181.20 299.12 9.60818 -6.49 -4.01
420.94 299.41 9.40482 -7.73 -4.05
665.99 299.82 9.26986 -8.50 -3.49
916.51 300.61 8.41502 -8.84 -1.40
1173.06 301.27 7.88042 -7.58 0.48
1436.05 302.17 7.67002 -6.09 1.70
1706.10 303.41 7.23888 -4.49 2.84
2269.20 305.79 6.54589 -0.44 3.65
2866.74 308.47 5.65902 3.17 2.53
3502.87 311.34 3.91914 6.97 2.59
4183.88 314.01 2.95221 11.29 3.34
4916.41 316.84 2.30574 13.71 2.84
5710.85 320.39 1.59288 16.69 2.09
6580.93 324.00 0.87437 18.74 1.23
7541.62 326.92 0.51672 19.28 2.59
8615.71 330.12 0.32846 20.95 8.99
9839.55 334.10 0.14582 24.99 17.30
10524.47 336.47 0.08446 24.54 17.75
11280.82 349.53 0.03396 31.89 11.80
12151.13 368.50 0.01538 32.33 5.60
13158.49 382.31 0.00628 30.12 2.25
14340.40 399.73 0.00558 23.80 -1.22
15773.84 422.95 0.00524 19.09 -2.62
30867.24 869.08 0.00617 -11.67 0.00
