825.00 303.82 9.10330
0.00 303.82 9.10330 -1.19 1.33
215.74 303.82 9.10330 -2.07 2.25
475.23 304.30 8.61930 -1.54 2.89
741.05 305.62 8.05809 0.15 1.59
1014.61 307.54 7.63273 3.00 0.25
1586.17 310.29 6.67434 7.36 -1.24
2191.43 312.26 6.09643 9.67 -3.34
2835.67 314.81 5.00434 8.65 -3.43
3524.09 317.10 3.76394 6.88 -1.75
4264.04 319.89 2.94284 5.78 0.79
5065.98 323.23 2.40103 4.67 3.91
5944.39 327.30 1.80250 3.44 8.81
6916.72 331.18 1.10877 3.62 13.62
8004.19 334.21 0.58292 7.24 12.78
9242.86 336.92 0.23940 11.57 20.14
9931.91 339.33 0.09900 15.11 21.67
10700.64 356.41 0.02126 29.26 17.30
11579.41 367.38 0.00711 32.65 14.12
12577.25 377.67 0.00636 28.60 6.59
13741.58 392.94 0.00767 18.25 4.93
15152.23 417.07 0.00672 13.95 -3.45
30129.53 872.19 0.00615 -12.59 -0.00
