925.00 296.82 10.19244
0.00 296.82 10.19244 -1.34 -1.45
3.03 296.82 10.19244 -1.39 -1.24
236.42 297.35 9.36947 -3.50 -2.68
474.80 298.22 8.40577 -4.41 -2.06
718.91 299.18 7.35549 -3.76 -1.76
968.35 299.36 6.33160 -3.47 -1.86
1223.45 299.82 5.66040 -3.24 -2.27
1484.81 300.71 5.46530 -2.52 -1.54
1753.33 302.16 5.33743 -1.02 -0.51
2312.75 303.83 5.64208 2.01 0.21
2906.14 306.64 4.54465 6.24 -0.48
3538.07 309.24 3.86493 8.83 0.11
4214.62 312.42 3.26630 11.24 2.11
4944.50 316.08 2.52490 13.92 3.77
5737.67 320.03 1.94963 16.92 4.77
6606.83 323.87 1.37290 19.75 5.54
7567.29 326.75 0.80816 23.56 4.05
8637.45 327.65 0.35905 24.88 4.95
9853.34 332.65 0.13165 23.85 13.16
10537.39 337.55 0.07095 26.05 14.68
11297.87 351.26 0.03657 29.75 7.27
12169.71 368.47 0.01200 26.93 4.50
13179.88 384.50 0.00562 25.66 3.07
14369.03 402.24 0.00538 19.84 -0.88
15810.22 423.56 0.00506 16.50 -1.23
30923.90 875.85 0.00610 -12.49 0.68
