850.00 300.48 9.59341
0.00 300.48 9.59341 -2.33 -1.46
106.93 300.48 9.59341 -4.18 -2.43
357.77 300.95 9.71707 -6.37 -2.64
614.68 301.89 9.32023 -7.38 -1.54
878.56 303.15 9.09122 -7.21 -0.46
1149.63 304.38 8.44661 -6.18 0.50
1714.76 306.83 5.90281 -0.21 0.62
2313.99 309.71 4.78963 5.82 0.61
2952.67 312.56 3.51490 8.87 1.41
3636.10 315.34 2.50858 9.19 1.88
4371.76 318.24 1.82496 9.92 2.77
5169.09 321.31 1.08354 12.05 3.39
6040.31 324.26 0.62890 13.22 3.91
7001.79 327.37 0.41674 11.99 5.41
8077.20 330.14 0.26649 13.32 8.65
9299.46 333.78 0.08687 16.06 14.09
9984.89 337.62 0.05048 17.56 15.56
10743.02 349.19 0.03006 25.31 13.06
11611.50 368.03 0.01613 30.37 10.75
12619.27 382.57 0.00669 30.53 6.58
13802.20 400.50 0.00616 23.89 0.69
15233.10 420.50 0.00563 17.02 -0.49
30302.13 872.14 0.00616 -13.01 -1.05
