900.00 300.59 11.11043
0.00 300.59 11.11043 -2.60 -1.34
123.71 300.59 11.11043 -5.23 -2.29
364.89 301.38 9.89721 -8.16 -1.68
611.62 302.15 9.31697 -9.33 -0.83
864.30 302.83 9.14490 -9.68 0.94
1122.74 303.23 9.31273 -8.54 3.65
1387.69 304.16 8.81028 -6.18 5.82
1659.57 305.12 8.13297 -3.41 7.01
2225.45 306.81 6.33255 -0.35 5.25
2824.55 309.77 4.94894 1.00 3.44
3463.63 312.67 3.66320 3.30 1.84
4147.11 315.12 2.87464 6.89 1.30
4881.88 317.62 2.35186 9.81 1.43
5677.73 320.70 1.56297 12.37 1.39
6547.96 324.10 0.95623 15.09 2.22
7509.85 327.72 0.74547 17.20 5.28
8587.86 331.98 0.51508 15.24 8.20
9818.23 335.50 0.21376 23.73 13.83
10504.68 336.42 0.12114 29.51 19.24
11256.43 346.38 0.03564 32.36 13.24
12122.62 368.06 0.01493 36.07 8.39
13132.94 383.68 0.00640 32.55 1.38
14316.17 399.50 0.00641 24.41 -1.08
15743.45 419.58 0.00585 18.02 -1.42
30804.99 871.38 0.00619 -11.59 -1.86
