900.00 305.77 9.01444
0.00 305.77 9.01444 -2.12 3.58
106.00 305.77 9.01444 -2.81 4.79
350.92 305.56 8.88258 -3.09 5.37
600.81 305.56 8.86221 -3.07 5.76
855.88 305.62 8.80201 -2.84 5.89
1116.49 305.52 8.76796 -2.56 5.98
1383.18 306.02 8.62313 -2.15 6.06
1656.44 306.50 8.58472 -0.66 5.36
2225.06 308.67 7.41249 0.86 2.64
2828.72 311.49 5.92644 1.39 0.49
3470.59 313.59 4.04281 1.49 -0.31
4155.93 315.93 2.62741 3.08 -0.91
4893.04 319.04 1.85762 6.55 -0.58
5692.51 322.22 1.17741 10.44 -1.06
6567.17 325.91 1.09156 14.67 0.14
7535.20 330.36 1.03075 14.18 4.08
8622.03 333.77 0.56414 17.52 11.26
9858.06 336.48 0.23305 28.90 18.48
10546.34 338.26 0.11516 31.61 19.80
11312.17 355.49 0.02197 38.69 11.97
12189.82 367.59 0.00727 40.08 5.98
13188.41 377.57 0.00840 33.16 2.65
14354.83 394.80 0.00677 21.98 1.30
15768.60 415.99 0.00654 17.84 -4.41
30778.56 872.71 0.00614 -11.85 1.20
