775.00 308.67 7.10166
0.00 308.67 7.10166 0.20 1.22
25.05 308.67 7.10166 0.17 1.29
300.40 309.02 6.63694 0.82 1.90
872.18 309.63 6.10895 4.01 2.49
1475.38 311.21 5.66922 7.22 1.34
2116.97 313.78 4.69158 8.30 0.72
2804.09 317.07 3.20619 9.48 0.32
3544.24 320.17 2.21490 9.49 0.72
4346.59 323.19 1.68436 9.58 1.09
5222.63 325.78 1.40416 10.25 1.81
6188.69 329.00 0.99363 9.73 3.45
7270.79 332.87 0.52600 9.32 10.71
8505.28 336.28 0.22907 15.48 22.47
9192.90 337.10 0.12128 18.24 24.43
9957.45 355.05 0.02336 30.73 15.73
10835.61 368.64 0.00814 35.73 11.46
11837.11 378.61 0.00803 31.39 5.34
13004.81 394.73 0.00664 21.29 2.19
14420.77 418.12 0.00640 16.67 -2.51
29435.37 870.16 0.00617 -11.56 1.04
