850.00 301.63 10.94683
0.00 301.63 10.94683 -1.39 -1.28
81.20 301.63 10.94683 -2.74 -1.96
333.47 302.28 10.44355 -4.75 -1.50
591.96 303.38 10.31767 -4.83 0.19
857.40 305.00 9.87163 -5.08 2.21
1130.33 306.17 9.17492 -4.87 4.26
1698.37 307.68 6.80141 -0.60 3.66
2298.87 310.20 4.96318 5.11 2.14
2939.28 313.53 4.00404 8.82 1.07
3625.08 316.31 2.73042 10.16 0.51
4363.06 319.35 1.42720 10.81 0.65
5162.99 322.38 0.81948 12.06 1.94
6037.24 325.55 0.55250 13.33 3.52
7002.98 328.85 0.38254 13.81 4.33
8083.51 332.10 0.36218 17.24 5.91
9315.66 335.80 0.22166 20.52 19.56
10002.83 337.78 0.09956 23.96 20.05
10759.73 347.71 0.02863 26.41 10.50
11624.18 366.53 0.01589 33.81 11.20
12627.11 380.67 0.00759 31.61 7.02
13803.26 397.74 0.00651 25.07 1.69
15228.65 419.10 0.00602 17.70 -3.61
30274.50 873.44 0.00615 -12.42 -0.29
