850.00 305.26 9.61497
0.00 305.26 9.61497 0.05 0.92
175.89 305.26 9.61497 -0.19 1.62
430.70 305.60 8.99571 0.09 2.20
691.79 305.73 8.61597 0.97 2.21
958.65 306.41 8.38585 1.93 1.60
1232.55 307.49 8.02574 2.95 0.96
1803.49 309.65 7.06979 3.83 -0.25
2407.56 311.53 6.30695 -0.07 0.14
3050.42 314.40 5.02513 -1.89 -0.01
3738.18 316.99 3.62452 -0.52 -0.14
4477.92 319.81 2.89669 0.99 0.52
5279.22 322.77 2.52278 3.00 1.01
6156.41 327.23 1.76403 5.62 2.96
7129.36 331.86 1.17586 8.50 7.94
8219.63 334.48 0.59339 13.44 12.70
9458.86 337.52 0.24932 17.26 18.21
10149.34 339.96 0.11468 21.43 19.97
10920.11 357.36 0.01674 35.26 15.29
11799.08 367.22 0.00743 35.30 10.78
12797.94 377.91 0.00634 27.89 4.72
13959.31 391.47 0.00767 19.22 4.16
15367.83 416.13 0.00682 14.36 -3.55
30342.83 871.74 0.00615 -12.59 1.02
