925.00 297.92 10.12983
0.00 297.92 10.12983 -2.99 -2.38
139.01 297.92 10.12983 -4.79 -3.49
373.09 297.90 10.11664 -5.56 -3.44
611.82 298.03 9.97118 -6.15 -2.62
855.88 299.12 8.61317 -6.18 0.34
1105.88 300.02 6.65433 -5.25 1.78
1361.67 300.75 5.60223 -4.62 1.41
1623.88 301.59 5.02225 -4.12 0.75
1892.73 302.16 4.86300 -2.96 0.55
2452.69 304.28 5.50500 1.93 2.44
3047.20 307.48 5.15327 6.94 2.60
3680.91 309.92 3.35541 10.03 2.82
4358.30 312.53 2.58552 12.01 3.83
5088.25 316.23 2.51007 14.09 1.85
5881.65 319.94 1.95138 19.28 -0.08
6751.40 324.15 1.19865 23.31 -0.42
7712.55 326.71 0.64225 22.56 -0.37
8784.29 329.07 0.32608 25.49 5.05
10005.28 333.28 0.13327 27.87 12.31
10689.28 336.75 0.09284 29.85 14.39
11447.26 350.41 0.04024 34.28 8.02
12316.96 366.95 0.01326 31.00 3.04
13321.57 382.52 0.00588 29.43 1.57
14506.49 401.30 0.00535 22.54 -2.51
15945.13 423.29 0.00506 18.00 -3.56
31061.87 871.47 0.00616 -11.02 1.34
