775.00 310.29 6.29474
0.00 310.29 6.29474 -0.29 0.80
162.28 310.29 6.29474 -0.11 1.26
438.90 310.56 5.96072 0.95 1.82
1013.05 310.71 5.54017 3.36 2.58
1617.61 311.75 5.03789 6.40 2.45
2259.62 313.37 4.36548 8.28 0.54
2944.35 315.93 3.03487 8.12 -0.21
3682.51 319.72 1.39276 8.96 -0.05
4483.71 322.89 1.26473 9.72 1.86
5359.19 325.70 0.82565 11.38 4.21
6324.16 328.08 0.60171 11.19 4.07
7401.72 331.20 0.31073 13.86 7.68
8632.49 335.85 0.22025 16.19 24.26
9320.77 339.24 0.06766 19.40 21.80
10085.83 353.06 0.02328 26.65 12.20
10960.17 368.74 0.01349 31.77 11.81
11964.94 380.16 0.00817 28.42 6.51
13136.50 395.58 0.00647 21.32 2.18
14554.20 417.88 0.00626 17.25 -2.19
29583.88 871.98 0.00613 -12.38 1.52
