925.00 302.01 9.41358
0.00 302.01 9.41358 -4.67 -1.17
17.25 302.01 9.41358 -5.05 -1.18
254.46 302.07 9.20898 -7.94 -1.35
496.46 302.00 9.19308 -8.73 -0.99
743.36 301.95 9.03941 -9.08 0.35
995.72 302.73 8.73087 -8.17 2.77
1254.29 303.55 8.53829 -6.35 4.39
1519.37 304.41 7.77213 -4.07 5.14
1791.15 305.08 7.07989 -2.64 5.51
2357.28 307.71 5.14558 0.19 6.59
2957.34 309.67 5.18620 3.02 4.75
3595.44 311.94 2.85348 5.03 2.31
4276.78 314.44 1.75543 6.12 0.44
5010.05 317.61 1.21198 8.81 -0.73
5805.89 320.83 0.78657 12.55 -2.55
6675.71 323.80 0.60328 15.25 -2.17
7635.77 326.81 0.57711 17.82 -0.33
8710.77 331.07 0.45982 20.91 3.36
9942.00 336.11 0.22302 33.52 13.21
10629.42 337.06 0.11437 37.74 14.50
11387.81 351.14 0.03635 36.65 7.83
12261.28 369.35 0.01546 35.39 4.84
13270.48 382.41 0.00656 31.37 -0.13
14448.31 397.42 0.00647 24.39 0.42
15869.83 418.31 0.00582 20.19 -2.55
30932.90 872.05 0.00620 -11.17 -2.18
