850.00 304.06 12.29670
0.00 304.06 12.29670 -0.40 2.00
14.34 304.06 12.29670 -0.58 2.67
268.35 304.99 10.46518 0.16 4.51
529.14 305.81 9.19061 1.30 5.25
796.23 306.76 7.92941 2.64 4.48
1070.61 308.37 7.36326 3.17 3.01
1642.83 310.41 6.51343 3.23 0.80
2248.10 311.83 6.13755 3.27 -0.87
2891.52 314.49 4.84601 3.57 -1.68
3579.18 316.81 3.60056 4.39 -1.19
4318.02 319.32 2.61915 6.25 -0.63
5118.28 322.40 1.97108 8.53 0.38
5993.56 326.07 1.67139 9.53 2.71
6962.91 330.61 1.07265 9.57 6.93
8050.05 333.97 0.57157 12.33 14.17
9287.85 336.91 0.23920 20.73 20.41
9976.49 338.13 0.11762 23.01 22.12
10741.66 355.97 0.02120 34.26 16.44
11621.55 368.39 0.00637 36.63 10.32
12622.03 378.04 0.00667 30.73 3.02
13787.33 394.15 0.00737 20.29 3.46
15201.20 416.89 0.00666 14.73 -3.74
30193.48 871.07 0.00616 -12.14 0.49
