900.00 296.12 9.53405
0.00 296.12 9.53405 -1.68 -0.48
142.84 296.12 9.53405 -3.63 0.52
380.40 297.29 8.53197 -4.69 2.43
623.70 298.21 8.38427 -3.44 3.02
873.07 299.41 6.97596 -1.73 2.41
1128.45 300.03 6.14941 -0.83 0.54
1389.79 300.32 5.30940 -0.46 0.02
1657.33 300.52 5.12304 -0.22 -0.07
2214.42 303.06 4.83852 1.10 -0.34
2805.77 305.66 4.54290 3.08 0.03
3435.83 308.53 3.71766 6.60 0.10
4110.67 311.61 3.00155 8.63 1.34
4838.39 315.38 2.46459 9.75 2.81
5629.67 319.19 1.88072 12.50 2.97
6496.46 323.13 1.30783 18.35 4.56
7455.49 326.58 0.80339 25.49 5.51
8525.20 327.36 0.35385 28.05 4.54
9737.57 331.71 0.16006 30.79 10.53
10420.76 337.78 0.07293 31.88 12.52
11181.69 351.23 0.03743 31.26 5.47
12054.09 369.14 0.01394 25.97 3.05
13065.84 384.90 0.00580 24.76 0.75
14256.62 403.12 0.00541 19.06 -1.02
15702.14 424.92 0.00512 14.97 -1.34
30834.53 878.53 0.00609 -12.53 0.13
