900.00 305.71 8.93729
0.00 305.71 8.93729 -3.25 0.91
27.62 305.71 8.93729 -4.22 1.40
272.55 305.76 9.00219 -6.01 2.95
522.34 305.71 9.12933 -6.13 3.54
777.73 305.89 9.00740 -6.14 4.42
1038.70 305.76 8.81102 -5.96 5.28
1305.38 305.76 8.70518 -4.99 6.59
1578.41 306.18 8.30054 -1.98 7.78
2146.96 308.85 7.21967 1.66 4.61
2750.47 310.86 5.13195 0.88 4.29
3390.96 313.27 3.51197 3.03 3.63
4075.87 315.91 2.42804 5.85 2.04
4812.29 318.40 1.80984 8.24 0.58
5609.57 321.13 1.30209 11.70 -0.13
6480.79 324.51 0.87273 16.05 0.14
7444.79 328.75 0.62169 20.30 0.64
8526.43 332.71 0.53986 19.91 4.62
9761.38 336.21 0.22650 28.85 18.06
10448.79 337.59 0.10706 31.55 17.89
11209.06 350.70 0.02528 35.11 8.83
12078.41 367.08 0.01393 38.68 9.22
13082.10 381.33 0.00769 31.77 5.08
14260.35 397.73 0.00655 22.66 -0.05
15681.50 416.89 0.00628 16.96 -4.08
30716.39 875.15 0.00612 -12.11 -0.12
