925.00 296.71 9.23315
0.00 296.71 9.23315 -1.44 -0.63
190.36 296.71 9.23315 -3.55 -0.77
423.41 296.88 9.06131 -4.56 -0.03
661.28 297.17 8.70214 -4.89 1.62
904.50 298.28 7.56739 -3.53 3.65
1153.66 299.11 6.88331 -2.53 3.12
1408.76 299.84 6.19444 -2.18 2.42
1670.20 300.68 5.04082 -1.47 1.78
1938.08 300.89 4.74851 -1.13 0.91
2494.90 302.76 3.85910 -0.06 -2.17
3085.06 305.20 3.47231 1.29 -2.11
3714.61 308.63 3.55971 5.83 -0.91
4390.17 312.03 3.06597 9.62 -0.01
5118.65 315.36 2.46273 11.76 1.98
5909.14 318.69 1.81955 12.44 2.53
6774.76 322.61 1.26398 17.70 1.87
7732.34 325.88 0.75754 26.67 1.24
8800.64 327.40 0.32862 30.57 0.54
10015.62 332.46 0.13225 32.90 7.04
10700.69 338.63 0.07159 34.61 9.93
11462.33 350.93 0.03985 32.99 2.95
12332.13 367.59 0.01487 27.76 2.03
13340.47 383.85 0.00595 26.41 -0.97
14527.63 401.81 0.00551 20.68 -2.14
15970.40 425.35 0.00510 16.81 -2.61
31115.89 875.90 0.00610 -11.78 0.75
