925.00 296.28 9.65140
0.00 296.28 9.65140 -0.99 -0.65
186.06 296.28 9.65140 -3.07 -0.83
418.89 296.63 9.29811 -4.53 0.06
656.65 297.12 8.81505 -4.88 2.10
899.87 298.21 7.74895 -3.27 3.88
1148.95 299.03 6.97159 -2.17 3.50
1404.00 299.84 6.33202 -2.09 2.92
1665.44 300.60 5.34928 -1.69 2.24
1933.32 300.83 5.14757 -1.37 1.34
2490.15 302.68 4.13939 -0.25 -1.91
3080.12 305.12 3.58283 1.26 -1.96
3709.60 308.58 3.66794 5.47 -0.73
4385.13 312.05 3.10047 9.42 0.17
5113.66 315.41 2.44568 11.51 2.24
5904.25 318.79 1.83096 12.09 2.83
6770.02 322.60 1.26722 17.40 2.37
7727.53 325.91 0.76326 26.47 1.94
8795.88 327.31 0.33611 30.43 0.98
10010.35 332.34 0.13561 33.02 7.41
10695.37 338.70 0.07202 34.62 10.41
11457.57 351.34 0.03918 32.71 3.20
12328.29 367.82 0.01464 27.22 2.21
13336.78 383.85 0.00595 26.15 -0.64
14523.99 401.82 0.00552 20.51 -1.98
15966.51 425.18 0.00509 16.78 -2.39
31110.93 876.20 0.00609 -11.94 0.77
