800.00 303.63 11.04467
0.00 303.63 11.04467 0.72 0.70
17.47 303.63 11.04467 0.73 0.63
282.58 304.16 8.93070 1.43 0.99
554.79 306.15 7.91341 3.48 -0.33
1124.61 309.83 7.06519 6.95 -2.17
1728.42 310.43 6.44962 6.07 -2.51
2370.82 314.54 5.76152 2.61 -1.49
3059.48 317.37 4.63680 -0.23 -0.64
3799.86 319.91 3.60878 -0.78 0.03
4602.38 323.66 2.78984 0.44 1.44
5482.37 328.01 1.85147 1.92 3.67
6455.65 331.78 1.15383 4.18 8.98
7545.16 334.01 0.57319 9.73 13.37
8783.57 337.51 0.24969 13.66 17.93
9474.41 340.17 0.10708 18.13 19.93
10246.81 357.74 0.01772 33.21 16.16
11125.53 366.63 0.00771 34.11 12.78
12122.65 377.78 0.00670 27.36 6.52
13284.99 391.53 0.00752 18.05 4.66
14694.22 416.66 0.00675 12.53 -2.58
29661.42 871.71 0.00614 -13.01 1.10
