800.00 309.92 6.51784
0.00 309.92 6.51784 0.42 1.24
132.23 309.92 6.51784 1.04 1.81
402.31 310.28 5.92482 2.24 2.58
678.91 310.65 5.54928 4.53 3.09
1253.19 310.95 5.28917 6.34 2.53
1858.15 311.87 5.01223 6.84 1.63
2500.12 313.49 4.30387 7.21 0.04
3185.66 316.16 3.28956 6.64 -0.10
3923.70 319.34 1.94578 7.08 -0.33
4724.03 322.49 1.53398 8.12 0.84
5598.49 325.33 1.12617 9.75 2.84
6562.85 328.13 0.84466 9.64 3.72
7642.04 331.98 0.44564 12.05 10.09
8874.29 335.88 0.21967 13.84 24.58
9562.21 339.07 0.07570 17.58 23.37
10328.70 354.36 0.02251 27.39 14.07
11205.64 369.17 0.01147 32.47 12.46
12210.40 379.99 0.00835 28.70 6.44
13381.46 395.42 0.00646 20.32 1.93
14797.42 417.30 0.00638 16.72 -1.79
29818.70 870.47 0.00615 -11.97 1.61
