900.00 298.53 9.71906
0.00 298.53 9.71906 -2.30 -1.67
107.78 298.53 9.71906 -3.76 -2.44
347.05 298.46 9.76296 -4.87 -2.53
591.17 298.98 8.16219 -5.46 -2.27
841.02 300.17 5.34886 -5.50 -1.36
1096.58 300.33 5.53061 -4.65 -2.10
1358.25 300.91 5.55893 -3.31 -1.72
1626.87 302.14 5.70048 -1.63 -0.22
2187.39 304.70 6.06983 2.31 2.17
2782.79 307.57 5.12552 4.86 1.99
3416.48 309.99 3.90879 8.18 2.84
4094.86 313.11 3.40483 11.00 3.84
4826.29 316.49 2.64869 14.07 3.92
5619.84 319.96 1.97882 17.77 4.35
6489.23 323.93 1.34911 21.07 3.96
7449.92 326.64 0.76997 21.99 1.85
8520.55 328.46 0.39581 23.29 5.32
9738.68 333.06 0.14811 23.29 13.18
10423.34 337.60 0.08739 25.21 15.92
11183.56 351.38 0.03704 31.39 9.14
12055.20 367.96 0.01218 28.91 4.32
13062.51 383.13 0.00578 27.28 3.32
14247.33 400.85 0.00540 21.79 -0.70
15684.39 422.96 0.00507 18.30 -2.51
30795.83 872.60 0.00612 -12.31 1.21
