775.00 308.04 7.92154
0.00 308.04 7.92154 0.14 1.28
197.09 308.04 7.92154 0.52 2.20
472.03 308.48 7.21196 1.32 2.85
1043.61 309.74 6.47209 6.08 2.14
1647.68 311.59 6.03711 9.07 0.86
2290.20 314.11 5.04868 9.44 0.05
2977.91 317.13 3.27570 9.69 -0.03
3717.94 320.06 2.01638 9.15 0.52
4519.82 323.03 1.60849 8.97 1.05
5395.79 325.96 1.29595 8.68 1.74
6362.90 329.55 1.03690 8.20 4.52
7446.77 333.33 0.54594 7.36 11.96
8682.23 336.47 0.23151 14.18 21.87
9370.11 337.31 0.12006 16.59 24.31
10134.61 355.38 0.02368 29.93 17.24
11013.89 368.79 0.00692 35.36 12.51
12014.99 378.39 0.00730 31.22 5.41
13182.53 394.71 0.00694 20.23 2.58
14596.80 417.29 0.00653 16.39 -2.55
29602.18 869.74 0.00617 -11.56 0.35
