800.00 303.29 10.48507
0.00 303.29 10.48507 1.35 0.42
151.98 303.29 10.48507 2.06 0.38
416.89 304.10 8.54063 3.41 -0.07
689.30 306.58 7.72771 5.81 -1.95
1259.89 310.12 6.91375 6.94 -3.79
1863.27 310.28 6.30372 3.54 -2.83
2505.34 314.26 5.61080 -1.53 -0.57
3193.51 317.31 4.47682 -3.24 0.56
3934.01 320.11 3.48688 -3.42 1.95
4737.10 324.18 2.70266 -1.31 2.85
5618.03 328.23 1.87223 1.52 4.57
6592.30 332.21 1.19740 4.64 8.49
7683.49 334.38 0.58379 11.37 11.18
8922.93 337.75 0.25365 12.76 16.78
9614.88 341.88 0.09577 19.57 18.21
10391.62 358.88 0.01325 34.53 15.68
11270.29 366.18 0.00767 33.89 12.28
12266.28 377.30 0.00695 26.14 7.62
13426.48 390.55 0.00737 17.56 4.04
14833.12 415.71 0.00682 12.23 -1.68
29791.30 870.78 0.00617 -12.99 1.66
