775.00 309.95 6.53422
0.00 309.95 6.53422 0.20 0.74
226.51 309.95 6.53422 1.06 1.50
502.80 310.12 6.12081 2.65 1.89
1076.45 310.62 5.55093 6.15 1.93
1680.87 311.42 5.35658 6.93 1.93
2322.58 313.38 4.46521 7.68 0.98
3008.21 316.26 3.33070 7.37 0.46
3746.52 319.43 2.11739 7.59 0.15
4547.18 322.61 1.65952 8.44 1.03
5422.07 325.50 1.20903 10.03 2.77
6387.12 328.40 0.82262 9.85 3.55
7467.23 332.33 0.47772 11.74 10.20
8700.34 335.95 0.22459 14.28 23.98
9388.01 338.43 0.08922 17.92 24.02
10153.74 354.22 0.02281 28.06 14.03
11030.32 368.86 0.01140 33.14 12.04
12034.17 379.67 0.00851 29.32 6.26
13204.25 395.17 0.00651 20.77 2.00
14620.06 417.50 0.00632 17.11 -1.98
29642.36 870.60 0.00615 -11.88 1.55
