825.00 304.37 11.40601
0.00 304.37 11.40601 -0.05 1.47
2.40 304.37 11.40601 0.29 2.48
261.88 305.19 10.19925 1.35 2.91
528.55 306.19 8.76183 3.07 2.64
802.37 307.73 7.57084 4.29 1.41
1374.33 310.34 6.82493 4.54 -0.41
1979.11 311.31 6.31055 2.89 -0.85
2622.07 314.54 5.38826 1.98 -0.99
3310.32 317.02 4.31477 2.50 -0.97
4049.91 319.54 3.31772 4.05 -0.30
4850.85 322.60 2.48049 5.92 1.08
5727.25 326.83 1.74809 6.79 3.27
6698.10 330.98 1.09396 7.51 6.98
7786.06 334.06 0.57124 11.62 14.37
9024.17 337.18 0.24295 18.61 19.44
9713.62 338.58 0.11977 21.21 21.56
10480.37 356.36 0.02015 33.92 16.48
11359.95 367.96 0.00674 35.68 11.32
12359.98 378.19 0.00636 29.39 3.75
13524.46 393.23 0.00754 19.46 4.14
14936.19 416.69 0.00674 14.28 -3.67
29919.86 871.52 0.00615 -12.46 0.44
