900.00 297.44 9.60264
0.00 297.44 9.60264 -1.58 -1.44
212.92 297.44 9.60264 -3.58 -2.71
451.39 298.11 8.98853 -5.00 -2.58
695.46 299.02 7.73721 -4.61 -2.05
944.88 299.35 5.95299 -4.04 -1.87
1199.90 299.82 5.39052 -3.48 -1.94
1461.24 300.71 5.37559 -2.58 -1.30
1729.76 302.14 5.45468 -1.20 -0.27
2289.26 303.85 5.64995 1.99 0.51
2882.67 306.71 4.51234 6.40 -0.53
3514.68 309.26 3.80169 9.22 -0.17
4191.18 312.36 3.15442 11.75 1.80
4920.77 316.07 2.52511 14.01 3.45
5714.05 320.12 1.95587 16.89 4.53
6583.36 323.91 1.37888 19.73 5.53
7543.95 326.81 0.80849 23.35 4.45
8614.16 327.66 0.35490 24.56 5.51
9829.95 332.59 0.12615 23.54 13.29
10513.95 337.57 0.06747 25.81 14.59
11274.32 351.12 0.03682 29.11 7.36
12146.01 368.51 0.01212 26.62 4.66
13156.38 384.64 0.00566 25.54 3.08
14346.20 402.51 0.00535 19.61 -1.07
15788.25 423.73 0.00501 16.15 -1.14
30900.41 876.10 0.00610 -12.40 0.47
