825.00 306.01 9.92344
0.00 306.01 9.92344 -1.12 2.08
174.07 306.01 9.92344 -1.40 3.88
435.34 306.27 9.50255 -0.44 5.05
702.84 307.14 7.97204 1.16 5.20
977.38 308.33 7.46762 1.95 4.51
1549.42 310.29 6.46350 3.06 2.31
2154.96 312.21 5.86188 4.83 -0.50
2798.28 314.31 4.54954 5.83 -1.43
3485.66 316.87 2.98919 5.84 -0.72
4224.48 319.37 2.04893 7.01 -0.34
5024.66 322.47 1.57895 9.77 0.05
5899.81 325.76 1.46161 11.58 1.93
6867.61 330.03 1.02699 11.32 5.59
7953.22 333.72 0.56333 12.22 13.43
9190.11 336.68 0.23688 20.82 21.20
9878.24 337.60 0.11783 22.95 22.96
10641.97 355.62 0.02264 33.64 16.38
11521.61 368.53 0.00636 37.34 10.00
12522.09 377.99 0.00728 31.82 3.32
13688.21 394.76 0.00697 21.20 2.75
15104.58 417.60 0.00651 15.02 -3.51
30106.79 870.89 0.00615 -11.85 0.75
