925.00 301.25 9.65115
0.00 301.25 9.65115 -5.34 -1.46
60.70 301.25 9.65115 -6.89 -1.76
297.23 301.12 9.55997 -8.63 -1.69
538.52 301.10 9.56917 -9.16 -1.35
784.73 301.11 9.49460 -9.46 0.07
1036.40 301.77 9.02862 -7.73 3.27
1294.28 302.75 8.50361 -5.10 4.40
1558.60 303.60 7.16596 -3.79 3.43
1829.71 304.94 5.44434 -2.75 3.47
2395.21 307.27 4.60341 0.86 6.10
2994.15 309.15 5.01926 4.40 4.87
3631.38 311.63 3.06575 6.75 1.56
4312.00 313.77 2.08919 7.36 0.39
5044.15 317.35 1.40276 9.70 -0.63
5839.67 320.79 0.60568 14.29 -2.66
6709.31 323.69 0.41620 16.94 -2.55
7668.85 326.58 0.37888 18.24 -1.25
8742.20 330.25 0.38137 23.22 1.14
9971.29 335.96 0.21935 35.41 12.06
10658.76 337.27 0.10613 38.68 13.20
11417.71 351.12 0.03385 37.12 7.14
12289.80 368.33 0.01579 35.27 2.93
13296.96 382.11 0.00668 32.03 -0.67
14476.68 398.63 0.00612 24.56 0.07
15901.66 419.39 0.00564 20.35 -2.67
30975.64 870.87 0.00620 -10.55 -1.88
