900.00 305.26 9.00541
0.00 305.26 9.00541 -3.47 1.62
166.73 305.26 9.00541 -4.76 2.49
411.21 305.13 8.87091 -4.97 2.96
660.60 305.10 8.81348 -5.02 3.31
915.31 305.16 8.83357 -4.98 3.75
1175.58 305.11 8.86851 -4.74 4.27
1441.71 305.19 8.71359 -3.88 5.22
1714.33 305.94 8.04301 -1.46 6.15
2283.01 309.03 5.39379 0.60 4.83
2885.80 310.92 5.71695 1.97 2.80
3526.19 312.87 3.78601 2.96 0.87
4209.82 315.20 2.73122 6.32 0.04
4945.79 318.66 0.91631 8.74 -1.58
5743.73 321.52 0.59313 11.54 -1.56
6615.77 324.89 0.58543 16.04 -0.79
7581.04 329.46 0.57235 20.66 1.30
8666.70 333.88 0.55049 22.36 7.68
9902.93 336.37 0.22976 31.84 16.09
10591.01 338.12 0.10816 34.85 16.54
11354.59 352.72 0.02462 38.62 8.04
12226.53 366.61 0.01146 41.20 5.69
13226.25 379.51 0.00862 32.56 2.94
14397.62 394.98 0.00659 23.48 -0.73
15812.30 417.21 0.00626 19.57 -4.63
30840.05 874.68 0.00612 -12.26 0.16
