900.00 306.28 9.20675
0.00 306.28 9.20675 -3.69 2.75
46.23 306.28 9.20675 -4.56 3.43
291.44 305.93 8.87447 -5.62 4.78
541.45 305.98 8.69284 -5.74 5.26
796.91 306.08 8.68836 -5.67 5.71
1058.00 305.98 8.75973 -5.32 6.10
1324.87 306.03 8.60868 -4.20 6.85
1598.10 306.48 8.19280 -0.98 7.07
2167.31 309.34 6.70028 2.04 3.25
2771.61 311.38 5.10328 2.05 2.06
3412.58 313.35 3.36983 2.86 1.53
4097.57 316.00 2.26922 5.40 0.74
4834.35 318.68 1.55812 8.02 -0.22
5632.34 321.46 0.95729 11.43 -0.33
6504.33 324.80 0.72747 15.69 0.57
7469.22 329.18 0.48711 19.82 1.47
8552.61 333.13 0.53743 20.67 6.84
9788.02 336.26 0.22864 29.40 19.43
10475.70 337.83 0.10966 32.01 19.40
11238.72 352.84 0.02447 36.92 9.85
12111.12 366.85 0.01185 39.95 7.58
13111.91 379.86 0.00855 32.35 4.23
14286.12 396.69 0.00650 22.20 -0.07
15703.41 416.24 0.00637 17.86 -4.11
30731.37 874.97 0.00611 -12.10 0.62
