925.00 296.39 10.88259
0.00 296.39 10.88259 -1.21 -0.76
25.08 296.39 10.88259 -1.29 -0.79
258.18 297.13 9.37230 -4.05 -0.95
496.51 297.84 8.73344 -4.11 -0.01
740.26 298.84 8.33592 -3.00 -0.22
989.81 299.39 7.72356 -2.22 -0.82
1245.17 299.96 5.82607 -1.69 -1.39
1506.46 300.49 5.08236 -1.26 -1.20
1774.52 301.49 4.93573 -0.15 -0.79
2332.97 303.61 5.27207 2.50 -0.38
2925.52 306.20 4.25528 6.49 -1.09
3556.40 308.83 3.57444 8.46 -0.50
4232.08 312.03 3.12091 10.07 1.49
4960.92 315.72 2.54134 12.22 2.82
5753.15 319.69 1.93318 15.14 4.06
6621.59 323.65 1.37345 18.93 5.76
7581.65 326.72 0.81433 24.66 5.20
8651.61 327.39 0.35263 26.17 4.85
9865.97 332.38 0.14452 26.78 12.36
10549.97 337.70 0.07127 28.18 13.89
11310.34 350.91 0.03789 30.05 6.41
12181.57 368.53 0.01357 26.17 3.94
13192.45 384.80 0.00574 25.17 2.04
14382.52 402.67 0.00539 19.52 -0.95
15826.61 424.49 0.00511 15.59 -1.13
30948.40 877.56 0.00608 -12.49 0.35
