900.00 299.23 9.36559
0.00 299.23 9.36559 -3.90 -2.54
132.66 299.23 9.36559 -6.42 -3.80
372.48 299.48 9.18320 -7.75 -4.25
617.47 299.79 9.16175 -8.70 -3.77
867.92 300.39 8.58525 -9.06 -1.90
1124.39 301.21 7.73478 -7.87 -0.10
1387.36 302.21 7.57732 -5.86 1.27
1657.46 303.47 7.13946 -3.79 2.24
2220.89 306.11 6.53404 0.80 2.69
2818.96 308.47 5.60684 3.28 2.29
3455.15 311.37 4.09056 7.05 2.71
4136.23 314.02 3.12009 11.05 3.45
4868.86 316.85 2.42660 13.29 2.96
5663.26 320.29 1.63924 16.24 2.41
6533.10 323.97 0.89049 18.71 1.76
7493.72 326.86 0.53669 18.92 2.92
8567.53 329.98 0.33105 20.06 9.02
9790.70 334.02 0.13915 23.52 17.06
10475.78 336.64 0.08285 23.37 17.85
11232.28 349.63 0.03434 31.30 12.06
12102.84 368.67 0.01510 32.04 6.05
13110.82 382.58 0.00627 29.85 2.59
14293.19 399.65 0.00561 23.45 -1.15
15725.82 422.72 0.00524 19.21 -2.27
30819.01 869.29 0.00618 -11.92 -0.01
