825.00 308.26 7.79434
0.00 308.26 7.79434 -0.63 1.42
65.53 308.26 7.79434 -1.05 2.42
328.00 308.41 7.75405 -0.78 3.08
596.91 308.53 7.57378 -0.03 3.93
872.33 309.09 7.34222 1.67 3.54
1445.21 310.65 7.08561 8.89 1.68
2052.36 313.81 4.69646 10.37 -1.42
2698.87 315.81 3.61779 6.61 -3.17
3388.41 317.73 2.40800 6.41 -0.82
4128.53 319.71 1.93977 5.84 1.04
4928.84 322.35 1.74744 4.53 3.29
5804.14 325.81 1.15255 5.70 4.43
6772.09 329.99 1.06921 6.07 6.10
7858.42 334.14 0.58468 3.93 11.25
9094.13 336.42 0.14619 2.62 21.19
9789.55 345.54 0.03675 14.46 16.36
10569.44 359.38 0.01799 25.71 16.93
11451.53 367.73 0.00726 26.92 15.18
12448.24 376.95 0.00713 25.04 9.58
13610.94 392.60 0.00750 15.39 5.77
15018.08 415.98 0.00675 12.29 -2.06
29977.33 871.81 0.00616 -11.93 0.21
