900.00 304.29 9.63883
0.00 304.29 9.63883 -0.42 2.76
79.77 304.29 9.63883 -0.60 4.40
323.44 304.35 9.24918 -0.99 5.52
572.42 304.44 9.10958 -1.21 6.23
826.75 304.81 8.92672 -0.31 5.89
1087.05 305.63 8.18999 1.67 4.42
1353.74 306.19 7.71850 3.06 2.64
1627.28 307.29 7.33371 1.78 1.67
2198.55 310.25 6.65468 -2.56 2.72
2803.64 311.59 5.97234 -3.72 0.57
3445.97 314.10 4.19212 -2.96 -1.77
4132.66 316.64 3.02320 -0.70 -1.27
4871.61 319.68 2.22824 1.95 -0.18
5672.73 322.82 1.98750 4.49 0.61
6549.33 327.12 1.78566 4.52 2.69
7522.13 331.84 1.16259 10.18 8.09
8613.06 335.12 0.61580 17.10 11.86
9854.13 338.08 0.25773 20.48 17.09
10545.83 340.15 0.12261 24.13 19.26
11316.90 357.27 0.01443 38.66 13.00
12195.11 367.08 0.00770 36.76 7.87
13193.30 377.23 0.00631 28.97 4.14
14351.97 391.21 0.00765 21.12 1.93
15761.41 416.24 0.00681 14.84 -3.98
30734.17 872.67 0.00615 -12.11 1.23
