825.00 307.54 8.60097
0.00 307.54 8.60097 -0.64 1.76
113.57 307.54 8.60097 -0.84 2.28
375.63 307.59 8.71041 -0.67 2.68
644.00 307.85 8.09430 0.17 2.70
918.89 308.54 7.19232 1.72 1.56
1491.29 310.48 6.52902 7.80 0.90
2096.89 312.08 6.20686 9.52 -0.22
2740.41 314.49 4.85769 10.33 -1.08
3428.32 317.15 2.97585 8.98 -0.63
4168.19 319.98 2.03183 8.73 0.49
4969.82 322.87 1.42315 8.36 1.57
5845.51 325.98 1.19181 7.51 2.99
6813.38 329.81 1.02140 6.71 6.70
7898.15 333.65 0.55680 6.07 12.77
9134.48 336.45 0.23087 11.53 21.50
9822.51 338.32 0.10340 14.53 23.55
10589.00 355.89 0.02325 28.23 17.70
11468.89 368.71 0.00631 33.53 13.67
12469.42 378.18 0.00659 30.25 6.09
13636.91 394.70 0.00728 18.94 3.21
15049.35 416.18 0.00670 16.05 -2.83
30045.10 869.99 0.00617 -11.61 -0.37
