900.00 304.81 9.17086
0.00 304.81 9.17086 -3.89 1.21
147.25 304.81 9.17086 -5.52 2.03
391.43 304.68 9.16996 -5.90 2.53
640.51 304.60 9.15506 -5.89 2.86
894.87 304.62 9.17325 -5.81 3.23
1154.78 304.55 9.19340 -5.45 3.89
1420.50 304.73 8.96643 -4.23 5.08
1692.97 306.24 7.43794 -0.90 6.36
2261.88 309.04 5.24671 0.61 5.10
2864.54 310.80 5.32216 2.32 3.26
3504.55 312.92 3.16503 3.58 1.58
4188.33 315.37 2.25903 6.99 1.11
4923.74 318.37 0.96339 9.18 -0.76
5721.09 321.30 0.69798 11.62 -1.38
6592.29 324.43 0.65833 15.39 -1.14
7555.71 328.52 0.60151 20.27 0.56
8638.69 333.58 0.53366 24.02 6.10
9875.22 336.32 0.22664 32.45 16.66
10563.15 338.09 0.10530 35.09 15.96
11324.90 351.32 0.02492 37.65 7.67
12195.00 366.83 0.01334 40.36 6.85
13197.58 380.97 0.00781 31.61 2.75
14371.95 395.46 0.00657 23.35 -0.81
15787.50 416.99 0.00626 19.97 -4.37
30824.12 875.06 0.00613 -12.26 -0.58
