900.00 295.97 9.81343
0.00 295.97 9.81343 -1.24 -0.05
169.02 295.97 9.81343 -3.11 1.08
406.42 296.70 9.44851 -4.47 2.40
649.45 297.90 8.37523 -3.43 3.46
898.47 299.07 7.28485 -1.51 3.17
1153.62 299.83 5.79687 -0.79 1.85
1414.73 300.03 5.43362 -1.09 1.42
1682.07 300.37 5.22082 -1.33 1.20
2238.82 302.94 4.54969 -0.42 -0.68
2829.61 305.54 4.06154 1.36 -0.61
3459.45 308.50 3.81004 4.75 0.28
4134.55 311.83 3.18276 8.69 1.26
4862.62 315.31 2.47533 10.35 3.26
5653.49 319.06 1.86174 12.40 3.43
6519.98 322.89 1.29633 17.75 3.89
7478.30 326.28 0.78982 25.70 4.38
8547.49 327.20 0.34941 29.30 2.88
9760.27 331.83 0.15342 32.36 9.02
10444.02 338.21 0.07370 33.63 11.77
11206.12 351.83 0.03762 32.14 4.50
12079.14 368.97 0.01354 26.16 2.71
13089.87 384.41 0.00584 25.04 0.35
14278.71 402.36 0.00547 19.56 -1.36
15721.79 424.61 0.00508 15.98 -1.70
30859.68 877.61 0.00609 -12.45 0.61
