875.00 300.50 10.66433
0.00 300.50 10.66433 -3.15 -2.16
136.63 300.50 10.66433 -5.82 -3.49
382.88 301.29 10.00481 -9.02 -3.79
634.92 302.11 9.86392 -10.00 -1.61
893.05 303.10 9.64459 -8.21 0.97
1158.06 304.30 8.71654 -5.78 2.51
1430.04 305.26 8.02966 -3.43 3.03
1995.69 306.66 6.24379 0.70 1.18
2594.58 309.63 5.25961 3.11 0.44
3233.92 312.91 4.41198 5.47 1.08
3918.47 315.54 3.39807 8.29 1.68
4654.42 318.16 2.33603 9.68 2.38
5451.64 321.17 1.56510 10.84 3.12
6322.96 324.44 0.95700 12.76 3.98
7285.77 327.99 0.61906 14.14 6.23
8364.85 332.02 0.42267 17.29 9.33
9595.01 335.33 0.22124 20.62 16.98
10281.31 336.85 0.09783 23.74 19.02
11035.41 347.60 0.03365 26.84 13.89
11900.83 367.58 0.01487 33.57 10.67
12908.15 382.59 0.00661 32.20 4.72
14089.34 399.25 0.00645 24.67 -0.11
15515.85 419.37 0.00585 18.63 -1.80
30577.35 871.19 0.00618 -12.37 -1.36
