800.00 308.88 7.62912
0.00 308.88 7.62912 0.62 0.75
117.05 308.88 7.62912 0.83 0.80
386.39 309.29 7.10711 1.92 1.23
662.25 309.60 6.79943 3.81 1.64
1235.54 310.69 5.87392 8.15 1.21
1840.90 312.05 5.65389 7.85 1.36
2483.99 314.15 4.18360 8.54 1.19
3170.91 316.72 3.16947 7.89 1.00
3909.79 319.41 2.19764 7.57 0.93
4709.84 322.23 1.61922 7.60 0.79
5583.84 325.30 1.20319 8.10 1.42
6549.04 328.78 0.89082 8.18 3.71
7630.70 332.91 0.53017 9.59 12.27
8864.78 335.98 0.22280 12.55 23.79
9552.30 338.27 0.09270 16.19 24.22
10318.64 355.07 0.02305 28.16 15.75
11197.15 369.16 0.00901 33.50 12.86
12200.49 379.35 0.00807 29.69 6.44
13370.38 395.19 0.00666 19.81 1.97
14784.86 416.72 0.00650 16.61 -1.73
29798.24 869.27 0.00617 -11.56 1.12
