875.00 306.32 8.20255
0.00 306.32 8.20255 -0.84 3.30
163.68 306.32 8.20255 -1.25 5.44
413.81 306.14 8.32910 -1.31 5.80
669.27 306.00 8.56320 -1.53 6.22
930.18 305.81 8.64056 -1.42 6.73
1196.94 306.09 8.34907 -1.28 7.10
1470.38 306.86 8.03409 -0.33 6.30
2040.02 309.18 7.52488 2.96 2.52
2644.32 311.67 5.63742 2.65 -0.17
3286.67 314.09 4.02126 1.97 -1.18
3973.44 316.63 2.70354 3.40 -1.11
4711.78 319.41 1.80170 6.39 -0.76
5512.29 322.64 1.40437 10.12 -0.71
6387.64 325.95 1.42915 11.77 0.30
7356.08 330.29 1.03131 11.56 4.90
8442.70 333.84 0.56747 14.94 12.58
9679.49 336.68 0.23629 25.38 19.62
10367.93 338.27 0.11718 28.02 21.13
11133.65 356.02 0.02098 37.26 14.30
12013.24 368.24 0.00629 38.54 7.47
13012.80 377.47 0.00737 32.27 2.45
14177.80 394.54 0.00705 21.12 2.56
15591.41 415.96 0.00664 16.34 -4.24
30592.15 871.56 0.00615 -11.88 1.10
