875.00 300.83 10.13966
0.00 300.83 10.13966 -3.61 -1.79
223.94 300.83 10.13966 -7.26 -3.22
470.12 301.26 9.61045 -9.15 -3.11
721.87 301.59 9.44389 -10.26 -1.63
979.55 302.50 8.97288 -9.13 0.80
1243.89 303.61 8.29224 -6.61 2.19
1515.27 304.69 7.91660 -4.06 2.67
2080.40 306.56 6.78657 0.53 1.17
2678.86 309.12 5.67744 2.15 0.83
3317.16 312.34 4.58492 5.19 1.51
4000.66 315.07 3.42415 8.64 2.22
4735.61 317.74 2.34069 10.65 2.63
5531.82 320.79 1.56046 12.49 2.66
6402.15 324.04 0.88425 14.86 3.03
7363.45 327.36 0.53175 16.15 5.35
8440.29 331.37 0.37507 18.49 10.18
9668.11 334.79 0.20222 21.95 17.63
10353.74 336.46 0.09114 23.26 19.13
11108.41 348.50 0.03105 28.69 14.02
11976.47 368.33 0.01446 33.71 9.58
12985.16 382.90 0.00646 31.86 3.57
14167.38 399.46 0.00620 24.20 -0.86
15594.86 420.54 0.00565 19.12 -1.09
30666.29 869.97 0.00619 -12.18 -1.27
