900.00 305.94 8.91975
0.00 305.94 8.91975 -2.14 3.66
43.70 305.94 8.91975 -2.53 4.17
288.70 305.75 8.85287 -3.15 5.71
538.54 305.79 8.89753 -3.09 5.84
793.90 305.74 8.88571 -2.91 6.25
1054.53 305.44 9.00536 -2.42 6.45
1321.12 306.07 8.62086 -1.78 6.75
1594.53 306.70 8.59293 -0.69 6.11
2163.51 308.70 7.85167 1.17 2.84
2767.38 311.53 5.75041 2.07 0.13
3409.29 313.73 3.97429 1.73 -0.34
4095.04 316.12 2.67720 3.16 -0.73
4832.44 319.08 1.80735 6.67 -0.53
5632.03 322.26 1.23935 10.63 -0.79
6506.67 325.85 1.08716 14.37 0.33
7474.52 330.25 1.02728 13.66 4.06
8560.81 333.67 0.55797 16.80 11.24
9796.79 336.49 0.23332 28.03 19.07
10484.92 338.02 0.11651 30.61 20.33
11250.13 355.42 0.02243 38.11 12.57
12128.04 367.76 0.00725 39.83 6.45
13127.04 377.72 0.00839 33.05 2.77
14294.12 395.13 0.00674 21.69 1.56
15708.40 415.85 0.00656 17.37 -4.24
30718.52 872.60 0.00614 -11.85 1.28
