825.00 305.30 10.95173
0.00 305.30 10.95173 -0.40 1.71
60.12 305.30 10.95173 -0.41 2.79
320.52 305.85 9.72754 0.76 3.95
587.72 306.98 7.94847 2.84 4.28
862.20 308.42 7.15623 3.93 2.89
1434.60 310.48 6.35282 4.46 1.08
2040.04 312.07 5.92630 4.66 -0.83
2683.82 314.70 4.74047 5.17 -1.97
3371.86 317.00 3.46087 5.20 -1.16
4111.07 319.45 2.53214 6.32 -0.35
4911.52 322.47 1.93971 8.22 0.73
5786.77 326.03 1.67989 9.39 3.16
6756.05 330.57 1.07720 9.36 7.63
7842.99 333.90 0.57077 11.46 14.53
9080.64 336.91 0.24004 19.51 20.57
9769.28 337.85 0.11962 21.55 22.59
10533.42 355.64 0.02183 33.12 16.98
11413.11 368.39 0.00638 36.37 11.07
12413.55 378.12 0.00665 30.83 3.44
13579.30 394.23 0.00735 20.26 3.46
14993.58 417.25 0.00663 14.71 -3.55
29986.77 870.99 0.00615 -12.11 0.32
