900.00 305.73 8.56022
0.00 305.73 8.56022 -2.91 2.15
187.24 305.73 8.56022 -3.84 3.19
432.04 305.52 8.55115 -4.03 3.58
681.68 305.28 8.58520 -4.08 3.90
936.54 305.52 8.49991 -4.05 4.16
1197.07 305.51 8.56928 -3.96 4.40
1463.56 305.64 8.51569 -3.74 4.92
1736.31 305.77 8.21914 -2.48 5.88
2304.58 308.88 5.50955 0.19 5.08
2907.29 311.08 5.69560 1.20 2.31
3548.04 313.00 3.63829 2.32 -0.03
4231.85 315.36 2.49869 5.52 -1.04
4968.51 318.96 0.95233 7.94 -2.01
5766.95 321.75 0.65205 11.09 -2.08
6640.04 325.39 0.66089 15.94 -0.99
7606.69 329.99 0.80500 18.86 1.89
8693.90 334.19 0.57715 21.05 9.49
9930.59 336.48 0.23189 32.07 15.89
10619.02 338.49 0.10970 34.89 16.81
11384.49 354.12 0.02319 39.61 8.78
12258.52 366.63 0.00919 41.44 4.88
13256.21 378.04 0.00903 33.44 2.67
14423.90 394.61 0.00667 23.73 -0.58
15838.43 417.29 0.00631 18.89 -4.65
30856.60 873.80 0.00613 -12.13 0.59
