800.00 307.05 9.35745
0.00 307.05 9.35745 -0.48 1.86
202.33 307.05 9.35745 -0.36 3.15
470.39 307.48 8.49480 0.83 3.79
745.02 308.06 8.08142 1.96 3.65
1316.89 310.16 6.39017 4.49 2.47
1922.15 312.24 5.65340 5.83 -0.03
2565.65 314.42 4.52456 6.50 -1.21
3253.13 316.96 3.06482 6.46 -0.45
3992.36 319.56 2.11799 6.87 0.08
4792.77 322.46 1.64442 9.12 0.38
5667.84 325.73 1.47639 11.18 2.12
6635.34 329.99 1.02679 11.13 5.50
7720.71 333.64 0.56107 11.17 13.12
8957.30 336.66 0.23680 19.18 21.40
9645.43 337.48 0.11951 21.28 23.40
10408.96 355.54 0.02305 32.65 16.79
11288.55 368.61 0.00642 36.96 10.72
12289.18 378.11 0.00726 31.75 3.79
13455.60 394.69 0.00698 21.12 2.73
14871.87 417.89 0.00648 15.23 -3.28
29875.15 870.66 0.00616 -11.79 0.63
