925.00 298.36 9.80540
0.00 298.36 9.80540 -4.37 -1.57
139.75 298.36 9.80540 -6.53 -2.10
374.15 298.37 9.69286 -7.39 -1.80
613.28 298.86 8.89140 -8.04 0.37
858.19 300.23 7.80529 -6.21 1.41
1108.79 300.71 6.89298 -5.48 1.36
1365.19 301.68 4.89264 -4.59 1.56
1628.13 302.70 4.17361 -3.08 1.59
1897.90 303.39 3.99195 -0.97 1.40
2459.26 304.92 4.96302 2.97 2.02
3054.77 308.11 4.93338 8.32 1.24
3689.75 310.81 2.88565 10.48 1.52
4368.34 312.77 2.52055 10.65 2.89
5098.65 316.35 1.69465 12.65 1.92
5891.42 319.66 1.64115 17.51 -0.56
6759.83 323.47 1.18937 20.78 -3.31
7719.10 326.37 0.63927 20.56 -3.15
8790.77 329.44 0.29666 25.92 2.50
10015.07 334.18 0.14976 34.14 11.63
10700.04 336.65 0.07647 34.70 11.79
11456.79 349.84 0.03942 36.72 6.63
12326.39 366.83 0.01539 33.87 1.64
13330.59 382.57 0.00595 30.89 -0.36
14516.28 401.31 0.00539 22.62 -2.44
15953.49 422.52 0.00513 18.36 -2.93
31060.85 870.50 0.00617 -9.97 0.40
