900.00 304.91 8.74625
0.00 304.91 8.74625 -0.03 2.84
127.72 304.91 8.74625 0.05 4.85
371.88 304.81 8.69942 -0.12 5.29
621.00 304.94 8.61305 -0.43 5.64
875.55 305.16 8.41984 0.01 5.17
1136.00 305.81 7.66171 1.59 3.79
1402.74 306.32 7.21246 2.05 2.49
1676.36 307.47 6.74709 -0.26 2.53
2247.53 310.17 6.67406 -2.96 3.40
2852.87 311.89 5.76619 -3.99 0.65
3495.48 314.10 3.92793 -3.33 -1.54
4182.04 316.56 2.95030 -0.81 -1.19
4920.61 319.47 2.15541 2.02 -0.46
5721.04 322.49 1.92743 4.94 0.18
6596.90 326.94 1.74902 5.43 2.87
7569.60 331.87 1.15746 10.99 8.18
8660.81 335.28 0.62045 17.83 11.84
9902.44 338.22 0.26223 21.13 17.04
10594.45 340.21 0.12312 25.02 18.93
11366.18 357.53 0.01326 39.38 12.28
12244.70 367.19 0.00760 36.72 7.10
13242.99 377.17 0.00628 28.97 3.90
14401.56 391.26 0.00764 20.92 1.41
15810.33 415.83 0.00681 14.93 -3.99
30782.33 872.97 0.00617 -12.07 1.27
