900.00 296.12 9.81595
0.00 296.12 9.81595 -1.94 -0.66
45.74 296.12 9.81595 -2.25 -0.61
283.11 296.78 9.04799 -4.89 0.16
526.10 297.89 8.29646 -4.40 1.25
775.17 299.30 7.42324 -2.69 1.30
1030.53 300.16 5.63717 -1.61 0.13
1291.84 300.26 5.09059 -1.49 -0.33
1559.28 300.46 4.92096 -1.38 0.38
2116.95 303.60 5.13175 1.27 0.63
2709.78 306.49 4.80859 4.02 1.31
3341.45 309.07 3.86668 7.40 1.60
4017.57 312.03 3.28023 9.31 2.43
4746.35 315.70 2.55887 11.14 2.93
5538.25 319.37 1.92621 15.24 3.16
6405.90 323.46 1.35139 20.60 4.05
7365.75 326.60 0.80451 25.68 3.15
8435.13 327.44 0.35625 27.96 2.44
9650.00 332.36 0.14947 29.60 10.03
10333.95 337.66 0.08624 30.67 13.54
11094.42 351.34 0.03777 32.57 5.76
11966.42 368.52 0.01243 27.41 3.59
12976.33 384.21 0.00579 25.99 1.57
14164.26 401.91 0.00533 20.40 -1.34
15605.54 423.86 0.00510 16.60 -2.22
30735.03 876.18 0.00609 -12.38 1.23
