900.00 302.72 9.71361
0.00 302.72 9.71361 -3.51 -0.92
81.23 302.72 9.71361 -5.17 -0.96
323.85 302.87 9.43823 -7.30 -0.37
571.75 303.56 9.02703 -8.57 1.26
825.35 303.95 8.70522 -8.42 2.98
1084.74 304.30 8.57767 -7.86 4.20
1350.31 304.71 8.45209 -6.24 5.75
1622.54 305.49 7.97122 -3.43 6.68
2189.56 307.98 6.40414 -0.50 5.72
2790.57 310.09 5.27691 1.21 5.35
3429.61 312.68 2.81227 2.83 3.63
4112.96 315.30 2.01954 5.74 1.62
4847.71 317.63 1.86310 8.30 0.36
5643.20 320.49 1.49289 11.27 -0.68
6512.64 323.74 1.10974 14.86 -0.71
7473.12 327.26 0.96248 17.61 1.52
8551.29 332.24 0.49667 17.53 5.56
9783.44 335.95 0.22230 30.10 12.78
10470.50 336.75 0.11379 34.97 15.84
11225.47 348.72 0.03311 35.85 9.28
12097.05 369.88 0.01422 37.65 8.27
13109.01 383.94 0.00637 30.54 1.46
14290.82 397.87 0.00662 22.63 -0.37
15711.52 417.06 0.00610 18.67 -2.25
30763.43 873.40 0.00618 -11.74 -1.87
