925.00 300.22 9.63686
0.00 300.22 9.63686 -5.02 -1.80
96.13 300.22 9.63686 -7.01 -2.31
331.92 300.18 9.54543 -8.44 -2.23
572.40 300.24 9.46002 -9.25 -1.45
817.99 300.45 9.26058 -9.04 0.78
1069.14 301.24 8.92568 -6.76 3.26
1326.53 302.26 8.29567 -4.51 3.29
1590.42 303.26 6.55597 -3.82 1.89
1861.07 304.43 4.70500 -2.93 2.07
2425.04 306.44 4.14324 1.59 4.84
3022.48 308.56 5.12109 5.94 4.20
3659.12 311.57 3.16072 8.48 1.09
4339.54 313.52 2.38544 8.92 1.14
5071.13 317.00 1.57276 10.42 0.33
5865.73 320.49 0.70885 15.75 -1.79
6734.83 323.42 0.56797 18.35 -2.86
7693.66 326.34 0.39011 18.56 -2.37
8766.02 329.86 0.31810 24.40 0.58
9993.38 335.50 0.21246 37.28 11.39
10680.33 337.27 0.08975 38.70 11.92
11438.67 350.64 0.03241 37.53 6.71
12309.69 367.67 0.01583 35.54 1.91
13315.48 382.15 0.00647 31.90 -0.82
14497.95 399.78 0.00574 23.92 -0.71
15927.01 420.39 0.00545 19.99 -2.67
31012.15 870.23 0.00620 -10.06 -1.24
