925.00 298.83 10.18513
0.00 298.83 10.18513 -3.60 -2.50
120.10 298.83 10.18513 -5.47 -3.55
354.89 298.79 10.11883 -6.25 -3.48
594.38 298.79 10.15271 -6.69 -3.00
838.99 299.68 8.84492 -7.34 -0.48
1089.63 300.90 6.68378 -6.83 1.38
1346.11 301.46 5.71249 -5.64 1.78
1608.95 302.34 5.24749 -4.49 1.53
1878.54 302.92 5.36271 -3.35 1.42
2440.01 304.96 5.67766 0.93 3.35
3035.59 307.99 5.20929 6.38 2.72
3670.29 310.48 3.18282 8.84 2.36
4348.75 313.01 2.11820 11.94 3.64
5079.40 316.40 2.18612 14.32 2.39
5872.97 320.10 1.77845 18.70 0.30
6743.15 324.26 0.97554 20.99 -1.16
7704.43 326.89 0.58007 20.60 -0.22
8777.68 329.71 0.30807 24.35 5.85
10001.11 333.85 0.14563 29.12 14.39
10685.62 336.52 0.08511 29.85 14.82
11442.22 349.49 0.03875 34.70 9.39
12311.21 367.07 0.01530 32.47 2.98
13315.31 382.03 0.00605 30.54 1.45
14499.52 401.17 0.00542 23.32 -2.30
15937.29 423.09 0.00511 18.19 -3.56
31042.92 869.91 0.00616 -10.70 0.75
