925.00 296.50 10.00874
0.00 296.50 10.00874 -1.46 -1.40
99.82 296.50 10.00874 -2.33 -1.77
332.84 296.71 9.58269 -2.81 -2.54
570.81 297.49 9.64660 -3.14 -3.13
814.26 298.22 8.25825 -2.88 -3.18
1063.49 299.51 6.18984 -1.24 -2.59
1318.88 300.38 4.22539 0.08 -1.68
1580.37 300.83 4.22758 0.57 -1.25
1848.68 302.06 4.16325 1.73 -0.97
2408.23 304.01 4.63626 5.40 -0.97
3001.34 306.64 3.69640 8.17 -1.57
3632.53 308.86 2.96481 8.77 -0.61
4307.65 311.55 2.64970 9.39 1.20
5034.47 314.92 2.44279 10.59 2.57
5824.89 319.05 1.75426 14.45 4.68
6691.65 323.03 1.35015 18.85 7.01
7650.23 326.34 0.80070 23.62 8.18
8719.50 327.17 0.35121 25.72 10.40
9930.75 331.31 0.14117 28.12 13.17
10614.14 338.69 0.05911 28.96 11.55
11377.88 352.11 0.03354 25.72 6.12
12250.74 368.96 0.01635 22.96 4.47
13261.93 384.70 0.00586 23.53 1.49
14451.99 402.91 0.00546 18.92 -1.66
15899.81 426.23 0.00504 14.12 -1.36
31025.88 878.23 0.00610 -11.56 -1.41
