800.00 311.81 5.75028
0.00 311.81 5.75028 1.04 1.09
108.49 311.81 5.75028 1.34 2.12
380.17 312.54 5.22817 2.90 2.41
658.58 312.56 4.99057 3.95 2.46
1236.05 312.70 4.91814 5.80 1.35
1843.78 312.52 4.93585 5.93 -0.36
2485.52 312.96 4.59821 6.48 -1.53
3169.94 315.91 2.29149 7.03 -1.41
3907.57 319.40 0.89239 8.08 -0.52
4707.19 322.16 1.38057 8.17 1.37
5580.60 324.86 0.84533 9.85 4.94
6543.71 327.75 0.40328 11.02 6.06
7619.21 330.24 0.17650 13.09 7.99
8847.28 335.65 0.19601 15.03 25.71
9536.68 340.26 0.03916 17.75 18.27
10302.91 353.31 0.02290 24.85 12.46
11178.27 369.58 0.01373 30.01 12.66
12185.18 380.83 0.00787 27.14 6.90
13358.93 396.23 0.00640 20.68 2.00
14778.41 418.20 0.00618 16.09 -1.96
29806.21 872.07 0.00613 -12.69 1.55
