800.00 303.18 10.94891
0.00 303.18 10.94891 0.57 0.53
68.60 303.18 10.94891 0.70 0.73
333.43 304.11 8.56708 1.45 0.80
605.72 306.27 7.93095 3.37 -0.47
1175.44 309.66 7.01228 6.87 -3.20
1778.34 310.07 6.47357 6.40 -3.65
2420.18 314.27 5.92481 3.29 -2.80
3108.50 317.51 4.87819 -0.25 -1.84
3849.54 320.44 3.70724 -2.25 -0.22
4653.31 324.29 2.78447 -1.58 1.72
5534.19 328.18 1.86286 0.12 4.29
6508.21 332.25 1.19657 3.48 9.46
7598.89 334.06 0.57498 9.54 11.83
8837.66 337.72 0.25493 12.10 17.03
9529.36 341.59 0.09392 18.27 18.68
10305.43 358.67 0.01458 33.74 16.11
11184.05 366.17 0.00758 33.70 12.90
12179.74 377.25 0.00702 26.49 7.75
13340.46 390.85 0.00740 17.61 4.43
14748.31 416.21 0.00678 11.77 -1.63
29706.80 870.95 0.00616 -13.08 1.56
