925.00 296.03 10.91882
0.00 296.03 10.91882 -1.38 -1.26
60.64 296.03 10.91882 -1.88 -1.57
293.49 296.45 10.03696 -4.27 -1.25
531.30 297.04 9.73349 -5.11 0.17
774.60 298.24 8.67434 -4.19 2.29
1023.89 299.26 6.96217 -2.39 2.80
1279.07 299.84 6.20973 -2.27 1.75
1540.41 300.40 5.39648 -2.58 1.21
1808.14 300.81 5.21481 -2.29 1.26
2365.52 303.19 4.93361 0.20 0.09
2957.28 306.00 4.56345 3.23 0.70
3588.37 309.00 3.98813 7.59 1.86
4264.33 312.05 3.26258 10.29 2.48
4993.21 315.74 2.55255 11.19 2.43
5784.98 319.27 1.88423 14.49 1.93
6652.33 323.26 1.31960 20.62 2.42
7611.49 326.29 0.77091 26.21 1.67
8680.64 327.66 0.34806 29.16 1.93
9896.83 332.55 0.13716 30.64 9.24
10581.09 337.82 0.08683 32.50 13.16
11342.13 351.59 0.03819 33.25 4.81
12213.97 368.01 0.01270 27.91 2.94
13222.15 383.62 0.00585 26.76 0.68
14408.54 401.49 0.00545 20.96 -2.01
15848.97 424.01 0.00517 17.19 -2.50
30983.40 875.27 0.00610 -11.93 1.36
