925.00 297.29 10.08198
0.00 297.29 10.08198 -2.32 -1.91
163.27 297.29 10.08198 -3.80 -2.73
396.86 297.34 9.83854 -4.94 -2.41
635.24 297.58 9.71997 -5.70 -1.18
878.91 298.56 8.80494 -5.22 1.83
1128.37 299.20 7.21832 -3.67 2.66
1383.67 300.20 6.13966 -3.69 1.83
1645.47 301.07 5.18382 -3.81 0.92
1913.76 301.47 4.83413 -3.06 0.57
2472.27 303.65 5.25714 1.27 1.24
3065.45 306.77 5.05952 5.59 1.91
3698.07 309.43 3.83849 10.28 2.78
4374.54 312.10 3.03241 11.80 3.28
5103.73 315.99 2.58669 12.26 1.43
5896.37 319.61 1.93405 17.34 -0.21
6764.91 323.72 1.32402 23.66 0.39
7725.17 326.44 0.70116 25.06 -0.26
8795.36 328.46 0.34108 27.90 3.51
10014.31 332.89 0.12790 28.89 10.42
10698.26 337.12 0.09389 31.58 13.70
11457.71 351.17 0.03935 34.00 5.80
12328.38 367.26 0.01225 29.78 2.88
13334.37 383.00 0.00568 28.39 0.81
14519.70 401.28 0.00538 21.82 -2.60
15959.00 423.64 0.00509 17.74 -3.11
31086.45 873.23 0.00613 -11.27 1.50
