850.00 308.19 9.51244
0.00 308.19 9.51244 -1.43 0.71
10.66 308.19 9.51244 -1.25 0.49
268.20 308.45 9.51234 -2.26 1.82
531.54 308.60 9.20365 -2.01 2.91
801.03 309.44 8.12527 0.13 4.55
1077.50 310.32 7.42799 3.24 5.52
1652.39 311.42 7.33925 8.84 5.03
2260.13 313.62 5.55562 11.24 1.66
2906.63 315.83 3.64945 6.43 -2.29
3595.82 317.49 1.82218 6.92 -1.30
4335.11 319.55 0.80100 7.77 0.75
5134.90 322.36 0.64620 7.15 2.77
6008.85 325.33 0.52901 7.53 3.72
6975.00 329.42 0.49527 7.12 4.99
8058.77 333.52 0.56415 5.11 11.60
9292.80 336.24 0.11229 3.41 20.62
9986.95 344.24 0.03332 12.93 15.56
10764.65 359.02 0.01927 23.97 16.62
11647.86 368.75 0.00694 26.60 15.36
12646.71 377.36 0.00663 25.82 9.58
13811.70 394.14 0.00754 15.99 5.51
15222.61 415.93 0.00678 12.74 -2.21
30189.30 871.04 0.00617 -11.26 -0.58
