925.00 297.60 8.84822
0.00 297.60 8.84822 -3.28 -0.93
166.62 297.60 8.84822 -5.30 -1.28
400.29 297.64 8.73615 -6.30 -0.80
638.73 297.90 8.41301 -6.70 0.85
882.54 298.95 7.86639 -5.19 3.08
1132.25 299.63 7.50787 -4.46 2.06
1387.86 300.53 6.15830 -3.71 0.94
1649.91 301.53 4.21466 -2.34 -0.13
1918.38 301.67 3.71520 -1.74 -0.67
2476.48 303.50 4.07495 0.84 -1.03
3069.18 306.54 4.65492 5.70 -0.52
3701.44 309.56 3.88890 10.75 0.97
4378.42 312.25 2.93511 12.28 2.60
5107.38 315.62 2.39090 12.06 2.07
5898.87 319.29 1.90819 16.12 -0.49
6766.70 323.36 1.35587 22.20 -2.15
7725.74 326.14 0.68830 24.56 -2.70
8795.65 328.59 0.32825 29.10 1.17
10015.26 333.04 0.10779 30.74 7.69
10699.31 336.95 0.07512 34.75 10.16
11457.80 350.69 0.03871 35.32 3.04
12327.80 366.97 0.01228 31.52 1.33
13333.69 383.14 0.00575 29.14 -1.10
14519.27 401.39 0.00542 21.98 -2.96
15959.44 424.12 0.00503 17.87 -2.98
31090.04 872.91 0.00614 -10.46 1.11
