900.00 299.70 12.81156
0.00 299.70 12.81156 -1.42 -1.55
42.66 299.70 12.81156 -2.15 -1.91
283.62 300.90 10.88786 -6.27 -2.02
530.26 302.02 10.02215 -7.53 0.11
783.13 303.11 9.67267 -7.82 2.52
1042.28 304.07 9.38877 -7.78 4.61
1307.85 304.75 8.80246 -6.12 6.91
1580.29 305.78 8.22390 -3.46 7.53
2147.18 307.21 6.47736 0.28 5.00
2747.00 310.05 4.80560 1.95 3.64
3386.72 313.09 3.86699 4.03 2.54
4071.25 315.53 3.20355 6.68 1.62
4806.99 318.01 2.44446 9.01 1.15
5603.95 321.20 1.63365 11.56 1.40
6475.86 324.82 0.98143 14.47 2.43
7440.25 328.72 0.66060 16.56 4.69
8521.07 332.51 0.53351 16.77 6.43
9754.08 336.04 0.21851 22.71 14.03
10441.14 336.78 0.11682 27.25 18.52
11193.36 345.54 0.03475 29.81 11.61
12056.28 366.78 0.01564 35.96 10.18
13063.08 382.81 0.00660 32.72 4.06
14245.05 399.16 0.00656 24.80 -0.54
15671.56 418.82 0.00594 17.54 -2.60
30723.93 872.81 0.00618 -12.01 -1.45
