800.00 308.36 8.83651
0.00 308.36 8.83651 -0.21 1.08
247.80 308.36 8.83651 -0.36 1.50
516.86 308.67 8.21546 0.19 1.87
792.54 309.44 7.53453 2.10 1.88
1366.18 310.93 6.89839 7.15 2.54
1973.06 312.81 6.43283 10.42 2.15
2618.26 315.25 4.32561 8.70 0.43
3306.73 317.31 2.19396 8.14 1.33
4046.02 319.53 1.31022 8.92 1.47
4845.84 322.33 0.83994 8.17 2.24
5720.12 325.47 0.77672 7.42 3.62
6686.39 329.06 0.92308 7.34 7.03
7769.55 333.58 0.55231 6.72 12.02
9004.91 335.71 0.23273 5.52 22.27
9694.11 340.88 0.05031 12.29 19.64
10465.70 357.09 0.02211 24.85 17.04
11347.43 369.26 0.00611 29.78 15.10
12348.06 377.99 0.00630 28.26 8.49
13516.06 395.38 0.00739 17.55 4.20
14929.83 415.60 0.00678 14.26 -2.52
29914.26 869.49 0.00618 -11.08 -0.83
