875.00 306.06 8.59756
0.00 306.06 8.59756 -0.97 3.46
235.42 306.06 8.59756 -1.39 5.36
485.45 305.94 8.60688 -1.33 5.57
740.75 305.89 8.79211 -1.29 5.89
1001.69 305.75 8.78269 -1.08 6.31
1268.40 305.91 8.53201 -0.49 6.65
1541.66 306.63 8.29655 1.44 5.43
2111.08 309.39 7.17071 3.62 1.09
2715.91 311.88 5.71480 0.88 -0.16
3358.67 314.25 4.03167 0.84 -1.78
4045.66 316.76 2.75470 2.51 -1.71
4784.44 319.50 2.16199 4.82 -0.87
5585.02 322.55 1.76690 7.76 -0.68
6460.27 326.07 1.58821 9.53 0.82
7430.11 330.89 1.08729 10.69 6.73
8518.37 334.17 0.57602 15.24 13.24
9755.92 336.95 0.24021 23.61 19.39
10445.17 339.06 0.11620 26.71 21.27
11213.09 356.63 0.01900 37.58 14.51
12092.93 368.13 0.00647 37.62 7.78
13092.34 377.26 0.00662 31.19 2.45
14254.58 393.22 0.00742 21.07 2.96
15666.06 416.17 0.00674 16.33 -4.46
30657.72 871.53 0.00615 -11.99 0.86
