875.00 305.22 9.36657
0.00 305.22 9.36657 -0.84 2.33
203.56 305.22 9.36657 -1.02 3.73
453.07 305.07 9.38487 -0.83 4.09
707.97 305.06 9.17770 -0.42 3.91
968.27 305.41 8.97482 -0.06 3.37
1234.86 305.94 8.45706 0.87 2.98
1508.34 307.14 7.85625 2.62 1.60
2079.06 309.89 7.07218 2.67 -0.77
2683.89 311.55 6.14929 -1.33 -0.80
3326.62 314.26 4.96343 -2.88 -1.16
4013.95 316.87 3.40092 -2.10 0.10
4753.79 320.06 2.60391 -0.93 1.48
5555.96 323.19 2.32277 0.45 1.93
6434.83 328.12 1.84928 3.23 4.91
7410.51 332.60 1.23088 8.39 9.79
8502.41 335.10 0.61353 14.11 10.37
9743.58 337.93 0.25668 15.79 16.75
10435.12 340.93 0.11214 21.15 18.10
11208.29 357.68 0.01396 36.11 14.02
12085.89 366.32 0.00805 35.40 10.20
13082.50 377.13 0.00656 27.38 6.41
14240.51 390.06 0.00750 19.90 3.08
15647.49 416.10 0.00681 14.36 -3.05
30614.08 871.59 0.00616 -12.46 1.54
