900.00 297.46 9.66303
0.00 297.46 9.66303 -1.93 -2.25
31.45 297.46 9.66303 -2.24 -2.60
269.98 297.95 9.09642 -5.44 -4.64
513.81 298.79 8.27781 -6.98 -4.19
763.36 299.40 6.60998 -6.78 -2.99
1018.64 300.05 6.04063 -6.23 -2.00
1280.36 301.08 6.01816 -4.72 -0.98
1549.26 302.41 6.15730 -2.71 -0.13
2110.09 304.43 5.56135 0.89 0.34
2704.52 307.27 4.56120 5.17 0.02
3337.85 309.90 3.80622 9.72 0.46
4015.60 312.81 3.15080 12.17 2.63
4746.29 316.48 2.56390 14.73 4.43
5540.35 320.31 1.99725 17.15 5.27
6410.23 324.05 1.35152 20.52 5.05
7371.48 326.97 0.80232 21.81 3.60
8442.36 328.16 0.34452 22.56 6.37
9659.42 332.69 0.11000 20.69 13.43
10343.22 337.26 0.06694 23.61 14.91
11102.88 351.05 0.03639 28.35 8.73
11974.77 368.65 0.01119 27.45 5.76
12985.04 384.50 0.00555 26.20 3.95
14174.34 402.25 0.00523 19.99 -0.82
15614.61 423.22 0.00513 16.43 -1.41
30717.79 874.43 0.00612 -12.37 0.39
