775.00 307.78 7.43312
0.00 307.78 7.43312 -1.26 -2.10
22.74 307.78 7.43312 -1.27 -2.18
297.47 308.38 7.43388 -2.12 -3.36
868.42 309.11 6.52243 -1.59 -1.79
1471.26 311.25 5.01806 6.54 0.33
2112.59 313.26 4.30651 10.56 2.34
2797.73 316.34 1.94504 10.94 2.47
3535.79 319.47 1.09224 11.08 2.77
4335.81 322.36 0.74314 10.75 3.35
5209.46 325.10 0.53087 9.17 3.70
6173.77 328.27 0.22742 10.02 3.56
7251.09 330.70 0.16857 14.28 6.91
8479.22 335.60 0.19518 19.90 22.97
9167.75 338.87 0.04822 19.65 16.67
9928.33 350.14 0.02664 23.91 11.01
10797.83 368.15 0.01477 30.49 11.54
11803.10 380.92 0.00718 28.93 7.43
12977.98 396.94 0.00656 23.19 2.75
14400.92 418.50 0.00612 17.67 -2.23
29446.21 873.37 0.00614 -13.13 0.34
