900.00 304.69 9.37720
0.00 304.69 9.37720 -4.15 0.73
139.76 304.69 9.37720 -6.06 1.42
383.79 304.53 9.21806 -6.58 2.05
632.60 304.28 9.27335 -6.65 2.51
886.77 304.47 9.17241 -6.73 3.24
1146.48 304.46 9.04925 -6.50 3.86
1412.12 304.55 8.85570 -5.35 4.98
1684.34 305.76 7.71271 -1.57 6.47
2252.56 308.84 5.19685 0.94 5.43
2854.86 310.59 5.13613 2.27 3.90
3494.54 312.93 2.41045 3.72 2.63
4178.17 315.44 1.87846 6.20 1.82
4913.17 317.93 1.66472 8.59 0.02
5709.53 320.89 1.13798 10.96 -1.23
6579.99 324.14 0.93971 14.27 -1.25
7541.98 327.73 0.86032 18.98 0.37
8622.23 332.88 0.53603 22.14 5.36
9857.69 336.19 0.22450 32.81 16.47
10545.16 337.55 0.10703 35.26 15.54
11304.16 350.21 0.02713 36.58 7.98
12174.42 368.10 0.01482 38.59 8.53
13181.63 382.52 0.00695 30.66 2.54
14359.41 396.30 0.00663 22.78 -0.73
15776.24 416.60 0.00624 19.72 -3.54
30821.17 874.72 0.00615 -12.07 -1.33
