875.00 306.09 8.84888
0.00 306.09 8.84888 -0.48 2.20
148.19 306.09 8.84888 -0.67 3.91
398.70 305.88 8.78190 -0.86 4.56
654.00 305.68 9.09536 -0.91 4.85
914.65 305.61 8.92780 -0.72 5.06
1181.34 306.12 8.43696 -0.30 5.33
1454.88 307.17 7.88989 1.27 4.27
2025.39 309.85 7.06702 3.72 0.23
2630.33 311.83 5.77986 0.47 -0.29
3273.44 314.41 4.44930 -0.07 -1.48
3960.82 316.85 3.33967 1.50 -1.12
4700.00 319.53 2.68544 2.93 -0.13
5500.46 322.32 2.25995 5.21 -0.07
6376.01 326.56 1.67151 7.72 1.93
7347.79 331.55 1.13773 9.55 8.01
8437.37 334.36 0.58192 13.99 13.18
9675.84 337.24 0.24365 20.15 19.02
10365.60 339.41 0.11511 23.70 20.91
11134.69 356.92 0.01749 36.31 15.15
12014.18 367.80 0.00701 36.27 9.44
13013.69 377.65 0.00632 29.38 3.30
14175.32 392.37 0.00761 20.25 3.71
15585.26 416.14 0.00677 15.38 -4.14
30568.47 871.64 0.00615 -12.28 0.81
