900.00 300.34 9.79272
0.00 300.34 9.79272 -4.13 -2.15
114.40 300.34 9.79272 -6.18 -3.04
355.05 300.50 9.48753 -7.97 -3.47
600.82 300.73 9.36495 -8.95 -3.14
851.95 300.78 9.36289 -9.88 -1.98
1109.01 301.83 8.33454 -9.09 0.56
1372.65 302.93 7.86284 -6.71 1.96
1643.38 304.11 7.48931 -4.17 2.64
2207.88 306.44 6.85057 0.54 2.05
2806.31 308.85 5.78945 2.44 1.65
3443.54 311.79 4.39770 6.27 2.20
4125.77 314.53 3.18692 9.93 2.71
4859.50 317.28 2.26693 12.15 2.61
5654.73 320.50 1.51621 14.76 2.17
6524.66 323.93 0.80739 17.27 1.99
7485.35 327.00 0.49120 17.92 3.93
8560.38 330.64 0.32943 19.46 9.95
9785.75 334.37 0.16272 23.56 18.14
10471.03 336.38 0.08514 23.04 18.67
11226.50 349.09 0.03106 30.38 12.96
12096.31 368.75 0.01509 33.23 7.93
13105.25 382.85 0.00642 30.98 2.80
14287.67 399.49 0.00584 23.77 -1.21
15717.44 421.89 0.00543 19.31 -1.38
30799.68 869.22 0.00618 -12.00 -0.78
