800.00 304.06 10.98199
0.00 304.06 10.98199 -0.05 1.36
59.64 304.06 10.98199 -0.27 1.27
324.83 304.74 9.38560 -0.03 2.23
597.40 306.10 8.40745 1.59 1.51
1167.20 309.77 7.13450 6.19 -1.06
1771.77 311.10 6.31489 7.19 -1.70
2414.84 314.87 5.38890 6.65 -2.52
3103.85 317.42 4.03310 3.93 -1.76
3844.02 319.78 3.27588 3.06 -0.64
4645.75 323.10 2.64697 3.63 1.73
5524.22 327.62 1.81176 3.86 5.44
6496.96 331.47 1.13259 4.41 11.45
7585.29 333.99 0.57374 8.85 14.17
8823.71 337.20 0.24497 14.19 19.37
9513.58 338.84 0.11299 17.22 21.49
10281.64 356.41 0.02015 31.57 16.84
11160.26 367.22 0.00701 34.16 13.19
12158.40 377.93 0.00630 28.65 5.72
13322.43 392.63 0.00762 18.69 4.72
14733.44 417.10 0.00675 13.50 -3.28
29709.87 872.03 0.00614 -12.79 0.39
