925.00 297.97 9.34465
0.00 297.97 9.34465 -4.07 -1.35
175.02 297.97 9.34465 -6.88 -1.84
409.11 298.11 9.05319 -8.20 -1.06
648.03 298.76 8.41718 -8.33 1.25
892.57 299.65 8.14013 -6.19 2.65
1142.91 300.46 7.55299 -4.61 1.52
1399.19 301.14 6.38465 -3.75 0.46
1661.82 302.18 4.90476 -2.65 0.17
1931.28 303.07 4.33706 -0.75 0.57
2492.29 304.84 4.84194 3.91 2.12
3087.69 307.93 4.76809 8.65 0.55
3722.55 310.56 3.77592 11.67 0.12
4401.72 312.97 2.75532 11.67 1.76
5131.88 316.06 1.89878 11.67 1.73
5924.11 319.50 1.56247 16.99 -0.84
6791.82 322.97 1.20372 20.48 -4.76
7749.88 326.16 0.61409 20.87 -4.50
8820.99 329.32 0.27579 26.84 -0.43
10045.95 334.40 0.13994 37.16 8.36
10731.33 336.94 0.06640 37.37 9.30
11489.05 350.47 0.03364 37.66 5.20
12359.21 366.89 0.01524 34.42 0.72
13363.67 382.53 0.00597 30.74 -1.38
14548.28 400.89 0.00542 23.27 -2.11
15984.38 422.23 0.00509 19.27 -2.99
31092.86 870.82 0.00616 -9.72 0.26
