800.00 309.36 7.47365
0.00 309.36 7.47365 0.17 0.62
255.57 309.36 7.47365 0.50 0.98
525.37 309.49 7.15945 1.14 1.08
801.30 309.51 6.92778 2.41 1.10
1374.59 310.88 6.06799 7.60 1.01
1980.57 312.40 5.90515 8.79 1.24
2624.48 314.46 4.42987 9.85 0.82
3311.68 316.79 3.09429 8.62 0.77
4050.65 319.43 1.93219 8.58 1.35
4850.53 322.14 1.36710 8.34 1.36
5724.48 325.53 0.95142 7.65 1.64
6690.77 329.18 0.89461 7.54 5.07
7773.58 333.31 0.53874 8.06 13.30
9008.63 336.03 0.22159 10.99 23.21
9696.20 338.55 0.09172 14.76 23.57
10463.40 355.73 0.02280 27.64 16.82
11343.19 369.21 0.00711 33.20 13.64
12345.62 378.87 0.00742 29.82 6.73
13515.09 395.31 0.00681 18.98 2.35
14928.71 415.95 0.00669 16.10 -1.92
29932.76 868.76 0.00617 -11.35 0.33
