800.00 308.00 7.36088
0.00 308.00 7.36088 -0.15 1.07
64.35 308.00 7.36088 -0.08 1.35
332.95 308.35 7.49095 0.29 2.20
608.09 308.64 7.42212 1.27 2.26
1180.62 310.55 6.89166 8.27 1.74
1786.65 312.60 6.15732 11.03 -0.22
2431.80 315.38 4.55683 8.94 -2.41
3120.96 317.54 2.77362 7.68 -1.01
3861.24 319.97 2.05715 7.17 1.40
4662.31 322.47 1.84713 6.45 3.48
5537.54 325.62 1.56108 5.94 5.69
6504.85 329.87 1.16642 6.06 8.41
7591.43 334.55 0.57995 4.56 11.54
8828.83 336.10 0.23089 5.18 21.85
9518.84 341.46 0.05244 12.22 19.78
10291.29 357.14 0.02191 25.50 17.19
11172.00 368.27 0.00670 29.52 15.05
12170.45 377.48 0.00647 27.75 8.30
13336.00 394.13 0.00758 17.12 5.07
14746.96 416.12 0.00678 14.17 -3.16
29723.75 871.57 0.00616 -11.69 -0.77
