825.00 305.50 9.15057
0.00 305.50 9.15057 0.63 0.90
222.38 305.50 9.15057 1.00 1.28
483.14 305.71 9.04005 1.89 0.86
750.06 306.25 8.81974 2.78 -0.43
1023.85 307.34 8.10252 3.75 -1.30
1594.62 309.69 7.13904 4.30 -1.42
2198.71 311.41 6.33949 -0.03 -0.18
2841.26 314.37 5.13167 -3.06 0.29
3529.23 317.13 3.61221 -2.34 0.85
4269.40 320.08 2.86168 -0.91 1.48
5071.72 323.43 2.51258 0.70 1.81
5950.69 327.76 1.79776 3.66 4.31
6924.99 332.28 1.19856 7.28 8.71
8016.31 334.71 0.60195 13.25 11.38
9256.46 337.77 0.25519 15.03 17.24
9947.80 340.76 0.11188 20.40 18.73
10721.12 358.03 0.01515 35.19 14.91
11599.64 366.58 0.00787 34.79 11.15
12596.96 377.58 0.00661 26.89 6.33
13756.91 390.47 0.00751 18.68 3.87
15163.59 415.90 0.00685 13.79 -2.77
30130.48 871.42 0.00617 -12.72 1.44
