825.00 309.23 8.26377
0.00 309.23 8.26377 -1.04 1.42
184.74 309.23 8.26377 -1.38 2.87
448.56 309.01 8.35687 -1.30 3.70
717.98 308.96 8.19303 -0.77 4.57
993.81 309.41 7.80690 1.23 4.65
1567.35 310.92 7.42902 8.35 3.15
2175.06 314.06 4.85027 10.28 -0.32
2822.08 315.98 3.45601 6.13 -3.14
3511.83 317.80 2.01075 6.53 -1.38
4251.72 319.64 1.31458 6.73 0.21
5051.47 322.18 1.14845 5.69 2.56
5925.75 325.53 0.80971 6.76 3.65
6892.99 329.83 0.80505 6.88 5.30
7978.37 333.79 0.55527 3.83 11.65
9213.22 336.72 0.10274 3.01 20.18
9909.50 345.65 0.03647 14.11 15.50
10689.70 359.64 0.01819 24.96 16.79
11572.60 368.07 0.00715 26.26 15.27
12569.87 377.05 0.00707 24.85 9.74
13733.03 392.93 0.00749 15.26 5.77
15140.78 415.84 0.00676 12.17 -2.01
30099.47 871.52 0.00616 -11.68 0.11
