900.00 303.41 9.42466
0.00 303.41 9.42466 -4.17 0.34
218.62 303.41 9.42466 -6.25 0.92
461.68 303.45 9.17841 -6.46 1.47
709.90 303.65 9.06989 -6.48 2.09
963.57 303.92 8.96748 -6.42 2.57
1222.90 304.10 8.92096 -6.06 3.40
1488.22 304.19 8.75935 -4.64 4.47
1760.10 305.55 7.62800 -1.83 5.36
2327.96 308.46 5.31894 0.70 6.38
2929.30 310.30 4.96194 2.85 4.50
3568.72 312.80 2.84011 4.88 2.24
4252.05 315.23 1.71653 7.69 1.38
4987.05 318.26 1.02897 9.10 -0.93
5784.06 321.17 0.66678 11.59 -2.31
6654.80 324.21 0.58823 14.57 -2.12
7617.05 327.85 0.62698 18.47 -0.62
8697.43 333.13 0.53121 24.10 5.67
9933.91 336.36 0.22401 34.28 15.59
10621.89 337.89 0.10524 36.42 14.32
11381.91 350.53 0.02665 37.35 7.08
12251.55 367.25 0.01587 39.06 6.70
13255.96 381.53 0.00719 31.54 1.41
14430.28 395.48 0.00666 24.77 -0.64
15847.82 417.64 0.00611 20.35 -4.24
30892.80 874.22 0.00616 -12.07 -1.50
