900.00 305.55 8.03431
0.00 305.55 8.03431 -1.08 3.42
138.62 305.55 8.03431 -1.63 5.08
383.15 305.45 8.09215 -1.75 5.57
632.58 305.10 8.25867 -1.83 5.64
887.21 305.48 8.28646 -1.96 5.91
1147.79 305.75 8.26984 -1.67 5.78
1414.48 305.94 8.13677 -1.11 5.35
1687.72 306.69 7.25764 -0.12 4.19
2256.72 309.03 6.51319 -0.44 2.93
2860.05 311.38 6.10915 -0.59 1.17
3501.84 313.55 4.07989 0.61 -1.11
4187.26 316.09 2.71121 2.85 -1.60
4925.06 319.39 1.68275 5.74 -1.23
5725.24 322.54 1.19436 9.72 -1.59
6600.64 326.08 1.31015 12.57 -0.34
7568.98 330.38 1.04719 13.53 5.09
8656.60 334.18 0.58018 19.38 12.01
9893.79 336.80 0.23842 28.52 18.44
10583.15 339.45 0.11152 31.52 20.40
11351.62 356.37 0.01911 39.74 11.88
12230.24 367.61 0.00652 39.57 5.04
13228.03 376.73 0.00750 33.07 1.92
14390.32 393.66 0.00712 22.49 1.39
15803.93 416.46 0.00660 17.32 -4.68
30803.09 872.33 0.00615 -11.80 0.91
