900.00 304.64 9.29433
0.00 304.64 9.29433 -3.83 1.01
178.18 304.64 9.29433 -5.52 1.86
422.15 304.55 9.14863 -5.69 2.20
671.17 304.55 9.08344 -5.79 2.71
925.38 304.50 9.10949 -5.78 3.18
1185.15 304.43 9.19107 -5.44 3.81
1450.77 304.61 8.98162 -4.10 4.87
1723.13 306.06 7.67628 -1.01 5.84
2291.84 308.89 5.25877 0.62 5.45
2894.12 310.57 5.44304 2.26 3.61
3533.89 312.78 3.47471 3.78 1.53
4217.35 315.15 2.42725 7.39 1.02
4952.66 318.42 0.84959 9.30 -1.08
5750.11 321.32 0.61706 11.65 -1.65
6621.28 324.46 0.57552 15.35 -1.46
7584.90 328.62 0.54637 20.47 0.29
8668.29 333.68 0.54066 24.22 6.40
9904.88 336.35 0.22635 32.93 15.92
10592.90 338.13 0.10518 35.61 15.35
11354.80 351.33 0.02512 37.94 7.24
12224.81 366.70 0.01349 40.59 6.23
13226.77 380.75 0.00793 31.84 2.39
14400.17 395.16 0.00664 24.01 -0.79
15816.08 417.41 0.00619 20.03 -4.59
30852.45 874.83 0.00613 -12.28 -0.69
