775.00 309.23 6.96057
0.00 309.23 6.96057 0.18 0.66
38.11 309.23 6.96057 0.18 0.41
313.81 309.39 6.55566 0.93 0.57
886.47 310.25 5.61899 5.06 1.19
1490.43 311.19 5.33386 6.63 1.76
2131.84 313.41 4.44721 7.85 1.77
2817.97 316.64 3.09425 8.32 0.85
3556.97 319.70 2.18597 8.51 0.51
4358.27 322.82 1.67875 9.12 1.20
5233.62 325.64 1.27336 10.47 2.71
6199.23 328.58 0.81610 10.07 3.36
7279.72 332.45 0.49185 11.51 9.93
8513.34 335.99 0.22611 14.90 23.55
9200.76 337.82 0.10348 18.36 24.34
9965.82 354.10 0.02316 28.80 13.90
10841.94 368.55 0.01128 33.83 11.55
11844.87 379.33 0.00865 29.97 6.05
13014.04 394.97 0.00653 21.32 2.07
14430.16 417.88 0.00627 17.30 -2.23
29453.32 870.80 0.00615 -11.81 1.49
