925.00 301.55 9.31763
0.00 301.55 9.31763 -5.40 -0.95
66.54 301.55 9.31763 -7.02 -1.13
303.35 301.49 9.20496 -8.42 -1.07
544.91 301.62 9.16044 -8.98 -0.55
791.57 301.86 9.05661 -8.88 0.88
1043.75 302.37 8.76784 -7.32 3.24
1301.91 302.90 8.70281 -5.25 4.52
1566.28 303.30 8.44960 -3.66 4.12
1837.57 305.18 6.72499 -1.83 4.01
2404.26 307.94 4.79257 1.69 6.42
3004.33 309.69 4.68262 4.67 4.55
3642.27 311.95 2.84978 6.62 1.57
4323.63 314.21 1.82613 7.34 0.29
5056.32 317.50 1.15530 9.17 -1.28
5852.29 320.94 0.62124 13.23 -3.29
6722.39 323.91 0.44565 15.76 -2.63
7682.96 327.02 0.40842 17.65 -1.10
8758.55 331.18 0.40625 23.59 1.57
9991.77 336.58 0.22433 35.76 13.10
10679.85 337.24 0.11272 38.42 13.10
11438.33 350.62 0.03442 36.93 6.83
12309.00 367.82 0.01771 36.07 4.47
13315.09 381.76 0.00665 32.40 -0.37
14490.89 396.99 0.00654 26.05 -0.20
15913.01 419.00 0.00579 20.91 -3.61
30977.46 871.72 0.00620 -11.04 -2.10
