900.00 297.38 9.33493
0.00 297.38 9.33493 -1.01 -1.34
220.26 297.38 9.33493 -3.22 -2.29
458.74 298.21 8.42371 -4.05 -1.35
702.86 299.29 7.24602 -3.51 -1.21
952.45 299.38 6.85013 -3.25 -1.54
1207.67 299.95 6.00626 -3.07 -2.33
1469.11 300.69 5.44513 -2.43 -1.64
1737.50 301.97 5.17015 -0.88 -0.54
2296.80 303.95 5.52309 2.20 0.19
2890.29 306.64 4.51704 6.21 -0.29
3522.22 309.30 3.88756 8.61 0.53
4199.05 312.60 3.31494 10.89 2.52
4929.41 316.17 2.56552 13.69 3.99
5722.51 319.93 1.95291 16.82 4.95
6591.49 323.81 1.36950 19.91 5.49
7551.85 326.68 0.80884 23.72 3.60
8621.81 327.64 0.36425 25.19 4.45
9837.80 332.69 0.13784 24.30 12.91
10521.95 337.55 0.07566 26.27 14.71
11282.53 351.38 0.03643 30.32 7.19
12154.42 368.39 0.01187 27.20 4.37
13164.18 384.31 0.00561 25.82 3.08
14352.62 401.99 0.00534 20.15 -0.75
15793.09 423.46 0.00512 16.84 -1.44
30908.41 875.56 0.00611 -12.54 0.89
