900.00 305.64 8.39052
0.00 305.64 8.39052 -0.64 3.57
147.40 305.64 8.39052 -0.59 5.02
392.14 305.55 8.37461 -0.82 5.45
641.73 305.60 8.25630 -0.97 5.61
896.68 305.67 8.22452 -0.93 5.62
1157.42 305.76 8.01892 -0.62 5.40
1424.05 305.95 7.67642 -0.21 4.73
1697.21 306.83 6.43800 -0.15 4.03
2266.91 309.51 6.12602 -1.44 3.69
2871.05 311.68 5.89988 -1.59 1.04
3513.30 313.91 3.65306 -0.42 -1.64
4199.38 316.44 2.67529 1.90 -1.60
4937.69 319.45 1.66642 4.60 -1.63
5737.72 322.35 1.27827 8.09 -1.76
6612.15 325.82 1.48065 9.58 0.14
7581.17 330.74 1.06699 12.60 6.31
8670.09 334.61 0.59479 20.42 12.10
9908.56 337.28 0.24685 26.39 18.44
10599.04 340.01 0.11457 29.69 20.95
11369.40 357.11 0.01607 40.16 11.88
12248.78 367.73 0.00653 38.46 4.82
13246.92 376.62 0.00670 31.96 1.67
14407.07 392.86 0.00743 22.05 1.55
15819.57 416.27 0.00671 16.51 -4.53
30808.48 872.64 0.00615 -11.86 0.79
