850.00 303.47 9.12333
0.00 303.47 9.12333 -1.64 0.99
62.97 303.47 9.12333 -2.43 1.59
316.12 303.51 9.02887 -2.88 2.05
575.33 303.55 8.84484 -2.57 2.77
840.59 304.96 8.04671 0.11 2.36
1113.36 306.80 7.16862 3.54 0.39
1684.18 310.14 6.69479 8.57 -2.32
2289.14 312.23 5.76605 11.17 -3.91
2932.84 314.57 5.09225 9.39 -3.57
3621.01 317.10 4.24418 6.62 -2.20
4361.41 320.17 3.49962 3.82 0.43
5164.73 324.19 2.75926 0.19 4.75
6046.14 328.48 1.93264 -1.63 10.38
7020.85 331.69 1.16618 0.73 13.73
8108.68 334.23 0.58179 5.73 10.54
9347.96 337.15 0.24712 6.80 19.28
10039.15 342.43 0.07407 15.03 19.09
10815.12 358.27 0.01699 30.37 16.98
11693.89 366.28 0.00757 31.61 14.51
12688.46 376.66 0.00725 26.69 8.79
13849.07 391.13 0.00742 17.36 5.43
15257.08 417.12 0.00666 11.89 -1.62
30217.30 871.67 0.00615 -13.07 1.04
