900.00 300.48 10.61395
0.00 300.48 10.61395 -4.02 -1.81
45.02 300.48 10.61395 -4.93 -2.21
286.01 300.93 9.97663 -7.98 -3.32
532.25 301.23 9.76452 -9.21 -2.91
784.01 301.62 9.56233 -10.22 -1.34
1041.84 302.56 9.17503 -8.56 1.25
1306.18 303.65 8.36819 -6.32 3.08
1577.60 304.71 7.78057 -3.97 3.77
2142.77 306.58 6.97963 -0.15 2.47
2741.53 309.31 5.85281 1.84 1.29
3379.93 312.26 4.54387 4.56 1.51
4063.26 315.04 3.30768 8.36 2.23
4798.16 317.72 2.29013 10.87 2.51
5594.26 320.74 1.49006 13.01 2.45
6464.46 323.99 0.85806 15.31 2.90
7425.66 327.34 0.52928 16.75 5.39
8502.25 331.33 0.41560 19.06 10.19
9730.42 334.94 0.21133 22.68 17.55
10416.21 336.41 0.09987 24.60 19.65
11170.51 348.40 0.03106 29.49 14.15
12038.53 368.02 0.01461 34.04 9.07
13047.07 382.87 0.00651 32.12 2.86
14228.88 399.34 0.00620 24.47 -1.03
15656.82 420.91 0.00558 19.12 -1.23
30728.76 869.83 0.00618 -11.93 -1.36
