775.00 308.16 7.57440
0.00 308.16 7.57440 -0.84 -0.37
223.13 308.16 7.57440 -1.46 -0.39
497.99 308.52 7.17028 -1.65 -0.05
1069.42 309.79 6.05747 2.17 1.96
1673.00 311.12 5.09955 6.68 3.12
2314.23 313.33 4.44561 9.10 2.23
2999.77 316.44 2.75775 9.38 0.78
3738.39 319.72 1.63326 10.12 0.30
4539.72 322.96 1.30076 11.07 1.82
5415.84 326.15 0.79205 12.69 3.24
6382.26 328.62 0.50262 11.81 3.07
7461.55 331.89 0.35982 14.25 7.50
8694.31 335.88 0.22378 16.73 23.37
9381.93 338.42 0.09346 20.33 22.68
10146.07 352.68 0.02330 27.78 11.74
11018.88 367.84 0.01343 32.99 10.94
12021.46 379.43 0.00867 29.74 6.40
13191.13 395.23 0.00646 22.50 2.38
14609.18 418.39 0.00622 17.74 -2.61
29640.71 872.25 0.00614 -12.15 1.38
