925.00 299.49 10.09283
0.00 299.49 10.09283 -4.67 -1.95
101.59 299.49 10.09283 -6.62 -2.58
336.88 299.48 10.03564 -7.73 -2.44
576.92 299.56 9.66833 -8.62 -1.20
822.23 300.80 8.10598 -7.62 0.78
1073.51 301.54 7.40636 -6.35 1.59
1330.83 302.40 5.92351 -5.49 2.16
1594.49 303.45 4.61897 -3.97 2.71
1865.02 304.24 3.98390 -2.06 3.10
2427.94 305.56 5.43138 1.77 4.16
3024.31 308.27 5.31958 6.65 2.99
3660.11 311.12 3.02036 8.86 1.21
4339.56 313.28 2.35558 9.63 2.41
5070.84 316.70 1.35664 12.42 1.37
5864.29 319.96 1.18303 16.70 -0.17
6733.07 323.59 0.90160 19.12 -2.11
7692.61 326.52 0.50334 19.19 -1.91
8765.15 329.79 0.31958 25.05 3.11
9990.72 334.66 0.18835 34.66 13.45
10676.46 336.76 0.08173 35.33 13.68
11432.80 349.29 0.03641 36.96 7.84
12302.30 367.37 0.01621 34.85 1.98
13307.22 382.31 0.00633 31.66 -0.13
14492.39 401.18 0.00551 23.09 -2.00
15927.67 421.92 0.00523 18.51 -2.65
31022.44 869.67 0.00617 -10.06 -0.34
