900.00 296.16 9.85005
0.00 296.16 9.85005 -1.77 -0.63
89.29 296.16 9.85005 -3.01 -0.88
326.73 296.69 9.56111 -4.96 -0.01
569.75 298.00 8.20218 -4.36 1.34
818.87 299.33 7.38908 -2.65 1.58
1074.17 300.10 5.60989 -1.70 0.43
1335.46 300.26 4.99400 -1.74 0.08
1602.93 300.57 4.85872 -1.63 0.69
2160.50 303.44 5.07190 0.84 0.53
2752.87 306.30 4.76431 3.50 1.20
3384.26 308.98 3.93860 7.37 1.83
4060.25 312.02 3.28477 9.52 2.60
4789.05 315.68 2.56128 11.08 2.90
5580.90 319.35 1.91401 15.12 2.81
6448.50 323.41 1.33874 20.72 3.57
7408.17 326.50 0.79483 25.86 2.70
8477.47 327.48 0.35418 28.39 2.19
9692.70 332.40 0.14604 30.05 9.71
10376.75 337.73 0.08694 31.33 13.48
11137.48 351.47 0.03778 32.86 5.52
12009.58 368.41 0.01235 27.56 3.40
13018.98 384.01 0.00579 26.20 1.30
14206.35 401.74 0.00537 20.59 -1.58
15647.18 423.85 0.00507 16.80 -2.34
30778.40 875.86 0.00610 -12.26 1.30
