900.00 304.53 9.19820
0.00 304.53 9.19820 -3.89 0.94
197.66 304.53 9.19820 -5.46 1.74
441.56 304.49 9.17951 -5.60 2.09
690.45 304.43 9.15490 -5.66 2.54
944.58 304.40 9.12450 -5.53 2.98
1204.24 304.34 9.10593 -5.27 3.54
1469.78 304.43 9.02275 -4.21 4.45
1741.94 305.72 8.07412 -1.38 5.39
2310.31 308.76 5.22148 0.62 5.86
2912.32 310.44 5.38598 2.12 3.91
3551.89 312.69 3.67095 4.04 1.41
4235.06 314.98 2.52962 7.65 0.92
4970.34 318.48 0.76457 9.36 -1.38
5767.85 321.32 0.56149 11.71 -1.89
6638.94 324.45 0.50416 15.30 -1.72
7602.64 328.68 0.49522 20.59 -0.07
8686.18 333.75 0.54841 24.41 6.58
9922.92 336.39 0.22722 33.45 15.15
10611.05 338.17 0.10543 36.21 14.70
11373.05 351.34 0.02516 38.23 6.76
12242.91 366.53 0.01351 40.85 5.61
13244.31 380.57 0.00796 32.12 2.03
14416.94 395.01 0.00665 24.66 -0.84
15833.57 417.80 0.00615 19.94 -4.81
30869.27 874.54 0.00614 -12.29 -0.79
