900.00 302.20 9.97762
0.00 302.20 9.97762 -2.58 -1.17
59.33 302.20 9.97762 -3.85 -1.18
301.58 302.51 9.44479 -6.90 -0.58
549.16 303.24 9.06887 -8.27 1.08
802.67 304.03 8.88284 -8.21 2.84
1062.15 304.30 8.71169 -7.79 4.10
1327.72 304.64 8.60828 -6.35 5.84
1599.88 305.35 8.18535 -3.65 7.16
2166.70 307.61 6.76475 -0.36 6.14
2767.27 310.06 5.24448 0.38 5.56
3406.57 312.85 3.13553 2.63 3.72
4090.48 315.44 2.36054 5.93 1.62
4825.68 317.78 2.08355 8.54 0.60
5621.50 320.60 1.62280 11.57 -0.15
6491.48 324.02 1.17965 15.32 0.13
7453.09 327.68 0.99527 17.67 2.56
8531.97 332.30 0.49973 15.95 5.85
9763.35 335.76 0.22020 28.16 12.14
10450.05 336.54 0.11469 33.53 16.34
11203.34 347.36 0.03343 35.14 9.96
12072.74 369.58 0.01416 37.97 8.84
13084.43 384.12 0.00636 31.09 1.88
14267.67 398.55 0.00663 22.85 -0.56
15690.36 417.38 0.00608 17.98 -2.19
30741.71 873.28 0.00618 -11.78 -1.79
