925.00 295.42 9.71185
0.00 295.42 9.71185 -2.07 -1.09
102.21 295.42 9.71185 -3.18 -1.66
334.36 295.67 9.60269 -3.94 -1.89
571.72 297.11 9.73377 -4.34 -1.80
814.98 298.02 8.75997 -3.50 -1.89
1064.11 299.20 6.84719 -1.80 -2.05
1319.34 300.31 4.42760 -0.46 -1.66
1580.83 300.92 4.13508 0.27 -1.65
1849.14 301.91 4.12117 1.37 -1.46
2408.60 304.21 4.10755 4.73 -1.13
3001.86 306.65 3.75615 7.39 -1.45
3633.33 309.15 2.96922 8.18 -0.24
4309.19 311.70 2.79602 9.06 1.70
5035.93 314.87 2.50735 9.58 2.11
5825.81 318.80 1.83161 14.36 3.69
6692.30 323.14 1.33695 19.21 6.66
7651.18 326.47 0.79766 24.32 7.50
8720.83 327.25 0.34952 26.43 8.55
9932.80 331.62 0.14854 28.45 12.77
10616.34 338.37 0.06287 29.44 12.39
11378.65 351.39 0.03548 27.50 6.39
12250.44 368.78 0.01596 24.12 3.99
13261.47 384.72 0.00587 24.15 1.11
14451.85 403.17 0.00533 19.08 -1.43
15900.07 426.07 0.00510 14.15 -1.15
31027.21 878.71 0.00609 -11.99 -1.03
