900.00 303.86 9.17749
0.00 303.86 9.17749 -4.19 0.52
193.78 303.86 9.17749 -6.19 1.17
437.15 303.67 9.14089 -6.44 1.65
685.37 303.47 9.04201 -6.50 2.07
939.07 304.00 9.02411 -6.42 2.59
1198.51 304.10 8.94674 -6.12 3.33
1463.84 304.29 8.69480 -4.84 4.59
1735.83 305.74 7.29960 -1.54 6.00
2303.97 308.59 5.19252 0.62 6.13
2905.62 310.44 5.01944 2.68 4.07
3545.06 312.83 2.57832 4.49 2.29
4228.52 315.37 1.65392 7.21 1.47
4963.64 318.25 1.19821 9.11 -0.60
5760.66 321.17 0.77240 11.46 -2.03
6631.50 324.22 0.69940 14.52 -1.88
7593.57 327.75 0.73742 18.29 -0.27
8673.72 333.05 0.52762 23.50 5.63
9909.95 336.31 0.22491 33.86 16.11
10597.78 337.82 0.10489 36.06 14.78
11357.64 350.52 0.02668 37.15 7.41
12227.54 367.54 0.01550 38.87 7.38
13232.87 381.81 0.00704 31.19 1.74
14408.05 395.60 0.00666 24.08 -0.65
15824.98 417.28 0.00615 20.29 -3.99
30870.21 874.45 0.00616 -12.08 -1.45
