925.00 299.41 10.13438
0.00 299.41 10.13438 -3.92 -2.44
1.66 299.41 10.13438 -3.73 -2.36
236.78 299.55 10.03778 -6.44 -3.64
476.94 299.69 9.97417 -7.41 -3.65
722.12 299.78 9.96290 -7.91 -3.00
972.81 301.01 7.84381 -8.75 -0.40
1229.75 301.72 7.20387 -7.54 1.32
1492.97 302.45 7.03690 -6.02 2.39
1763.09 303.38 6.94896 -4.64 3.34
2326.11 305.76 6.33093 -1.21 4.99
2923.22 308.48 5.60532 3.60 3.12
3559.02 311.07 3.45095 7.34 1.85
4239.39 313.83 2.42658 11.33 2.83
4971.49 316.77 2.02440 14.15 2.45
5765.86 320.44 1.51424 17.28 1.37
6636.21 324.15 0.86384 18.61 0.32
7597.31 327.03 0.49699 19.70 1.80
8671.79 330.29 0.33019 22.68 8.29
9896.80 334.22 0.16431 27.67 17.15
10581.56 336.33 0.08624 27.51 17.34
11337.55 349.16 0.03379 33.17 11.27
12207.00 368.02 0.01565 33.12 4.62
13212.99 381.91 0.00638 30.80 1.59
14395.05 400.21 0.00561 24.17 -1.55
15830.17 423.06 0.00522 18.65 -3.07
30923.73 868.92 0.00618 -11.13 -0.04
