900.00 305.68 9.13895
0.00 305.68 9.13895 -4.12 1.74
89.26 305.68 9.13895 -5.80 2.80
334.01 305.55 8.81556 -6.24 3.53
583.88 305.66 8.71600 -6.38 4.12
838.95 305.56 8.77314 -6.34 4.56
1099.58 305.47 8.81096 -5.97 5.11
1365.99 305.43 8.76742 -4.72 6.31
1638.84 306.26 8.13195 -0.85 6.95
2207.64 309.24 5.97719 1.64 4.02
2811.35 311.07 4.88091 1.93 3.18
3451.79 313.25 2.82245 3.20 2.24
4136.32 315.75 2.13851 5.84 1.52
4872.21 318.25 1.51335 8.34 0.15
5669.15 321.04 1.09495 11.31 -0.44
6539.97 324.30 0.83166 15.33 -0.11
7503.10 328.44 0.64186 20.56 0.80
8585.19 333.08 0.53912 22.44 5.27
9821.01 336.21 0.22504 30.93 18.36
10508.58 337.83 0.10554 33.36 17.46
11269.77 351.11 0.02470 36.42 8.56
12139.78 367.12 0.01357 39.43 8.54
13143.52 381.45 0.00764 31.42 4.16
14320.95 396.90 0.00658 22.19 -0.65
15738.49 416.26 0.00629 18.55 -4.04
30774.55 875.34 0.00613 -12.18 -0.31
