875.00 297.15 8.61019
0.00 297.15 8.61019 -2.06 -0.44
220.99 297.15 8.61019 -4.89 0.42
464.17 298.00 8.48799 -4.40 1.41
713.38 299.41 7.00371 -2.50 1.44
968.76 300.12 5.82626 -1.49 0.11
1230.12 300.30 5.32257 -1.23 -0.48
1497.64 300.51 5.08514 -1.04 0.10
2055.41 303.69 5.17274 1.75 0.61
2648.52 306.54 4.78319 4.66 1.16
3280.22 309.13 3.79267 7.49 1.18
3956.41 312.02 3.28047 9.17 2.18
4685.22 315.75 2.54342 11.35 2.93
5477.22 319.41 1.92599 15.20 3.46
6344.95 323.50 1.36108 20.30 4.46
7304.93 326.67 0.81201 25.51 3.54
8374.40 327.41 0.35725 27.54 2.75
9589.02 332.33 0.15189 29.06 10.43
10272.87 337.60 0.08486 30.02 13.59
11033.14 351.20 0.03777 32.21 5.92
11904.98 368.57 0.01261 27.24 3.73
12915.25 384.39 0.00579 25.80 1.79
14103.68 402.07 0.00534 20.22 -1.12
15545.48 423.93 0.00517 16.40 -2.05
30673.29 876.51 0.00610 -12.48 1.11
