900.00 303.44 10.31302
0.00 303.44 10.31302 -0.25 2.60
43.36 303.44 10.31302 -0.32 3.20
286.59 303.63 9.80718 -0.19 4.79
535.08 303.79 9.42831 0.48 4.92
788.87 304.22 9.06884 0.98 4.38
1048.76 305.01 8.62124 0.97 3.87
1314.97 305.56 8.40324 1.74 2.86
1588.07 306.62 8.11628 3.19 1.23
2158.18 309.64 6.92447 0.65 -0.10
2762.65 311.26 6.53126 -3.76 0.79
3404.90 314.15 5.34496 -5.12 -0.31
4092.00 316.69 4.06792 -4.33 0.10
4831.77 320.15 3.24808 -2.77 2.12
5634.80 323.72 2.69038 -0.64 2.81
6515.88 328.84 1.94392 2.11 4.86
7493.29 333.07 1.26703 9.53 9.05
8586.67 335.83 0.64733 13.69 9.47
9830.39 338.49 0.26767 16.13 15.19
10523.26 341.80 0.11027 21.79 15.94
11298.42 357.98 0.01176 37.18 12.68
12175.00 365.63 0.00828 35.64 9.45
13169.46 376.09 0.00707 27.37 8.08
14325.13 389.77 0.00740 20.02 1.70
15731.51 415.86 0.00680 14.01 -2.63
30687.75 871.13 0.00617 -12.28 1.81
