900.00 297.88 9.74050
0.00 297.88 9.74050 -2.92 -1.88
213.54 297.88 9.74050 -5.12 -2.93
452.34 298.03 9.71776 -5.88 -2.93
696.22 298.68 8.64910 -5.93 -1.84
946.12 300.28 5.89924 -5.46 -0.17
1201.91 300.57 5.61220 -4.50 -0.37
1463.81 301.20 5.11388 -3.50 -0.38
1732.45 302.16 5.17995 -1.94 0.15
2292.72 304.50 5.83659 1.77 2.69
2887.79 307.68 5.26639 5.94 2.62
3521.65 309.99 3.55259 9.22 2.95
4199.50 312.68 3.05113 11.09 4.18
4930.12 316.34 2.61701 14.26 3.02
5723.67 320.03 1.94140 19.04 2.43
6593.70 324.20 1.25408 22.40 2.02
7554.85 326.69 0.69417 22.31 0.88
8626.21 328.82 0.36792 24.10 5.48
9845.72 333.24 0.14191 25.63 12.84
10530.23 337.20 0.09491 26.96 15.60
11289.12 350.73 0.03856 32.87 8.96
12159.43 367.35 0.01283 29.89 3.69
13164.96 382.60 0.00584 28.46 2.75
14349.32 401.03 0.00529 22.60 -1.54
15787.45 423.28 0.00511 18.19 -3.40
30901.90 871.78 0.00614 -11.75 1.41
