850.00 305.39 9.61333
0.00 305.39 9.61333 -0.07 1.64
182.25 305.39 9.61333 -0.41 2.36
437.56 305.49 9.35934 0.27 2.64
698.09 305.62 9.20009 0.88 1.75
964.96 306.23 8.66194 1.80 0.92
1238.73 307.43 7.96535 2.50 0.33
1809.55 309.65 7.16096 3.56 -0.84
2413.94 311.57 6.14657 -0.71 -0.49
3056.70 314.46 4.98709 -2.69 -0.73
3744.39 317.05 3.39657 -2.11 0.38
4484.46 320.10 2.66887 -0.96 1.52
5286.68 323.28 2.41267 0.48 1.87
6165.39 327.87 1.81923 3.55 4.81
7140.35 332.47 1.21409 7.87 9.50
8232.05 334.93 0.60809 13.79 10.87
9472.76 337.83 0.25568 15.37 17.08
10164.21 340.91 0.11174 20.84 18.43
10937.58 357.90 0.01441 35.65 14.47
11815.69 366.46 0.00800 35.05 10.67
12812.70 377.36 0.00662 27.07 6.37
13971.58 390.19 0.00751 19.26 3.50
15378.16 415.97 0.00685 14.15 -2.91
30345.00 871.47 0.00616 -12.59 1.50
