900.00 298.78 9.77135
0.00 298.78 9.77135 -2.93 -2.53
38.69 298.78 9.77135 -3.25 -2.93
278.17 298.95 9.63821 -5.94 -4.48
522.74 299.18 9.44427 -7.52 -4.33
772.91 300.54 6.42013 -7.92 -2.43
1028.98 300.76 6.17031 -6.78 -1.88
1291.23 301.51 6.40084 -4.77 -1.10
1560.62 302.96 6.51402 -2.42 0.25
2123.05 305.45 6.41732 1.95 1.80
2719.80 308.32 5.02152 3.61 2.33
3355.09 310.72 3.93671 7.69 2.87
4034.88 313.61 3.33869 11.11 3.69
4767.03 316.63 2.73167 13.67 3.68
5560.96 320.06 1.91822 16.79 3.97
6430.38 323.88 1.19679 19.72 3.47
7390.94 326.72 0.72057 19.82 2.51
8462.91 329.11 0.38923 20.32 7.14
9682.67 333.32 0.14023 20.98 14.47
10367.49 337.44 0.07878 23.29 17.02
11126.54 350.70 0.03778 30.59 11.24
11997.97 368.43 0.01349 30.11 5.41
13006.10 383.10 0.00585 28.12 3.36
14190.21 400.23 0.00547 22.11 -0.73
15624.56 422.56 0.00519 18.74 -2.14
30726.48 871.05 0.00616 -12.33 0.61
