900.00 300.48 9.84154
0.00 300.48 9.84154 -4.49 -2.01
179.52 300.48 9.84154 -7.17 -2.99
420.40 300.59 9.80159 -8.06 -3.00
666.29 300.77 9.78710 -8.81 -2.53
917.51 301.02 9.38729 -9.62 -0.62
1174.81 302.12 8.27142 -8.12 1.88
1438.62 303.06 7.74655 -6.61 3.56
1709.35 304.03 7.23635 -4.90 4.77
2273.69 306.42 6.26665 -1.26 5.57
2871.75 308.88 5.76919 2.58 2.94
3508.64 311.54 3.71343 5.83 1.39
4190.29 314.46 2.55110 10.20 1.98
4923.68 317.25 1.91465 13.14 1.78
5718.79 320.54 1.31678 15.92 1.32
6588.82 323.94 0.75971 17.65 1.11
7549.30 326.94 0.49700 19.00 3.21
8624.26 330.74 0.39216 21.96 9.23
9851.06 334.61 0.19664 26.99 17.74
10536.28 336.22 0.09597 28.07 19.28
11291.50 348.89 0.03121 32.62 12.38
12160.80 368.37 0.01499 34.59 6.03
13168.52 382.30 0.00656 31.74 1.11
14350.02 399.79 0.00579 24.52 -1.44
15782.29 422.46 0.00541 18.78 -2.14
30864.79 868.95 0.00619 -11.22 -0.93
