800.00 310.00 6.78639
0.00 310.00 6.78639 0.21 0.56
186.55 310.00 6.78639 0.65 0.85
456.66 309.94 6.71372 0.91 1.11
733.08 310.16 6.44220 1.66 1.30
1307.21 311.24 6.12573 6.30 1.56
1913.97 312.87 5.61709 7.34 2.07
2558.49 314.67 4.02192 7.12 1.52
3245.84 316.99 1.98520 7.14 1.27
3984.26 319.14 1.39603 8.51 1.72
4783.01 321.70 1.03222 8.56 1.53
5655.74 325.07 0.78292 8.47 1.46
6620.58 328.45 0.65181 7.70 4.61
7699.77 331.81 0.41498 9.85 10.78
8931.10 335.66 0.21544 7.59 24.81
9619.90 340.41 0.04566 13.44 20.61
10389.54 356.00 0.02169 24.86 15.87
11270.20 369.98 0.00838 30.63 14.66
12274.61 379.52 0.00763 28.12 8.33
13446.28 396.16 0.00675 18.64 2.39
14862.90 416.46 0.00659 14.16 -1.36
29865.12 867.93 0.00618 -11.33 0.93
