875.00 305.74 9.60583
0.00 305.74 9.60583 -1.59 3.55
48.20 305.74 9.60583 -2.05 4.34
298.28 305.84 9.28849 -2.64 6.47
553.70 305.91 8.96399 -2.75 7.21
814.81 306.36 8.41439 -2.97 7.61
1082.14 306.73 8.26533 -3.06 7.95
1356.08 307.33 8.05171 -1.89 7.33
1926.65 309.91 7.17892 2.96 2.21
2531.84 311.60 5.74575 4.00 -0.51
3174.03 313.89 4.22294 4.02 -0.81
3860.34 316.42 2.73094 5.15 -0.70
4598.20 319.17 1.72060 7.85 -0.68
5398.15 322.54 1.19442 11.48 -0.38
6273.55 325.98 0.97333 13.28 0.92
7240.92 329.55 0.95042 13.01 3.42
8325.61 333.56 0.55747 14.89 11.37
9561.73 336.50 0.23393 24.80 20.77
10249.56 337.54 0.11802 27.09 21.99
11013.39 355.25 0.02345 35.81 14.16
11891.61 368.02 0.00746 38.86 7.95
12891.22 377.88 0.00825 32.83 3.25
14058.66 395.56 0.00672 21.91 2.04
15476.05 416.76 0.00647 15.60 -3.83
30486.37 872.13 0.00614 -11.83 1.33
