775.00 306.06 8.35654
0.00 306.06 8.35654 -1.52 -1.88
75.67 306.06 8.35654 -1.96 -2.22
349.03 306.84 8.35846 -2.95 -3.00
918.11 308.12 7.16193 -2.72 -0.69
1519.53 310.90 4.98101 5.23 0.51
2160.79 313.53 4.15424 10.34 1.85
2846.43 316.43 2.31641 11.30 2.00
3584.85 319.59 1.17529 11.61 2.41
4385.23 322.54 0.76356 11.40 3.29
5259.49 325.36 0.49390 10.14 3.81
6224.43 328.42 0.30155 10.45 3.81
7302.50 331.00 0.22765 14.77 6.61
8530.77 335.53 0.20786 20.39 22.21
9219.16 338.73 0.05970 20.97 17.93
9979.02 349.67 0.02671 24.20 10.85
10847.50 367.83 0.01498 31.05 11.54
11852.21 380.78 0.00728 29.41 7.51
13026.99 396.98 0.00654 23.58 2.80
14450.13 418.59 0.00610 17.82 -2.41
29495.88 873.28 0.00614 -13.01 0.26
