925.00 299.49 10.22235
0.00 299.49 10.22235 -4.19 -2.21
71.89 299.49 10.22235 -5.66 -2.87
307.22 299.48 10.03436 -7.24 -3.25
547.30 299.68 9.99592 -7.71 -2.79
792.57 300.11 9.35140 -8.46 -1.18
1043.56 301.36 7.55216 -8.16 0.91
1300.62 302.04 6.61018 -6.79 2.16
1564.10 303.01 6.03530 -5.12 2.94
1834.40 303.55 6.22857 -3.63 3.32
2397.37 305.67 5.92380 0.36 5.00
2994.23 308.50 5.26838 5.24 3.13
3630.03 311.07 3.19023 7.65 1.53
4309.81 313.60 2.04400 10.94 2.51
5041.60 316.79 1.71425 13.79 1.97
5835.71 320.28 1.37968 17.35 0.71
6705.71 324.06 0.87273 18.84 -0.60
7666.51 326.94 0.51207 19.42 0.51
8740.52 330.17 0.33092 24.01 6.51
9965.84 334.34 0.17821 30.37 16.14
10650.86 336.40 0.08512 30.89 16.40
11406.64 348.87 0.03518 34.79 10.25
12275.58 367.62 0.01613 33.98 3.45
13280.65 381.87 0.00638 31.45 0.90
14463.99 400.87 0.00542 23.94 -1.96
15900.13 422.77 0.00523 18.31 -3.06
30993.94 869.06 0.00619 -10.62 -0.14
