925.00 298.10 9.65063
0.00 298.10 9.65063 -3.63 -1.47
166.42 298.10 9.65063 -5.46 -1.91
400.63 298.16 9.61136 -6.06 -1.78
639.55 298.28 9.32796 -6.58 -0.58
883.81 299.47 7.97435 -5.77 1.83
1133.82 300.01 6.89584 -4.84 2.34
1389.74 301.05 5.58261 -4.46 1.71
1652.25 302.06 4.64074 -3.82 0.80
1921.38 302.45 4.21013 -2.51 0.11
2481.09 304.02 5.28936 2.07 0.82
3075.17 307.34 5.17290 7.67 1.29
3708.93 310.13 3.11409 11.18 2.34
4386.29 312.41 2.64281 11.50 3.38
5116.04 316.11 2.28480 13.05 1.68
5908.88 319.71 1.95721 18.25 -1.12
6777.66 323.70 1.32016 22.81 -2.44
7737.76 326.43 0.68673 22.58 -2.09
8808.89 329.07 0.31119 26.79 3.55
10030.70 333.42 0.12586 30.51 10.91
10714.75 336.63 0.08422 32.84 12.45
11472.42 350.45 0.04093 35.36 6.13
12342.27 366.75 0.01346 32.09 2.13
13346.63 382.64 0.00586 29.98 0.05
14531.91 401.35 0.00534 22.31 -2.85
15970.70 423.29 0.00506 18.02 -3.20
31089.38 871.55 0.00615 -10.41 1.07
