900.00 295.99 9.85832
0.00 295.99 9.85832 -1.42 -0.13
131.80 295.99 9.85832 -2.84 1.05
369.21 296.77 9.12961 -4.50 2.51
612.25 297.99 8.33102 -3.41 3.42
861.34 299.16 7.24073 -1.70 2.78
1116.60 299.91 5.82320 -0.98 1.29
1377.71 300.03 5.39422 -1.06 0.82
1645.00 300.28 5.13252 -1.19 0.77
2201.80 303.05 4.72851 -0.02 -0.42
2792.90 305.67 4.20867 1.80 -0.15
3422.91 308.54 3.85950 5.28 0.44
4097.98 311.77 3.13602 8.81 1.39
4825.88 315.29 2.48161 10.16 3.23
5616.90 319.13 1.86337 12.51 3.30
6483.46 322.97 1.30371 18.00 4.08
7442.07 326.40 0.79530 25.65 4.80
8511.44 327.27 0.35170 28.93 3.44
9724.07 331.77 0.15651 31.91 9.51
10407.56 338.03 0.07362 33.11 12.04
11169.26 351.68 0.03753 31.94 4.83
12042.32 369.13 0.01352 26.10 2.82
13053.56 384.61 0.00581 24.88 0.52
14243.12 402.62 0.00547 19.33 -1.22
15686.80 424.62 0.00509 15.64 -1.58
30822.81 877.96 0.00608 -12.51 0.48
