900.00 296.94 9.47324
0.00 296.94 9.47324 -2.44 -1.03
96.25 296.94 9.47324 -3.51 -1.28
334.22 297.29 9.18068 -5.14 -1.47
577.53 298.17 8.34833 -4.96 -0.50
826.85 299.61 6.79096 -3.89 0.40
1082.34 300.27 5.72779 -2.95 -0.30
1343.88 300.67 5.01972 -2.38 -0.81
1611.94 301.38 4.82122 -1.47 -0.20
2170.88 304.06 5.39695 2.47 1.64
2765.06 307.17 5.04599 6.11 2.03
3397.82 309.42 3.75870 9.06 2.32
4074.65 312.28 3.32784 10.22 3.45
4804.43 316.14 2.65343 12.52 2.73
5597.35 319.71 1.95306 17.54 2.87
6466.17 323.86 1.36057 22.66 3.50
7426.86 326.64 0.76600 24.60 1.34
8496.83 328.05 0.37064 26.47 3.43
9714.09 332.83 0.14423 27.20 11.11
10398.35 337.47 0.09576 28.43 14.71
11158.21 351.13 0.03765 32.74 7.17
12029.13 367.70 0.01210 28.71 3.86
13036.60 383.46 0.00568 27.28 2.46
14222.79 401.45 0.00542 21.51 -1.57
15662.30 423.45 0.00509 17.50 -2.90
30784.80 873.99 0.00613 -12.09 1.55
