925.00 297.34 9.17617
0.00 297.34 9.17617 -2.43 -1.02
177.46 297.34 9.17617 -4.22 -1.10
410.94 297.34 9.11952 -5.00 -0.91
649.17 297.51 8.84774 -5.56 0.41
892.68 298.60 7.92783 -4.68 3.18
1142.17 299.46 7.21476 -3.83 2.84
1397.57 300.12 6.55830 -3.26 1.72
1659.32 300.94 5.10610 -2.26 0.65
1927.38 300.99 4.95792 -1.83 0.14
2484.38 302.97 4.34010 0.48 -1.71
3075.84 305.96 4.14699 3.74 -0.88
3706.90 309.03 3.96397 8.39 0.66
4382.96 312.09 3.16588 11.25 1.62
5111.87 315.67 2.46691 11.79 1.68
5903.00 318.94 1.82595 14.18 0.79
6769.89 323.22 1.32948 20.62 0.33
7728.88 326.11 0.72652 26.30 -0.64
8798.10 328.11 0.32271 29.90 1.18
10015.67 332.77 0.12051 30.80 7.96
10700.08 337.57 0.08039 33.88 10.94
11459.79 350.72 0.03976 34.04 3.01
12329.39 367.15 0.01343 29.48 1.86
13336.34 383.46 0.00578 27.87 -0.71
14522.38 401.44 0.00544 21.46 -2.62
15963.57 424.73 0.00513 17.44 -2.86
31102.49 874.38 0.00611 -11.21 1.16
