775.00 307.90 8.81980
0.00 307.90 8.81980 0.05 1.60
265.10 307.90 8.81980 0.10 2.72
539.91 307.89 8.50138 0.98 3.36
1111.34 309.94 6.55505 5.45 2.57
1716.07 311.94 5.69391 7.18 0.57
2359.23 314.33 4.69362 7.27 -0.69
3046.66 316.96 3.31583 7.53 -0.20
3786.28 319.77 2.19479 7.42 0.33
4587.14 322.57 1.74736 8.78 0.73
5462.47 325.82 1.46375 10.47 2.17
6429.76 329.91 1.03938 10.44 5.10
7514.88 333.56 0.55340 9.85 12.44
8751.06 336.63 0.23519 17.46 21.57
9439.24 337.32 0.12202 19.54 23.77
10202.72 355.44 0.02338 31.69 17.08
11082.21 368.67 0.00651 36.52 11.41
12083.00 378.21 0.00727 31.66 4.34
13249.72 394.65 0.00700 20.93 2.70
14665.53 417.94 0.00650 15.62 -3.03
29669.83 870.39 0.00617 -11.71 0.51
