900.00 300.36 9.82008
0.00 300.36 9.82008 -3.95 -2.07
89.75 300.36 9.82008 -5.60 -2.73
330.48 300.46 9.56016 -7.75 -3.46
576.17 300.58 9.27819 -8.77 -3.27
827.16 300.63 9.24629 -9.92 -2.15
1084.07 301.73 8.18370 -9.33 0.32
1347.63 302.87 7.82052 -6.63 1.29
1618.36 304.12 7.62432 -3.80 1.64
2183.04 306.47 6.61027 1.54 1.03
2781.40 308.85 5.52689 2.90 1.56
3418.73 311.90 4.33075 7.02 2.11
4101.06 314.54 3.26392 9.86 2.69
4834.84 317.29 2.35344 11.70 2.75
5630.12 320.50 1.56117 14.24 2.45
6500.00 323.91 0.82252 16.92 2.40
7460.64 326.97 0.51119 17.38 4.15
8535.59 330.57 0.31755 18.37 9.79
9760.40 334.23 0.14662 22.24 17.90
10445.78 336.55 0.08045 21.68 18.38
11201.41 349.05 0.03141 29.73 13.12
12071.16 368.74 0.01521 32.84 8.34
13080.31 383.02 0.00650 30.85 3.34
14263.50 399.68 0.00586 23.45 -1.20
15692.86 421.50 0.00544 19.20 -1.08
30774.64 869.50 0.00618 -12.24 -0.77
