900.00 301.46 11.08031
0.00 301.46 11.08031 -1.73 -1.30
46.50 301.46 11.08031 -2.69 -1.57
288.31 302.14 9.71980 -6.36 -0.77
535.64 302.91 9.32472 -7.60 0.77
789.12 303.98 9.11247 -8.11 2.54
1048.63 304.31 8.88769 -7.72 4.36
1314.17 304.62 8.83329 -6.21 6.03
1586.39 305.35 8.34799 -3.51 7.56
2153.05 307.25 6.85747 0.11 6.28
2752.99 309.98 5.06676 0.24 5.44
3392.53 313.02 3.44953 2.68 3.65
4076.83 315.50 2.77248 6.10 1.67
4812.29 317.86 2.30292 8.79 0.79
5608.49 320.80 1.72321 11.67 0.39
6479.31 324.42 1.17248 15.30 1.02
7442.45 328.24 0.94905 17.60 3.55
8522.42 332.38 0.51528 15.01 6.18
9753.65 335.70 0.21915 25.95 12.05
10440.15 336.43 0.11620 31.49 17.00
11192.22 346.19 0.03414 33.78 10.64
12058.76 368.76 0.01460 37.81 9.41
13069.18 383.91 0.00646 31.82 2.48
14252.82 399.03 0.00664 23.46 -0.70
15677.45 417.91 0.00606 17.51 -2.25
30728.80 873.13 0.00617 -11.83 -1.70
