900.00 299.53 9.55582
0.00 299.53 9.55582 -3.83 -2.44
17.06 299.53 9.55582 -4.23 -2.59
257.14 299.75 9.53152 -7.11 -4.14
502.28 299.80 9.41197 -8.48 -4.40
752.79 300.41 8.59063 -9.11 -2.87
1009.29 301.28 7.46793 -8.14 -1.07
1272.24 302.19 7.34088 -5.69 -0.21
1542.28 303.46 7.25618 -2.85 0.57
2106.02 306.08 6.48945 2.25 1.35
2704.02 308.85 5.00773 3.72 2.22
3340.69 311.46 3.99660 7.66 2.53
4021.95 314.13 3.25375 10.50 3.21
4754.96 316.92 2.59094 12.51 3.09
5549.41 320.20 1.72604 15.36 3.04
6418.82 323.82 0.95056 18.10 2.84
7379.13 326.76 0.60335 18.13 3.51
8452.48 329.78 0.34833 18.45 8.82
9674.48 333.73 0.12944 20.45 16.10
10359.66 337.10 0.07500 21.67 17.86
11116.92 349.70 0.03525 29.96 12.55
11987.44 368.71 0.01503 31.52 6.93
12996.23 383.10 0.00610 29.50 3.42
14180.13 399.89 0.00557 22.68 -1.12
15611.84 422.11 0.00529 18.98 -1.52
30703.91 869.98 0.00617 -12.34 -0.11
