900.00 302.15 9.15754
0.00 302.15 9.15754 -4.04 -1.23
220.61 302.15 9.15754 -7.38 -1.55
462.65 302.21 9.03326 -8.49 -1.10
709.76 302.35 8.88745 -9.00 0.18
962.28 302.89 8.62427 -8.58 2.41
1221.00 303.85 8.26764 -6.82 4.49
1486.34 304.78 7.61704 -4.45 5.29
1758.34 305.12 7.15429 -2.94 5.64
2324.07 307.49 5.64689 -0.51 6.15
2923.90 309.60 5.32036 2.54 4.99
3562.07 312.08 2.91810 4.38 2.58
4243.64 314.49 1.85047 5.75 0.76
4976.96 317.52 1.32492 8.82 -0.54
5772.55 320.71 0.90110 12.44 -2.05
6642.07 323.67 0.67682 15.22 -1.91
7601.82 326.72 0.65596 17.65 0.16
8676.85 331.14 0.46755 20.03 4.08
9907.47 335.95 0.22153 32.31 12.80
10594.68 336.90 0.11511 37.45 15.18
11352.30 350.95 0.03717 36.50 8.36
12226.33 369.81 0.01489 35.75 5.02
13236.86 382.82 0.00647 31.05 -0.19
14415.81 397.74 0.00649 23.86 0.40
15837.68 418.22 0.00587 19.80 -2.12
30900.20 872.05 0.00620 -11.20 -2.17
