900.00 304.02 9.52819
0.00 304.02 9.52819 -0.19 2.82
79.56 304.02 9.52819 -0.41 4.42
323.04 304.08 9.23415 -0.71 5.24
571.61 304.11 9.14348 -0.93 5.70
825.68 304.49 8.85653 -0.44 5.25
1085.75 305.40 8.32548 0.94 3.87
1352.34 306.03 8.04460 2.67 2.03
1625.75 307.13 7.53422 2.46 0.98
2196.88 310.22 6.65773 -2.66 2.34
2801.91 311.48 6.25063 -4.94 1.42
3444.24 314.15 4.57695 -4.44 -0.83
4130.90 316.56 3.30696 -2.35 -0.35
4870.01 319.86 2.59974 0.19 0.91
5671.94 323.14 2.38218 2.43 1.66
6550.79 328.08 1.86776 3.48 3.75
7526.08 332.51 1.21535 10.25 8.63
8618.34 335.53 0.63254 15.46 10.70
9861.09 338.41 0.26595 18.56 15.99
10553.45 340.64 0.12066 22.70 17.20
11325.85 357.45 0.01295 38.11 12.60
12202.94 366.26 0.00816 36.41 8.63
13199.34 376.83 0.00653 28.18 6.25
14356.64 390.48 0.00755 20.75 1.73
15764.85 416.04 0.00683 14.22 -3.49
30729.10 872.22 0.00617 -12.17 1.59
