900.00 300.48 12.36282
0.00 300.48 12.36282 -1.54 -1.45
50.76 300.48 12.36282 -2.19 -1.94
292.11 301.55 10.33649 -6.08 -1.21
539.15 302.52 9.66168 -7.28 0.50
792.47 303.65 9.31981 -8.04 2.44
1051.83 304.25 9.06771 -7.81 4.70
1317.40 304.66 8.88748 -6.14 6.51
1589.71 305.57 8.35593 -3.39 7.74
2156.48 307.13 6.69596 0.37 5.83
2756.11 309.95 4.84141 0.95 4.76
3395.76 313.08 3.66662 3.15 3.26
4080.18 315.48 3.10085 6.30 1.72
4815.72 317.89 2.44637 8.93 0.96
5612.28 321.00 1.74087 11.61 0.90
6483.76 324.71 1.09174 14.92 1.79
7447.91 328.63 0.81279 17.21 4.25
8528.68 332.47 0.52971 15.44 6.37
9760.67 335.86 0.21928 24.01 12.72
10447.43 336.54 0.11742 29.19 17.77
11199.19 345.58 0.03469 31.86 11.21
12063.28 367.65 0.01522 37.05 9.85
13071.82 383.40 0.00655 32.43 3.25
14254.90 399.22 0.00659 24.21 -0.71
15680.85 418.44 0.00599 17.38 -2.40
30732.61 872.97 0.00617 -11.91 -1.58
