775.00 310.96 5.74470
0.00 310.96 5.74470 0.47 1.08
129.99 310.96 5.74470 0.97 2.18
407.35 311.59 5.48918 2.18 2.57
983.14 311.69 5.13696 4.18 2.08
1589.14 312.18 4.90326 6.05 1.13
2231.06 313.18 4.45397 7.56 -0.56
2915.53 315.88 2.74919 7.86 -0.92
3653.59 319.76 1.11797 8.73 -0.35
4454.48 322.68 1.26402 8.99 1.63
5329.25 325.38 0.84217 10.49 4.62
6293.45 327.89 0.58748 10.83 4.81
7369.99 330.79 0.25628 13.63 7.75
8599.79 335.80 0.21770 15.89 24.96
9288.38 339.62 0.05648 18.91 20.89
10053.95 353.21 0.02314 26.10 12.38
10928.80 369.12 0.01352 31.21 12.17
11934.53 380.45 0.00804 27.90 6.60
13106.97 395.83 0.00648 20.95 2.09
14525.12 417.87 0.00627 16.81 -2.07
29553.99 871.95 0.00613 -12.49 1.55
