875.00 300.74 10.26704
0.00 300.74 10.26704 -3.29 -1.69
204.40 300.74 10.26704 -6.37 -2.86
450.55 301.12 9.56842 -8.96 -3.19
702.16 301.38 9.37218 -10.41 -1.77
959.48 302.19 8.98304 -9.59 0.63
1223.62 303.49 8.52705 -6.84 1.58
1494.99 304.73 8.18671 -4.29 1.84
2060.36 306.56 6.52608 0.78 0.56
2658.44 308.98 5.48376 2.72 0.61
3296.56 312.37 4.50473 6.23 1.35
3980.04 315.04 3.45815 9.06 2.12
4714.86 317.71 2.35694 10.53 2.72
5511.11 320.81 1.57833 12.15 2.86
6381.52 324.05 0.89722 14.54 3.18
7342.77 327.30 0.55342 15.51 5.27
8419.56 331.32 0.33077 17.42 9.85
9646.92 334.65 0.18339 21.61 17.84
10332.60 336.59 0.08176 21.86 18.56
11087.52 348.56 0.03057 28.10 13.91
11955.95 368.47 0.01456 33.30 9.92
12964.74 382.95 0.00647 31.64 4.17
14147.47 399.70 0.00619 23.94 -0.71
15574.95 420.17 0.00567 18.91 -0.97
30645.92 870.19 0.00617 -12.42 -1.20
