800.00 307.80 8.49597
0.00 307.80 8.49597 -0.50 0.98
51.41 307.80 8.49597 -0.51 1.09
319.86 307.89 8.54425 -0.21 2.17
594.65 308.00 8.41196 0.56 2.70
1166.38 310.18 7.26191 6.89 1.66
1772.10 312.41 6.33884 10.79 -0.33
2416.82 315.13 5.13124 9.86 -3.13
3105.99 317.46 3.43186 7.85 -2.23
3846.42 320.03 2.38012 6.84 0.49
4647.95 322.63 2.08648 6.27 3.20
5523.86 325.96 1.74914 5.84 5.81
6492.42 330.35 1.14364 5.40 9.03
7579.76 334.61 0.58494 4.54 11.37
8818.03 336.54 0.23502 6.39 21.30
9507.84 340.65 0.06655 12.02 20.75
10278.71 356.69 0.02239 26.10 17.31
11158.71 368.01 0.00680 30.28 14.94
12156.80 377.49 0.00641 28.05 7.97
13322.09 393.86 0.00758 17.33 5.05
14732.80 416.37 0.00675 14.25 -3.36
29709.99 871.87 0.00615 -11.94 -0.60
