900.00 297.45 10.00600
0.00 297.45 10.00600 -1.50 -2.33
113.14 297.45 10.00600 -2.88 -3.81
351.65 298.11 8.93522 -5.23 -4.45
595.68 299.07 7.71321 -5.81 -3.40
845.25 299.59 5.89820 -5.87 -2.62
1100.48 300.01 5.94477 -5.17 -2.22
1362.17 301.12 5.97732 -3.86 -1.43
1631.17 302.71 5.85394 -1.97 -0.21
2192.18 304.40 5.68487 1.53 0.48
2786.77 307.33 4.61448 4.82 0.50
3420.22 309.98 4.01167 8.71 1.23
4098.43 313.03 3.38466 11.33 3.05
4829.50 316.42 2.60300 14.15 4.46
5623.18 320.11 1.96202 17.34 5.20
6492.62 323.94 1.34777 20.39 5.06
7453.42 326.78 0.80993 21.89 2.95
8524.12 328.22 0.37220 23.01 5.68
9741.38 332.78 0.12714 21.34 13.50
10425.49 337.45 0.07203 24.35 15.47
11185.76 351.40 0.03600 29.70 9.03
12057.95 368.51 0.01129 28.17 5.24
13067.41 384.06 0.00561 26.48 3.66
14254.88 401.53 0.00537 20.50 -0.59
15692.90 422.80 0.00507 17.39 -1.56
30799.61 873.72 0.00612 -12.50 0.76
