825.00 308.95 7.72718
0.00 308.95 7.72718 0.31 0.76
94.33 308.95 7.72718 0.57 1.43
357.81 309.32 6.91344 1.46 1.82
627.58 309.81 6.01032 3.20 2.05
903.77 310.29 5.44521 5.72 2.08
1477.65 311.06 5.50228 6.94 1.30
2083.78 312.69 4.91254 6.99 1.11
2727.48 314.38 4.10440 7.10 0.96
3414.50 316.67 2.95215 6.67 0.64
4152.89 319.15 2.01593 7.09 0.67
4952.13 321.83 1.54759 7.69 1.04
5824.83 324.88 1.07827 8.52 1.73
6788.94 328.36 0.84182 8.60 3.85
7868.89 332.22 0.49646 10.81 11.57
9101.49 335.83 0.21595 11.26 24.87
9789.37 339.42 0.07091 15.32 23.05
10557.23 355.31 0.02222 26.68 15.50
11436.31 369.59 0.00975 32.06 13.52
12441.02 379.87 0.00816 28.55 6.98
13612.64 395.75 0.00654 19.21 1.88
15028.14 416.56 0.00647 15.61 -1.44
30039.84 869.00 0.00618 -11.63 1.32
