800.00 308.38 8.48877
0.00 308.38 8.48877 -0.14 1.24
115.18 308.38 8.48877 -0.07 1.68
384.11 308.42 8.29845 0.14 1.97
659.48 308.99 7.75921 1.38 1.75
1232.77 310.81 6.78881 7.46 2.16
1839.36 312.72 6.48919 10.61 1.27
2484.59 315.25 4.58845 8.90 -0.60
3173.14 317.33 2.48127 8.27 0.67
3912.81 319.72 1.59019 8.73 1.56
4713.04 322.31 1.11886 8.19 2.48
5587.39 325.47 0.99560 7.13 4.28
6553.87 329.26 1.01018 7.27 7.52
7638.13 333.96 0.56680 5.85 12.38
8874.45 335.91 0.23489 6.42 21.94
9563.30 340.41 0.06091 12.29 20.56
10334.07 356.83 0.02262 25.37 17.27
11215.29 369.02 0.00623 30.33 14.97
12215.51 377.94 0.00628 28.57 8.08
13383.21 395.16 0.00745 17.64 4.22
14796.26 415.62 0.00678 14.62 -2.78
29781.25 869.99 0.00617 -11.25 -0.88
