825.00 307.35 8.29976
0.00 307.35 8.29976 -0.79 0.89
66.11 307.35 8.29976 -1.29 1.84
327.79 307.40 8.20625 -1.28 2.26
596.16 308.29 7.47448 -0.10 3.09
871.56 309.23 7.12445 2.52 2.68
1444.87 310.80 7.09617 9.74 1.72
2051.82 313.42 5.51041 11.02 -0.92
2698.04 315.76 3.88539 7.13 -2.70
3387.56 317.73 2.35721 6.84 -0.62
4127.81 319.84 1.77375 6.42 1.68
4928.20 322.29 1.64101 5.14 3.90
5803.04 325.60 1.19503 5.69 5.38
6770.46 329.81 1.03863 6.19 6.92
7856.40 334.30 0.57766 4.41 10.99
9092.26 335.85 0.19633 3.23 22.24
9784.98 343.85 0.03762 13.33 17.30
10561.72 358.48 0.01996 25.11 16.83
11443.55 368.14 0.00702 27.66 15.15
12441.33 377.23 0.00670 26.18 9.08
13605.55 393.51 0.00756 16.12 5.53
15014.89 416.13 0.00677 13.16 -2.59
29982.75 871.87 0.00615 -11.69 -0.45
