775.00 308.91 7.67865
0.00 308.91 7.67865 -0.47 1.66
133.89 308.91 7.67865 -0.80 2.22
409.39 308.84 7.46366 -0.46 2.88
981.15 309.73 6.38246 3.30 3.59
1584.61 311.26 5.57864 6.66 1.52
2226.37 313.71 4.70799 7.90 0.15
2912.96 316.79 3.33178 8.77 -0.07
3652.65 319.99 2.22063 8.81 0.51
4454.43 322.96 1.72105 9.70 0.98
5330.35 325.87 1.30705 11.45 1.81
6296.67 329.21 0.98679 11.04 3.39
7379.45 332.99 0.52542 10.26 10.34
8614.20 336.38 0.22947 16.89 22.11
9302.02 337.22 0.12097 19.56 24.00
10066.37 355.24 0.02293 31.61 15.56
10944.73 368.52 0.00798 36.34 10.88
11945.78 378.41 0.00809 31.78 4.90
13112.96 394.73 0.00668 21.72 2.26
14529.84 418.46 0.00635 16.30 -2.80
29543.93 870.54 0.00616 -11.58 1.05
