900.00 303.38 9.78050
0.00 303.38 9.78050 -0.07 2.72
99.08 303.38 9.78050 -0.02 4.19
342.19 303.49 9.48062 0.06 5.06
590.45 303.71 9.19959 0.23 5.17
844.25 304.12 8.81740 0.39 4.60
1103.99 304.94 8.47298 0.79 3.47
1370.24 305.77 8.14274 2.17 1.96
1643.50 306.89 7.79119 2.92 0.81
2213.94 309.77 6.84400 -0.93 1.22
2818.46 311.30 6.41816 -4.90 1.85
3460.66 314.23 5.22858 -5.40 0.26
4147.63 316.63 3.97656 -4.32 0.41
4887.09 320.04 3.11572 -2.22 2.07
5689.92 323.70 2.66428 0.32 2.81
6570.90 328.80 1.95195 2.75 4.92
7548.13 333.02 1.26981 10.31 8.84
8641.74 336.00 0.65135 14.29 10.45
9886.07 338.59 0.26959 17.25 15.00
10579.05 341.67 0.11286 22.49 15.47
11354.05 357.95 0.01133 37.78 12.16
12230.47 365.63 0.00837 35.90 8.95
13224.89 375.97 0.00704 27.61 8.08
14380.40 389.93 0.00740 20.13 1.38
15786.98 415.78 0.00681 13.91 -2.89
30742.26 871.32 0.00617 -12.21 1.80
