900.00 306.23 9.03714
0.00 306.23 9.03714 -3.06 3.55
28.76 306.23 9.03714 -3.20 3.74
273.84 306.05 8.85476 -4.67 5.68
523.94 306.00 8.76513 -4.79 6.12
779.41 306.07 8.88842 -4.67 6.44
1040.47 305.93 8.95927 -4.39 6.71
1307.37 306.22 8.62426 -3.19 7.25
1580.83 306.65 8.39718 -1.12 7.01
2150.30 309.24 7.31989 2.02 2.79
2754.67 311.53 5.31310 2.27 0.72
3396.20 313.54 3.78555 2.52 0.65
4081.65 316.11 2.54082 4.45 0.01
4818.94 318.91 1.79983 7.45 -0.51
5617.79 321.89 1.08418 11.22 -0.54
6491.26 325.43 0.85859 15.31 0.83
7457.86 329.72 0.76652 16.66 2.77
8542.48 333.30 0.55319 18.17 9.12
9777.78 336.37 0.23087 28.20 19.64
10465.56 337.66 0.11499 30.77 20.51
11229.45 354.32 0.02394 37.32 11.56
12104.96 367.29 0.00936 40.03 6.96
13104.42 378.62 0.00881 32.95 3.63
14275.17 396.15 0.00658 22.00 0.81
15691.64 416.07 0.00643 17.23 -4.00
30710.98 873.82 0.00612 -11.95 1.21
