900.00 304.46 9.07260
0.00 304.46 9.07260 0.05 2.73
126.35 304.46 9.07260 0.06 4.82
370.22 304.39 8.93864 -0.12 5.16
618.90 304.38 8.94589 -0.47 5.34
873.10 304.76 8.41789 -0.28 4.61
1133.38 305.61 7.70745 1.21 2.97
1400.09 306.29 7.55596 2.10 1.69
1673.68 307.42 7.11747 0.53 1.82
2244.93 310.25 6.71701 -3.37 3.28
2850.30 311.73 6.02073 -5.21 1.37
3492.82 314.10 4.36368 -4.84 -0.79
4179.21 316.39 3.22234 -2.37 -0.45
4917.78 319.59 2.54258 0.53 0.69
5718.98 322.89 2.32194 3.15 1.41
6597.41 328.00 1.84140 4.37 4.14
7572.55 332.47 1.21088 11.10 8.66
8665.02 335.68 0.63927 16.09 11.30
9908.43 338.54 0.26854 19.48 16.02
10600.99 340.63 0.12169 23.64 16.82
11373.80 357.63 0.01215 38.81 12.01
12251.09 366.39 0.00819 36.45 7.99
13247.76 376.78 0.00647 28.23 6.10
14405.00 390.64 0.00757 20.57 1.22
15812.70 415.66 0.00685 14.27 -3.65
30776.13 872.45 0.00615 -12.13 1.61
