900.00 299.52 9.36004
0.00 299.52 9.36004 -3.97 -2.53
73.11 299.52 9.36004 -5.58 -3.25
313.18 299.68 9.33067 -7.53 -4.27
558.24 299.80 9.29337 -8.63 -4.13
808.70 300.34 8.58574 -9.22 -2.44
1065.20 301.25 7.48838 -8.10 -0.68
1328.17 302.22 7.36762 -5.70 0.54
1598.21 303.48 7.09093 -3.17 1.40
2161.95 306.24 6.54822 1.79 1.88
2760.23 308.61 5.39578 3.40 2.25
3396.54 311.37 4.11054 7.32 2.67
4077.65 314.04 3.21121 10.76 3.41
4810.43 316.86 2.53355 12.87 3.03
5604.75 320.21 1.69527 15.76 2.71
6474.37 323.92 0.91587 18.50 2.31
7434.88 326.82 0.56499 18.57 3.23
8508.46 329.88 0.33871 19.22 8.95
9731.08 333.91 0.13400 21.98 16.66
10416.25 336.86 0.07994 22.40 17.91
11173.05 349.66 0.03475 30.66 12.33
12043.67 368.73 0.01496 31.79 6.50
13052.11 382.85 0.00621 29.66 2.98
14235.14 399.71 0.00563 23.06 -1.13
15667.21 422.43 0.00526 19.18 -1.88
30759.99 869.60 0.00618 -12.15 -0.05
