850.00 304.56 11.37703
0.00 304.56 11.37703 -0.33 2.34
204.33 304.56 11.37703 -0.38 4.33
458.97 305.07 9.39186 0.58 5.69
719.68 305.90 8.55465 1.10 5.70
986.75 306.59 8.17127 1.20 4.68
1260.88 307.81 7.95882 1.39 3.67
1832.36 310.22 6.76269 2.88 0.79
2437.39 311.70 6.08609 2.24 -0.38
3080.51 314.41 4.73738 2.26 -1.33
3767.94 316.73 3.45033 3.86 -1.21
4506.66 319.32 2.54874 6.04 -0.87
5306.84 322.36 1.94550 8.65 -0.10
6182.11 326.07 1.67274 9.58 1.98
7151.60 330.67 1.05764 9.81 6.34
8239.01 334.02 0.57019 13.02 13.67
9476.82 336.90 0.24022 21.64 20.06
10165.56 338.37 0.11691 24.19 21.72
10931.59 356.25 0.02060 35.24 15.89
11811.64 368.36 0.00633 36.83 9.62
12812.02 377.89 0.00667 30.69 2.75
13976.71 394.03 0.00738 20.34 3.45
15389.91 416.49 0.00668 15.00 -3.93
30381.73 871.15 0.00616 -12.13 0.64
