925.00 298.07 9.39150
0.00 298.07 9.39150 -4.26 -1.38
173.22 298.07 9.39150 -6.74 -1.81
407.37 298.09 9.30573 -7.89 -1.26
646.33 298.82 8.46547 -8.26 1.21
890.97 299.80 8.21278 -6.03 2.37
1141.40 300.53 7.45479 -4.87 1.17
1397.80 301.30 5.95302 -4.14 0.55
1660.46 302.32 4.57235 -2.90 0.45
1930.05 303.27 4.11661 -0.73 0.79
2491.44 305.02 4.61245 3.87 1.99
3087.02 308.03 4.69915 8.58 0.33
3721.72 310.59 3.59555 11.40 0.31
4400.59 312.72 2.74341 11.51 2.10
5130.52 316.17 1.69440 12.06 1.86
5922.95 319.60 1.54381 17.16 -0.72
6790.91 323.11 1.22217 20.57 -4.48
7749.23 326.19 0.62371 20.81 -4.32
8820.44 329.35 0.28295 26.66 0.23
10045.30 334.36 0.14249 36.62 9.15
10730.58 336.88 0.06777 36.87 9.72
11488.15 350.39 0.03512 37.38 5.41
12358.36 366.91 0.01524 34.34 0.97
13362.82 382.57 0.00601 30.73 -1.19
14547.74 400.98 0.00544 23.00 -2.11
15983.93 422.22 0.00508 19.03 -2.89
31092.11 870.81 0.00615 -9.76 0.25
