825.00 304.98 8.90793
0.00 304.98 8.90793 -1.46 1.11
181.60 304.98 8.90793 -2.57 2.05
441.39 305.52 8.86446 -2.08 2.53
707.88 305.96 8.36325 -0.07 2.37
981.42 307.18 7.77394 2.30 1.15
1552.03 309.71 7.24924 8.02 -0.91
2157.35 312.49 6.07568 11.32 -2.95
2801.66 315.00 4.98426 9.87 -3.42
3490.54 317.33 4.03809 7.18 -1.68
4230.89 319.94 3.39779 4.53 0.87
5033.52 323.70 2.71919 1.42 4.87
5914.02 328.21 1.87785 -0.19 9.97
6887.58 331.19 1.13161 0.86 11.55
7975.45 334.63 0.60583 5.32 10.19
9214.89 337.03 0.24876 5.20 20.01
9906.49 342.84 0.06286 14.17 18.90
10682.91 358.29 0.01760 29.22 17.04
11562.04 366.49 0.00748 30.65 14.81
12556.72 376.61 0.00734 26.39 9.10
13717.53 391.35 0.00741 16.87 5.66
15124.98 417.04 0.00669 12.09 -1.69
30085.60 871.88 0.00615 -12.93 0.84
