850.00 301.60 10.83147
0.00 301.60 10.83147 -1.24 -1.10
220.36 301.60 10.83147 -3.99 -1.28
472.82 302.32 10.43424 -5.28 0.49
731.23 303.52 10.34721 -5.35 2.48
996.90 305.26 9.65137 -5.59 4.75
1269.85 306.13 8.85148 -4.66 6.13
1837.84 307.64 6.80466 -0.40 4.33
2438.19 310.21 4.97019 4.48 2.34
3078.68 313.57 4.03870 7.87 1.11
3764.45 316.20 2.84668 9.27 0.29
4502.08 319.12 1.64456 10.18 0.33
5301.52 322.21 0.91955 12.17 1.50
6175.42 325.42 0.63257 14.13 3.07
7141.05 328.91 0.40689 15.07 4.16
8221.82 332.29 0.44793 17.93 5.75
9454.93 335.91 0.21995 20.91 18.26
10141.94 337.45 0.10480 24.78 19.95
10897.98 347.30 0.02971 27.43 10.37
11761.82 366.45 0.01592 34.78 10.93
12764.80 380.89 0.00754 32.11 6.57
13941.92 398.06 0.00653 25.18 1.15
15367.92 419.10 0.00607 17.44 -3.74
30413.36 873.61 0.00614 -12.30 -0.45
