900.00 298.88 9.54903
0.00 298.88 9.54903 -3.40 -2.21
81.55 298.88 9.54903 -4.52 -3.18
321.14 298.90 9.59745 -6.21 -4.20
565.57 299.07 9.25260 -7.38 -4.10
815.64 300.41 6.54875 -7.82 -2.16
1071.66 300.75 6.12827 -6.61 -1.73
1333.86 301.44 6.36869 -4.71 -0.71
1603.17 302.85 6.44736 -2.70 0.61
2165.50 305.56 6.45434 1.74 2.45
2762.43 308.12 5.44678 3.64 2.66
3397.52 310.68 3.94431 7.64 3.12
4077.20 313.55 3.29694 11.24 4.00
4809.22 316.58 2.70757 13.91 3.65
5603.08 320.07 1.91283 17.12 3.61
6472.73 323.99 1.16268 20.00 2.88
7433.49 326.74 0.68403 19.98 2.30
8505.67 329.20 0.38367 20.60 7.24
9725.89 333.46 0.14244 22.05 14.75
10410.81 337.31 0.08299 23.76 17.09
11169.40 350.59 0.03761 31.18 11.13
12040.73 368.35 0.01362 30.34 4.99
13048.20 382.77 0.00592 28.38 3.10
14231.49 400.11 0.00551 22.57 -0.81
15666.15 422.77 0.00518 18.90 -2.53
30769.08 870.68 0.00615 -12.17 0.71
