900.00 298.55 9.62968
0.00 298.55 9.62968 -3.33 -2.23
140.80 298.55 9.62968 -5.50 -3.57
380.10 298.66 9.51232 -6.46 -4.01
624.39 299.00 8.97442 -7.30 -3.71
874.44 300.41 6.67720 -7.54 -1.80
1130.43 300.73 6.31596 -6.36 -1.29
1392.64 301.44 6.39957 -4.85 -0.17
1661.89 302.77 6.38146 -3.14 1.07
2223.94 305.43 6.28817 1.26 2.99
2820.67 308.01 5.57616 3.89 2.74
3455.76 310.75 3.85304 7.79 3.16
4135.47 313.50 3.19523 11.38 4.12
4867.36 316.57 2.63304 14.13 3.57
5661.27 320.16 1.87467 17.55 3.23
6531.27 324.10 1.12477 20.18 2.28
7492.14 326.75 0.65310 20.08 2.08
8564.49 329.28 0.37364 21.04 7.35
9785.22 333.56 0.14155 23.23 14.99
10470.09 337.13 0.08583 24.38 16.99
11228.27 350.42 0.03743 31.73 10.96
12099.35 368.19 0.01375 30.57 4.60
13106.05 382.48 0.00600 28.70 2.87
14288.88 400.12 0.00547 22.98 -0.95
15724.11 422.97 0.00515 18.90 -2.89
30827.75 870.36 0.00617 -11.97 0.78
