800.00 309.07 8.24486
0.00 309.07 8.24486 0.10 0.97
163.41 309.07 8.24486 0.27 1.30
432.86 309.11 7.90059 0.53 1.51
708.66 309.36 7.51916 1.34 1.40
1282.00 310.90 6.25584 6.39 1.61
1888.34 312.66 6.19861 9.67 1.57
2533.16 314.83 4.85649 9.26 0.24
3221.02 317.06 2.82578 8.51 0.81
3960.36 319.57 1.43376 9.09 1.72
4760.03 322.07 0.97301 8.82 1.90
5633.75 325.47 0.76121 7.78 2.89
6600.22 329.18 0.84704 7.78 6.53
7683.46 333.57 0.55786 7.30 13.12
8919.07 335.97 0.22934 8.34 22.54
9607.05 339.36 0.07528 12.96 22.08
10375.93 356.28 0.02269 26.11 17.16
11256.75 369.31 0.00639 31.69 14.56
12258.35 378.46 0.00680 29.25 7.61
13427.57 395.57 0.00709 18.18 3.20
14841.39 415.51 0.00673 15.10 -2.29
29835.40 868.88 0.00619 -11.18 -0.38
