850.00 304.23 11.07114
0.00 304.23 11.07114 -0.62 -0.26
69.10 304.23 11.07114 -1.55 0.82
323.23 305.19 10.01067 -2.99 2.43
584.17 305.74 8.98070 -4.44 5.01
851.17 306.39 8.95068 -4.67 6.58
1124.88 306.94 8.52317 -3.93 7.94
1694.63 309.20 6.99436 1.02 5.71
2297.88 311.22 4.93451 4.52 2.89
2939.42 313.71 3.94984 6.58 1.98
3625.52 316.49 2.52959 7.49 0.79
4363.43 319.18 1.54743 8.68 0.34
5163.07 322.31 0.99765 12.12 0.19
6037.33 325.61 0.78475 15.26 0.07
7004.06 329.44 0.52387 16.37 0.27
8086.40 332.76 0.53768 15.29 5.47
9320.95 336.14 0.22741 22.46 19.74
10008.11 337.46 0.11007 25.46 20.53
10769.50 352.09 0.02485 32.56 10.88
11640.47 366.68 0.01295 37.09 9.21
12640.50 379.00 0.00888 32.55 5.83
13811.81 396.57 0.00646 24.13 1.84
15234.96 418.95 0.00616 15.80 -3.96
30264.29 873.84 0.00612 -11.90 0.99
