925.00 296.54 10.40429
0.00 296.54 10.40429 -2.33 -1.68
15.85 296.54 10.40429 -2.73 -2.03
248.89 296.81 10.20532 -4.72 -2.74
486.89 297.18 9.87469 -5.62 -1.85
730.34 298.50 8.20189 -5.15 0.36
979.83 299.58 6.73633 -3.95 1.40
1235.21 300.14 5.77104 -3.50 0.68
1496.75 300.75 5.06277 -3.18 0.34
1764.89 301.44 4.80875 -2.15 0.48
2323.65 303.85 5.35091 2.14 1.72
2917.24 306.93 5.16140 6.00 2.36
3549.83 309.33 3.87934 9.66 2.73
4226.30 312.12 3.19433 10.88 3.41
4955.67 316.03 2.60382 12.48 2.04
5748.59 319.72 1.93437 17.67 1.22
6617.42 323.82 1.33729 23.43 1.97
7578.00 326.57 0.72907 24.96 0.57
8648.14 328.26 0.35894 27.23 3.51
9866.28 332.87 0.13533 28.12 10.81
10550.38 337.30 0.09627 30.02 14.47
11310.04 351.14 0.03858 33.49 6.74
12180.91 367.53 0.01214 29.24 3.45
13187.66 383.22 0.00567 27.85 1.69
14373.40 401.36 0.00542 21.70 -2.17
15812.70 423.48 0.00505 17.60 -3.11
30937.75 873.54 0.00613 -11.70 1.58
