900.00 305.20 9.18342
0.00 305.20 9.18342 -1.17 3.57
90.75 305.20 9.18342 -1.66 4.97
335.12 305.15 9.02515 -1.72 5.79
584.68 305.20 9.00294 -1.65 6.36
839.51 305.23 8.91933 -1.22 6.59
1099.96 305.59 8.63173 -0.06 6.23
1366.63 305.95 8.19124 1.48 5.20
1639.88 306.66 7.79946 2.49 3.49
2209.27 309.43 6.81929 0.58 1.62
2813.83 311.69 6.05218 -0.86 0.15
3456.05 314.00 3.95974 -0.20 -2.20
4142.54 316.56 2.70933 1.94 -2.10
4880.95 319.47 1.91014 4.84 -1.18
5681.54 322.63 1.55476 8.05 -0.71
6556.76 325.99 1.58721 8.62 0.79
7525.97 330.69 1.06113 11.66 6.64
8614.43 334.36 0.58362 17.81 13.08
9852.28 337.07 0.24235 25.18 18.96
10541.99 339.55 0.11476 28.30 21.34
11311.18 356.88 0.01761 39.01 13.39
12190.82 367.94 0.00650 38.16 6.35
13189.62 376.89 0.00667 31.67 2.09
14350.54 392.88 0.00742 21.80 2.22
15762.67 416.52 0.00667 16.53 -4.64
30753.47 872.00 0.00615 -11.88 0.85
