900.00 304.62 9.70485
0.00 304.62 9.70485 -1.31 3.08
50.25 304.62 9.70485 -1.63 4.29
294.33 304.69 9.35505 -2.00 5.84
543.46 304.73 9.27930 -1.78 6.51
798.12 305.03 8.95899 -0.87 6.59
1058.57 305.54 8.52633 0.85 5.87
1325.21 306.05 7.96228 2.52 4.45
1598.60 306.89 7.76246 3.28 2.60
2168.98 309.95 6.72785 -0.05 1.37
2773.99 311.69 6.07679 -1.83 -0.23
3416.29 314.07 4.13282 -1.08 -2.44
4103.11 316.74 2.89079 0.98 -2.01
4842.14 319.66 2.11978 3.52 -0.99
5643.18 322.79 1.79808 5.97 -0.17
6518.91 326.41 1.73802 5.68 1.88
7489.75 331.23 1.11242 10.23 7.78
8579.33 334.64 0.59633 17.16 13.06
9818.31 337.48 0.24967 22.32 18.39
10508.83 339.78 0.11895 25.58 20.97
11278.64 357.01 0.01632 38.49 13.76
12157.82 367.67 0.00703 37.22 7.47
13156.72 377.16 0.00631 30.16 2.82
14316.56 391.99 0.00766 21.46 2.45
15727.27 416.55 0.00673 15.71 -4.37
30709.25 872.28 0.00616 -12.04 0.91
