925.00 303.03 9.50556
0.00 303.03 9.50556 -4.20 0.22
6.79 303.03 9.50556 -4.18 0.20
244.75 303.13 9.33806 -6.19 0.72
487.66 303.34 9.16372 -6.53 1.41
735.82 303.69 9.11909 -6.39 2.01
989.40 303.81 8.99064 -6.20 2.51
1248.60 303.94 8.91646 -5.85 3.22
1513.79 304.00 8.80921 -4.55 4.08
1785.52 305.29 7.99406 -2.10 4.76
2353.10 308.37 5.27241 0.76 6.64
2954.24 310.18 4.92093 2.87 4.85
3593.58 312.74 3.14343 5.27 2.10
4276.68 315.07 1.81798 8.01 1.29
5011.53 318.24 0.90005 9.06 -1.24
5808.52 321.17 0.60875 11.75 -2.49
6679.18 324.21 0.50884 14.65 -2.28
7641.58 327.92 0.54504 18.59 -0.89
8722.09 333.17 0.53168 24.66 5.56
9958.77 336.43 0.22484 34.76 14.97
10646.96 337.92 0.10634 36.94 13.82
11406.97 350.51 0.02687 37.58 6.70
12276.31 366.98 0.01625 39.34 5.99
13280.01 381.32 0.00723 31.88 1.07
14453.77 395.48 0.00663 25.38 -0.70
15872.07 417.96 0.00611 20.32 -4.46
30916.64 873.94 0.00616 -12.06 -1.55
