900.00 301.97 9.38992
0.00 301.97 9.38992 -3.60 -1.26
182.67 301.97 9.38992 -6.75 -1.74
424.58 302.16 9.13866 -8.27 -1.22
671.75 302.66 8.78068 -9.08 0.07
924.50 302.93 8.55044 -8.97 1.96
1183.20 303.83 8.12988 -7.58 4.31
1448.49 304.74 7.64741 -5.38 5.27
1720.52 305.18 7.20553 -3.53 5.72
2286.24 307.41 6.03067 -1.04 5.79
2885.85 309.46 5.37884 2.21 5.18
3523.99 312.22 2.90858 3.79 2.69
4205.87 314.60 1.88606 5.51 0.96
4939.47 317.50 1.42919 8.95 -0.36
5734.91 320.62 1.03394 12.47 -1.46
6604.24 323.59 0.75926 15.39 -1.41
7563.74 326.66 0.73854 17.21 0.91
8638.79 331.20 0.47034 19.19 4.89
9868.85 335.78 0.21856 30.87 12.43
10555.86 336.73 0.11519 36.89 16.01
11312.16 350.31 0.03692 36.29 9.09
12186.29 370.17 0.01427 36.30 5.38
13197.94 383.28 0.00642 30.90 -0.27
14378.37 398.18 0.00648 23.44 0.21
15801.01 418.22 0.00589 19.31 -1.72
30862.91 871.99 0.00619 -11.24 -2.14
