875.00 300.38 11.04344
0.00 300.38 11.04344 -2.20 -2.07
29.25 300.38 11.04344 -3.42 -2.73
275.30 301.27 10.51014 -6.58 -3.64
527.52 302.12 10.31577 -8.21 -1.96
785.81 303.38 10.04048 -7.07 0.63
1051.20 304.85 9.23333 -5.85 2.57
1323.77 305.81 8.43821 -4.31 3.77
1890.59 307.03 6.30012 -0.15 2.44
2490.04 309.93 5.05765 4.20 1.26
3129.97 313.26 4.20141 7.27 1.03
3815.21 315.92 3.12648 9.24 1.09
4552.15 318.72 1.98272 9.93 1.64
5350.62 321.72 1.22530 11.01 2.85
6223.32 324.99 0.76866 12.59 4.13
7187.76 328.54 0.55311 13.47 5.66
8268.11 332.21 0.41760 16.87 7.26
9499.55 335.66 0.21987 21.03 17.86
10186.51 337.39 0.09946 24.34 19.23
10941.12 346.87 0.03278 25.92 12.06
11805.11 367.09 0.01529 33.68 11.25
12810.44 381.84 0.00677 31.97 6.05
13989.75 398.68 0.00658 25.00 0.81
15415.95 418.94 0.00599 18.09 -2.92
30468.83 872.50 0.00616 -12.47 -1.01
