925.00 295.52 10.72508
0.00 295.52 10.72508 -0.97 -0.39
52.17 295.52 10.72508 -1.53 -0.14
284.69 296.16 9.66479 -4.00 0.74
522.22 296.88 9.14102 -4.67 2.25
765.34 297.93 8.41276 -3.32 3.59
1014.36 298.96 7.15575 -1.56 3.76
1269.38 299.68 6.56400 -1.31 3.02
1530.64 300.30 5.71136 -1.52 2.58
1798.39 300.73 5.40489 -1.50 1.93
2355.20 302.67 4.41604 -0.60 -1.16
2945.27 305.15 3.83331 0.94 -1.54
3574.65 308.48 3.72403 4.55 -0.36
4249.93 311.97 3.19683 8.96 0.61
4978.33 315.41 2.45963 11.09 2.83
5769.15 319.00 1.86129 12.01 3.35
6635.41 322.73 1.27454 17.21 3.31
7593.19 326.05 0.77802 25.93 3.31
8661.95 327.18 0.34680 29.88 1.83
9875.40 332.03 0.14505 32.98 8.13
10559.76 338.56 0.07335 34.38 11.16
11322.32 351.81 0.03824 32.42 3.81
12194.57 368.43 0.01398 26.48 2.47
13204.02 384.03 0.00589 25.55 -0.08
14391.74 401.98 0.00548 20.08 -1.67
15834.16 424.82 0.00516 16.52 -1.99
30975.77 876.89 0.00610 -12.24 0.75
