875.00 306.24 8.16764
0.00 306.24 8.16764 -0.38 3.21
164.79 306.24 8.16764 -0.53 5.10
415.11 306.00 8.30139 -0.62 5.52
670.45 305.85 8.71493 -0.83 5.77
931.18 305.65 8.79309 -0.89 5.93
1197.89 306.08 8.42528 -0.93 6.30
1471.33 306.94 7.95548 0.32 5.40
2041.43 309.70 7.09703 3.76 1.29
2646.22 311.83 5.56492 1.55 -0.07
3289.13 314.34 4.15238 1.31 -1.51
3976.30 316.79 2.91594 2.94 -1.40
4715.15 319.49 2.25623 5.07 -0.83
5515.61 322.45 1.83388 8.00 -0.71
6390.78 326.05 1.62804 9.68 0.89
7360.65 330.87 1.07967 10.27 6.44
8448.68 334.09 0.57365 14.29 13.24
9686.23 336.93 0.23974 22.93 19.45
10375.28 338.83 0.11623 25.97 21.30
11142.63 356.55 0.01942 36.86 14.94
12022.63 368.22 0.00643 37.32 8.39
13022.40 377.48 0.00667 30.94 2.53
14185.50 393.53 0.00742 20.69 3.22
15597.28 416.07 0.00674 15.93 -4.30
30588.95 871.37 0.00616 -12.04 0.82
