825.00 309.16 8.19144
0.00 309.16 8.19144 0.05 0.50
40.71 309.16 8.19144 0.04 0.60
304.35 309.22 8.08470 0.46 0.88
574.02 309.68 6.86170 1.40 0.97
850.19 309.94 6.31463 2.88 1.02
1423.83 311.07 5.93450 6.84 0.96
2030.12 312.69 5.69243 8.54 1.36
2674.40 314.50 4.45253 9.05 1.14
3361.60 316.76 3.12592 8.21 0.99
4100.43 319.30 1.84420 8.42 1.71
4899.71 321.84 1.32820 8.30 1.59
5772.85 325.28 0.90179 7.96 1.77
6738.74 329.06 0.85320 7.94 5.15
7821.14 333.14 0.54824 8.81 13.19
9055.73 335.94 0.22326 10.20 23.54
9743.35 338.88 0.08327 14.19 23.15
10511.11 355.79 0.02279 26.89 16.65
11391.16 369.41 0.00738 32.54 13.95
12394.09 379.07 0.00741 29.36 7.15
13564.38 395.61 0.00682 18.72 2.34
14978.56 415.83 0.00666 15.59 -1.76
29981.90 868.47 0.00617 -11.30 0.43
