775.00 304.68 9.61830
0.00 304.68 9.61830 0.67 1.22
192.61 304.68 9.61830 1.29 2.01
465.06 306.21 8.02041 2.92 0.98
1035.34 310.02 7.11828 6.33 -1.25
1639.94 310.88 6.26923 5.66 -1.36
2282.62 314.71 5.58372 3.73 -1.07
2971.50 317.39 4.35542 1.77 -0.62
3711.73 319.73 3.42359 1.81 -0.22
4513.36 323.05 2.69765 3.01 1.27
5391.82 327.67 1.84275 4.01 3.76
6364.29 331.37 1.12153 5.11 8.52
7452.80 334.00 0.56982 10.01 14.26
8691.01 337.32 0.24508 15.47 18.78
9381.08 338.91 0.11712 18.50 21.11
10149.66 356.72 0.01921 32.79 16.51
11028.48 367.24 0.00722 34.65 12.58
12027.03 378.08 0.00634 28.42 5.29
13190.85 392.44 0.00763 18.67 4.62
14601.45 416.85 0.00673 13.45 -3.27
29577.27 871.91 0.00614 -12.80 0.59
