800.00 304.08 9.67280
0.00 304.08 9.67280 1.53 0.51
248.51 304.08 9.67280 3.24 0.13
514.13 304.92 8.51369 4.82 -1.26
787.10 306.94 7.72294 6.72 -3.18
1358.00 310.06 6.93566 5.96 -3.56
1961.81 310.78 6.27688 0.74 -1.51
2604.03 314.30 5.37686 -4.21 0.68
3292.25 317.18 4.05032 -4.51 1.87
4032.45 320.01 3.28216 -3.10 3.03
4835.36 324.08 2.66023 -0.67 3.39
5716.26 328.33 1.88937 2.27 5.09
6691.33 332.39 1.21510 5.58 8.68
7782.98 334.66 0.59867 12.38 10.24
9023.28 337.82 0.25373 12.97 16.62
9715.49 342.05 0.09771 20.21 17.79
10492.32 358.88 0.01271 35.01 15.21
11370.84 366.15 0.00788 34.06 11.76
12366.84 377.18 0.00694 25.99 7.68
13526.12 390.20 0.00737 17.76 3.65
14931.68 415.42 0.00680 12.84 -1.74
29889.86 870.67 0.00617 -12.87 1.73
