825.00 304.49 10.81369
0.00 304.49 10.81369 -1.27 1.12
111.63 304.49 10.81369 -2.37 2.08
371.70 304.96 9.79030 -2.18 2.65
638.19 306.00 8.82824 -0.20 1.78
912.05 307.71 8.11640 2.62 0.83
1483.97 310.31 6.98264 7.39 -0.32
2089.69 312.52 6.20397 10.48 -2.91
2734.23 314.84 5.19456 9.32 -3.65
3422.79 317.14 3.89049 7.46 -1.98
4162.93 319.93 2.82651 6.34 0.86
4964.79 323.05 2.27524 5.07 3.91
5842.59 326.97 1.80746 4.05 8.02
6814.06 330.95 1.08824 3.81 11.88
7901.40 334.35 0.58864 6.12 11.96
9140.08 336.91 0.24085 10.16 20.30
9829.17 339.53 0.09346 13.75 21.67
10598.26 356.43 0.02198 28.08 17.39
11477.34 367.56 0.00711 31.84 14.47
12475.22 377.61 0.00641 28.43 7.04
13639.91 393.24 0.00765 17.86 4.99
15050.42 416.88 0.00672 14.12 -3.51
30027.91 872.17 0.00615 -12.40 -0.21
