875.00 300.54 11.12314
0.00 300.54 11.12314 -2.13 -1.56
226.19 300.54 11.12314 -6.33 -2.90
472.60 301.60 10.39999 -7.89 -0.89
724.97 302.61 10.18117 -7.84 1.99
983.81 303.85 9.83735 -7.45 3.91
1249.43 304.87 8.78866 -6.03 6.48
1521.95 305.80 8.10428 -3.59 6.75
2088.72 307.18 6.34833 0.25 4.07
2688.65 310.17 4.93210 2.82 2.48
3328.63 313.19 4.06237 5.08 1.79
4013.52 315.68 3.14145 7.34 1.40
4749.71 318.27 2.28668 9.15 1.38
5547.27 321.42 1.44478 11.48 1.95
6419.51 324.88 0.88074 13.99 3.02
7383.90 328.66 0.57168 15.74 5.02
8464.41 332.47 0.52536 17.74 6.60
9697.63 336.00 0.21708 21.85 15.48
10384.69 337.01 0.11351 25.97 19.09
11137.67 345.85 0.03446 28.10 11.83
12000.49 366.50 0.01576 34.98 10.51
13006.22 382.33 0.00668 32.69 4.82
14187.01 398.97 0.00656 25.10 -0.18
15613.57 418.99 0.00596 17.82 -2.78
30666.35 872.66 0.00617 -12.15 -1.31
