925.00 297.30 8.62625
0.00 297.30 8.62625 -2.95 -0.65
208.33 297.30 8.62625 -4.90 -0.79
441.76 297.33 8.56168 -5.56 -0.33
679.90 297.56 8.17946 -5.84 1.29
923.41 298.69 7.44997 -4.41 3.17
1172.84 299.25 7.02356 -3.79 2.04
1428.04 300.08 6.03199 -2.86 1.11
1689.73 301.02 4.50271 -1.37 0.31
1957.74 301.17 3.86550 -0.93 -0.20
2514.87 303.02 3.71079 0.55 -1.84
3106.15 305.88 3.92816 3.57 -1.36
3737.05 309.01 3.87565 8.16 0.01
4413.35 312.20 3.15984 11.26 1.33
5142.21 315.53 2.45929 12.10 1.91
5932.96 318.81 1.81273 14.65 0.88
6799.70 323.15 1.31909 20.59 -0.41
7758.32 325.99 0.70700 26.07 -1.77
8827.31 328.13 0.31667 30.15 0.11
10044.99 332.76 0.11393 31.12 6.78
10729.25 337.37 0.07471 34.63 9.52
11488.24 350.37 0.03997 34.72 2.17
12357.43 367.22 0.01338 30.35 1.33
13365.00 383.64 0.00584 27.95 -1.41
14551.24 401.53 0.00538 21.54 -2.83
15992.89 424.93 0.00509 17.39 -3.06
31132.98 874.21 0.00612 -10.90 1.04
