900.00 306.47 9.07070
0.00 306.47 9.07070 -3.75 2.73
22.79 306.47 9.07070 -4.14 2.88
268.21 306.32 8.92706 -5.94 5.15
518.47 306.21 8.99864 -5.75 5.32
774.17 306.31 8.87703 -5.62 5.61
1035.51 306.24 8.74602 -5.27 6.16
1302.58 306.20 8.65983 -4.43 7.03
1575.94 306.51 8.25058 -1.37 7.61
2145.18 309.36 6.92543 2.38 3.23
2749.71 311.37 5.08208 1.86 2.14
3390.81 313.42 3.52542 3.12 1.91
4076.07 316.12 2.30175 5.54 1.05
4813.03 318.70 1.63914 7.93 0.15
5611.07 321.47 1.04235 11.43 -0.10
6483.14 324.82 0.74536 15.58 0.57
7448.08 329.15 0.46235 19.61 1.09
8531.09 332.99 0.53688 19.99 6.71
9766.45 336.30 0.22930 28.45 19.91
10454.12 337.77 0.10989 31.04 19.88
11216.99 352.80 0.02461 36.26 10.17
12089.29 366.89 0.01198 39.51 8.03
13090.08 379.77 0.00858 32.43 4.64
14264.30 396.95 0.00644 22.39 0.24
15683.16 416.50 0.00637 17.10 -4.12
30710.81 874.88 0.00612 -12.06 0.70
