875.00 305.86 8.73465
0.00 305.86 8.73465 -1.32 2.58
230.63 305.86 8.73465 -1.84 4.23
480.73 305.72 8.68833 -1.77 4.83
735.87 305.52 8.86664 -1.53 5.00
996.42 305.65 8.87367 -1.19 5.17
1263.09 305.90 8.53981 0.01 5.11
1536.47 306.96 7.93080 2.57 3.24
2106.88 309.88 7.13083 2.85 -0.60
2712.04 311.82 6.09583 -0.60 -0.97
3355.03 314.24 4.75953 -1.30 -1.64
4042.38 316.91 3.21540 -0.15 -0.72
4781.95 319.81 2.21814 0.91 0.57
5583.17 322.70 2.06919 2.48 0.76
6460.15 327.43 1.80468 5.34 3.61
7434.22 332.18 1.19563 9.29 9.51
8525.18 334.75 0.60186 14.56 11.90
9765.03 337.61 0.25126 17.95 17.91
10455.66 340.07 0.11580 22.14 19.64
11226.43 357.12 0.01637 36.36 14.50
12104.69 367.00 0.00755 35.93 9.74
13102.88 377.47 0.00629 28.34 4.67
14262.31 390.98 0.00767 20.36 3.46
15670.78 416.27 0.00677 14.95 -3.79
30645.58 871.94 0.00616 -12.36 1.15
