825.00 301.53 9.30186
0.00 301.53 9.30186 -2.05 -1.46
29.34 301.53 9.30186 -3.40 -1.66
286.38 302.50 9.03137 -5.37 -1.97
550.75 303.51 9.03577 -6.65 -1.55
822.12 304.61 8.58949 -6.71 -0.76
1387.38 306.93 6.04313 -1.64 0.89
1987.14 309.96 5.11932 4.75 0.49
2626.77 312.93 3.91433 9.26 1.52
3310.91 315.61 2.74791 10.25 2.27
4047.29 318.55 1.87222 10.24 2.58
4845.33 321.53 1.19389 11.02 3.10
5717.19 324.52 0.71713 11.46 3.77
6679.84 327.83 0.41929 10.89 5.00
7757.06 330.75 0.28090 13.62 7.75
8981.87 334.65 0.11839 19.00 17.26
9668.42 337.64 0.05042 18.00 15.77
10425.58 348.73 0.02876 24.53 13.15
11293.29 367.89 0.01518 31.03 11.35
12300.25 382.19 0.00665 30.96 6.92
13480.69 399.63 0.00643 24.34 1.75
14909.44 419.45 0.00585 17.37 -1.17
29970.32 872.48 0.00616 -13.16 -0.87
