825.00 309.22 8.03555
0.00 309.22 8.03555 0.42 1.42
4.87 309.22 8.03555 0.62 1.65
268.22 310.03 6.16457 1.56 2.78
538.40 310.34 5.64737 3.13 3.58
815.08 310.84 5.34462 5.54 3.91
1389.67 311.24 5.11273 6.49 2.44
1995.21 312.24 4.71175 6.70 0.74
2637.43 313.64 4.14389 6.79 -0.90
3323.23 316.32 2.90709 6.28 -0.79
4061.37 319.35 1.70168 6.89 -0.78
4861.47 322.37 1.41527 7.85 0.71
5735.45 325.11 1.09384 9.34 3.13
6699.09 327.87 0.84305 9.36 4.03
7776.93 331.49 0.39123 12.30 9.61
9008.16 335.81 0.21452 13.44 25.28
9696.44 339.65 0.06426 17.25 22.46
10463.59 354.48 0.02226 26.72 14.04
11340.94 369.44 0.01158 31.78 12.80
12346.47 380.27 0.00826 28.12 6.61
13518.44 395.69 0.00647 20.01 1.87
14934.96 417.30 0.00639 16.23 -1.66
29955.32 870.43 0.00616 -12.06 1.68
