925.00 296.23 10.56307
0.00 296.23 10.56307 -1.62 -0.84
32.11 296.23 10.56307 -1.59 -0.78
264.88 296.56 9.93507 -3.42 -1.82
502.71 297.29 9.97326 -4.06 -2.51
746.30 298.21 8.91218 -4.38 -2.53
995.53 299.29 6.85193 -3.09 -2.17
1250.73 300.08 4.90062 -1.91 -1.59
1512.15 300.76 4.66346 -1.00 -0.80
1780.39 301.84 4.70319 0.57 -0.00
2339.86 304.26 4.68919 4.40 0.25
2933.53 306.91 3.90961 7.70 -1.14
3565.43 309.22 3.22481 9.67 -0.87
4241.55 312.16 2.86572 11.23 0.68
4970.03 315.70 2.65291 11.76 2.25
5762.33 319.76 1.97624 14.59 4.47
6630.73 323.62 1.37210 18.01 6.44
7590.32 326.55 0.81968 22.84 6.81
8659.85 327.29 0.35760 24.60 7.97
9872.93 331.90 0.13858 25.96 12.98
10556.73 338.28 0.06229 27.39 13.07
11318.63 351.28 0.03645 26.94 6.76
12190.06 368.47 0.01465 24.38 4.71
13200.69 384.78 0.00569 24.51 2.40
14391.27 402.99 0.00538 19.17 -1.79
15837.25 425.15 0.00508 14.95 -1.19
30955.27 877.71 0.00608 -11.88 -0.57
