900.00 296.03 9.77913
0.00 296.03 9.77913 -1.54 -0.32
117.05 296.03 9.77913 -3.00 0.87
354.51 297.01 8.65981 -4.59 2.52
597.65 298.10 8.36849 -3.42 3.27
846.89 299.30 7.05035 -1.80 2.60
1102.22 299.96 6.04149 -1.09 0.89
1363.43 300.15 5.38388 -0.90 0.40
1630.82 300.36 5.07798 -0.80 0.38
2187.73 303.08 4.82454 0.54 -0.28
2779.03 305.68 4.43392 2.31 0.09
3409.09 308.54 3.82361 5.94 0.35
4084.04 311.67 3.07496 8.85 1.37
4811.77 315.32 2.47564 10.03 3.05
5602.98 319.19 1.86958 12.52 3.11
6469.67 323.05 1.30563 18.17 4.28
7428.50 326.50 0.80012 25.59 5.17
8498.05 327.33 0.35335 28.50 3.98
9710.58 331.73 0.15893 31.39 10.01
10393.87 337.88 0.07349 32.52 12.30
11155.16 351.46 0.03750 31.67 5.16
12027.96 369.19 0.01365 26.06 2.94
13039.51 384.79 0.00580 24.79 0.66
14229.78 402.89 0.00546 19.16 -1.10
15674.33 424.72 0.00512 15.29 -1.46
30808.46 878.27 0.00609 -12.54 0.32
