925.00 295.86 10.18463
0.00 295.86 10.18463 -0.84 -0.57
139.82 295.86 10.18463 -2.31 -0.54
372.52 296.38 9.50715 -4.34 0.37
610.16 297.01 8.93938 -4.81 2.29
853.34 298.06 8.10383 -3.21 3.83
1102.36 298.96 7.08573 -1.83 3.73
1357.41 299.75 6.59660 -1.78 3.17
1618.77 300.46 5.63376 -1.70 2.59
1886.60 300.80 5.39260 -1.51 1.78
2443.43 302.63 4.35967 -0.46 -1.51
3033.35 305.09 3.68477 1.10 -1.80
3662.73 308.53 3.72185 4.95 -0.58
4338.18 312.04 3.15108 9.21 0.35
5066.68 315.43 2.44921 11.33 2.52
5857.41 318.91 1.84964 11.95 3.12
6723.43 322.64 1.26974 17.20 2.87
7681.01 325.97 0.77046 26.18 2.64
8749.52 327.24 0.34304 30.18 1.39
9963.47 332.18 0.14006 33.07 7.76
10648.19 338.67 0.07269 34.56 10.82
11410.70 351.64 0.03868 32.54 3.49
12282.29 368.12 0.01430 26.79 2.35
13291.18 383.91 0.00593 25.85 -0.34
14478.60 401.88 0.00551 20.31 -1.83
15920.96 424.99 0.00513 16.69 -2.18
31064.10 876.54 0.00610 -12.10 0.78
