775.00 309.34 6.57249
0.00 309.34 6.57249 -0.67 -2.02
100.09 309.34 6.57249 -0.81 -2.37
375.92 309.59 6.48892 -1.32 -3.20
948.70 310.38 5.86342 0.31 -1.85
1553.28 311.49 5.17756 6.98 0.89
2194.35 313.06 4.15756 9.94 2.84
2879.11 316.22 1.73706 10.03 2.84
3616.63 319.23 1.25350 10.24 3.03
4416.15 322.14 0.76079 10.13 3.38
5289.05 324.78 0.55996 8.71 3.58
6252.34 327.97 0.20335 10.18 3.43
7328.83 330.43 0.12099 14.35 7.23
8556.75 335.71 0.16499 19.35 23.16
9245.59 339.10 0.04054 18.46 15.45
10007.03 350.63 0.02619 23.70 11.17
10877.70 368.48 0.01467 29.96 11.58
11883.54 381.10 0.00708 28.50 7.39
13058.77 396.98 0.00659 22.83 2.68
14481.71 418.48 0.00616 17.46 -2.13
29526.44 873.50 0.00612 -13.21 0.37
