800.00 310.56 6.10210
0.00 310.56 6.10210 0.42 1.57
239.57 310.56 6.10210 1.34 3.32
510.18 311.10 5.58899 2.88 3.94
787.39 311.16 5.38392 4.34 3.93
1362.77 311.68 5.17137 6.80 2.00
1969.21 312.35 5.01444 6.60 -0.26
2611.61 313.59 4.15965 6.62 -1.78
3297.33 316.27 2.53347 5.95 -1.62
4035.06 319.07 1.54765 6.84 -1.31
4834.22 321.95 1.55228 7.72 0.68
5707.30 324.82 1.06451 8.98 4.01
6670.64 327.76 0.70798 9.45 5.38
7746.79 330.69 0.25864 12.01 8.37
8976.09 335.73 0.20601 12.44 26.11
9665.34 340.49 0.04250 16.53 19.94
10433.15 354.43 0.02214 25.25 13.79
11310.75 369.83 0.01230 30.41 13.32
12317.40 380.65 0.00801 27.27 7.03
13490.60 396.11 0.00651 19.88 1.81
14908.70 417.72 0.00628 15.41 -1.56
29928.25 870.54 0.00614 -12.26 1.76
