825.00 304.92 9.45273
0.00 304.92 9.45273 0.71 0.51
122.76 304.92 9.45273 0.59 1.12
383.26 305.41 8.90903 1.71 1.42
649.95 306.18 8.46009 3.00 0.78
923.64 307.36 7.78316 4.49 -0.28
1494.84 309.98 6.96383 4.72 -0.92
2098.88 311.25 6.46648 1.05 0.02
2741.44 314.31 5.38506 -1.53 0.86
3429.48 317.02 4.15139 -0.46 0.31
4169.37 319.81 3.27778 1.22 0.39
4970.90 322.98 2.65338 3.18 1.18
5848.80 327.39 1.79804 5.02 2.88
6821.22 331.55 1.15146 7.42 6.80
7910.70 334.28 0.58104 12.58 13.21
9149.42 337.48 0.24865 16.88 18.23
9839.79 339.66 0.11555 20.74 20.22
10610.00 357.29 0.01731 34.63 15.70
11489.13 367.28 0.00742 35.13 11.35
12488.14 378.08 0.00627 27.93 4.79
13650.53 391.83 0.00766 18.86 4.38
15059.66 416.27 0.00679 13.96 -3.42
30034.66 871.74 0.00615 -12.69 0.91
