925.00 302.14 9.85506
0.00 302.14 9.85506 -4.64 -0.50
18.91 302.14 9.85506 -5.01 -0.54
256.19 302.18 9.51360 -7.42 -0.47
498.27 302.32 9.27755 -7.85 0.11
745.60 302.65 9.02249 -7.91 1.32
998.56 303.25 8.85682 -7.34 2.65
1257.36 303.56 8.71131 -6.41 3.82
1522.24 303.71 8.71910 -4.69 4.79
1793.69 304.99 7.89339 -2.38 5.30
2360.84 308.21 4.99902 1.08 6.96
2961.49 310.12 4.60668 3.57 4.55
3600.47 312.59 2.42497 5.50 2.16
4283.24 315.01 1.44116 7.10 0.79
5017.48 317.94 1.05427 8.69 -1.03
5813.94 321.05 0.67609 11.92 -2.79
6684.37 324.06 0.57080 14.59 -2.21
7645.62 327.32 0.58111 17.31 -0.83
8723.05 332.14 0.49130 22.94 4.32
9958.20 336.42 0.22390 34.95 14.80
10646.13 337.46 0.10919 37.23 13.85
11404.97 350.50 0.03082 36.94 7.16
12275.54 368.00 0.01708 36.92 6.23
13281.83 381.83 0.00685 31.76 0.50
14456.71 396.06 0.00669 25.40 -0.29
15876.14 418.05 0.00600 20.59 -3.75
30930.39 873.11 0.00619 -11.65 -2.03
