900.00 304.68 9.34846
0.00 304.68 9.34846 -0.39 2.96
107.80 304.68 9.34846 -0.70 4.95
351.84 304.64 9.04830 -0.92 5.87
601.06 304.78 8.89285 -1.08 6.44
855.61 305.02 8.86033 -0.36 6.14
1115.96 305.51 8.21897 1.36 5.04
1382.55 306.11 7.46594 2.66 3.52
1655.98 307.20 6.89094 1.67 2.38
2226.73 310.03 6.57932 -1.78 2.69
2831.58 311.63 5.78741 -2.38 0.09
3473.83 314.08 3.85851 -1.54 -2.26
4160.52 316.71 2.78296 0.66 -1.79
4899.32 319.56 2.04635 3.50 -1.13
5699.96 322.59 1.72277 6.41 -0.32
6575.05 326.22 1.70566 5.92 1.71
7545.48 331.14 1.10800 10.70 7.46
8635.17 334.78 0.59860 18.49 12.75
9874.60 337.63 0.25126 23.03 18.13
10565.49 339.97 0.11901 26.44 20.83
11336.10 357.28 0.01527 39.27 13.05
12215.49 367.71 0.00709 37.32 6.66
13214.34 377.07 0.00627 30.26 2.53
14373.93 392.01 0.00765 21.50 1.98
15784.69 416.41 0.00671 15.64 -4.36
30765.85 872.59 0.00616 -12.00 0.92
