800.00 303.37 10.43720
0.00 303.37 10.43720 -0.22 0.72
175.57 303.37 10.43720 -0.75 1.26
440.68 304.58 8.46161 -0.06 1.27
713.12 306.17 7.87631 1.93 0.18
1282.38 309.37 6.94795 6.51 -2.74
1885.36 310.49 6.45312 8.66 -3.88
2527.35 314.21 5.89790 7.45 -4.19
3215.67 317.46 4.97937 3.21 -3.48
3956.97 320.68 3.80948 0.22 -1.64
4761.32 324.38 2.82563 -1.24 1.45
5642.36 328.27 1.88896 -1.29 5.53
6616.91 332.34 1.20715 2.35 11.80
7706.62 333.83 0.56875 7.52 11.75
8945.30 337.62 0.25160 10.60 17.58
9636.79 341.54 0.09034 16.79 18.99
10412.15 358.38 0.01601 32.66 16.49
11290.67 366.15 0.00757 33.29 13.54
12285.85 377.06 0.00709 26.81 8.07
13446.66 391.00 0.00743 17.75 4.80
14855.23 416.71 0.00671 11.60 -1.60
29814.27 871.18 0.00616 -13.13 1.42
