925.00 296.13 10.13185
0.00 296.13 10.13185 -1.67 -0.82
55.65 296.13 10.13185 -2.17 -1.03
288.34 296.32 9.90390 -3.61 -1.78
526.06 297.29 10.14009 -4.41 -1.98
769.63 298.23 8.80392 -4.07 -1.78
1018.89 299.31 6.36336 -2.74 -1.79
1274.02 300.06 4.47379 -1.62 -1.28
1535.33 300.72 4.50522 -0.75 -0.76
1803.59 301.97 4.62668 0.67 -0.02
2363.45 304.46 4.63561 4.42 0.09
2957.35 307.00 3.81873 7.52 -1.41
3589.48 309.37 3.25606 9.08 -0.87
4265.90 312.16 2.89782 11.07 0.63
4994.05 315.55 2.62413 11.36 1.82
5785.90 319.64 1.95555 14.65 3.83
6654.03 323.54 1.36707 18.29 6.25
7613.58 326.56 0.81825 23.32 6.42
8683.18 327.32 0.35637 25.11 7.20
9896.73 332.08 0.13812 26.02 12.98
10580.63 338.11 0.06352 27.54 13.45
11341.97 351.06 0.03701 27.79 6.79
12213.14 368.45 0.01428 24.94 4.46
13223.82 384.82 0.00570 24.72 2.21
14414.45 402.95 0.00534 19.20 -1.60
15860.12 425.02 0.00506 15.04 -1.04
30978.80 877.79 0.00610 -12.08 -0.36
