900.00 296.28 10.01494
0.00 296.28 10.01494 -1.52 -0.97
195.14 296.28 10.01494 -3.75 -1.15
432.75 296.82 9.79335 -5.04 -0.04
675.90 298.16 8.39214 -4.30 1.70
925.14 299.37 7.05830 -2.47 2.19
1180.39 299.94 5.85092 -1.92 1.04
1441.65 300.30 5.14017 -2.14 0.69
1709.25 300.73 4.98440 -1.93 1.03
2266.72 303.29 4.99672 0.50 0.35
2858.70 306.11 4.66726 3.25 0.97
3489.86 308.96 3.97863 7.43 1.89
4165.80 312.01 3.29279 9.85 2.59
4894.64 315.70 2.56109 11.14 2.73
5686.46 319.33 1.89752 14.84 2.40
6554.01 323.34 1.32749 20.68 3.02
7513.40 326.39 0.78400 26.05 2.21
8582.65 327.55 0.35160 28.79 2.02
9798.33 332.47 0.14196 30.41 9.45
10482.49 337.79 0.08716 31.95 13.37
11243.37 351.57 0.03792 33.08 5.20
12115.41 368.24 0.01248 27.72 3.18
13124.26 383.81 0.00582 26.47 1.00
14311.11 401.60 0.00542 20.78 -1.81
15751.69 423.90 0.00513 17.00 -2.42
30884.49 875.56 0.00611 -12.10 1.35
