900.00 298.30 9.84940
0.00 298.30 9.84940 -3.16 -2.23
197.95 298.30 9.84940 -5.78 -3.88
437.04 298.53 9.65239 -6.66 -3.90
681.34 299.04 8.96232 -7.30 -3.27
931.48 300.60 6.61905 -7.34 -1.22
1187.62 300.85 6.47085 -6.15 -0.64
1449.93 301.53 6.31499 -4.99 0.29
1719.18 302.73 6.31105 -3.50 1.41
2280.88 305.15 6.20031 0.52 3.39
2877.20 308.03 5.50457 4.15 2.81
3512.31 310.77 3.66436 8.07 3.05
4191.94 313.42 2.99388 11.53 4.08
4923.63 316.56 2.54852 14.36 3.41
5717.62 320.26 1.83425 18.02 2.75
6587.92 324.17 1.08477 20.31 1.64
7548.87 326.78 0.62620 20.26 1.82
8621.56 329.41 0.36072 21.65 7.39
9842.90 333.65 0.13991 24.46 15.14
10527.67 336.94 0.08753 25.18 16.75
11285.39 350.21 0.03732 32.27 10.75
12156.05 367.98 0.01402 30.86 4.26
13162.09 382.24 0.00602 29.08 2.66
14344.72 400.26 0.00543 23.30 -1.15
15780.66 423.14 0.00513 18.79 -3.22
30884.81 870.12 0.00616 -11.74 0.83
