875.00 300.27 9.84970
0.00 300.27 9.84970 -3.49 -1.78
188.96 300.27 9.84970 -6.17 -2.97
434.57 300.30 9.80558 -7.97 -3.21
685.42 300.48 9.46075 -9.26 -2.30
942.23 301.53 8.63975 -8.76 -0.39
1205.68 302.75 8.39812 -6.13 0.41
1476.44 304.16 8.17072 -2.93 0.43
2041.22 306.51 6.27718 1.51 0.48
2639.52 309.17 4.87867 4.67 1.52
3277.26 312.05 4.02477 7.51 1.59
3959.60 314.59 3.20640 9.17 2.25
4693.65 317.39 2.50895 10.55 2.99
5489.27 320.63 1.58794 13.11 3.27
6359.09 323.78 0.84051 15.74 3.48
7319.48 326.94 0.56838 15.70 4.97
8393.72 330.02 0.31006 15.83 9.28
9616.13 333.69 0.11103 17.80 15.64
10301.41 337.37 0.06030 19.39 17.37
11058.82 349.25 0.03260 27.65 13.31
11928.22 368.49 0.01580 31.48 9.26
12937.21 383.24 0.00638 30.45 4.99
14122.49 400.60 0.00581 22.91 -0.99
15553.08 420.83 0.00549 17.87 -0.57
30632.71 870.74 0.00616 -12.74 -0.82
