800.00 308.14 8.66079
0.00 308.14 8.66079 -1.14 1.89
62.57 308.14 8.66079 -1.47 2.43
331.22 308.35 8.63349 -1.53 3.45
606.36 308.27 8.52373 -1.06 4.12
1178.00 309.90 6.55538 3.26 4.03
1782.19 311.63 5.46941 6.07 1.15
2424.62 313.88 4.57569 7.38 -0.47
3111.11 316.73 3.11381 7.67 -0.38
3850.34 319.72 2.08307 7.71 0.35
4651.26 322.65 1.59202 9.73 0.67
5526.71 325.85 1.17145 12.47 1.59
6493.26 329.39 0.94680 12.22 3.33
7576.58 333.15 0.53557 11.42 10.51
8811.78 336.43 0.22952 18.52 21.89
9499.66 337.41 0.11845 21.05 23.60
10263.95 355.38 0.02267 32.42 15.35
11142.37 368.41 0.00788 36.87 10.27
12143.01 378.23 0.00811 32.05 4.48
13309.88 394.81 0.00671 22.03 2.31
14727.58 418.55 0.00630 15.85 -3.09
29740.85 870.92 0.00615 -11.62 1.09
