925.00 299.99 9.91888
0.00 299.99 9.91888 -4.69 -1.83
30.06 299.99 9.91888 -5.22 -2.09
265.90 300.23 9.68418 -7.76 -2.69
506.58 300.55 9.50165 -8.53 -2.41
752.50 300.75 9.70568 -9.27 -1.34
1003.86 301.53 8.82761 -9.14 1.00
1261.49 302.50 7.85591 -7.45 2.75
1525.58 303.51 7.12170 -5.74 4.03
1796.49 304.11 6.88607 -4.14 4.72
2360.73 306.36 5.83353 -0.15 6.00
2958.66 308.94 5.23496 3.93 3.77
3595.53 311.58 3.18057 6.26 1.11
4276.59 314.20 2.10710 9.50 1.36
5009.65 317.23 1.46490 12.92 0.98
5804.53 320.49 1.07884 16.08 0.58
6674.17 323.74 0.73237 17.70 0.31
7634.07 326.81 0.47533 19.27 2.05
8708.31 330.46 0.40315 23.13 7.23
9934.96 334.73 0.20685 29.46 16.26
10620.44 336.33 0.09935 32.19 18.66
11375.61 348.74 0.03336 34.57 11.03
12245.26 368.39 0.01513 35.39 4.32
13252.52 382.20 0.00648 32.09 0.15
14435.10 400.43 0.00575 24.27 -1.57
15868.49 422.10 0.00535 18.35 -2.17
30950.72 869.16 0.00619 -10.76 -1.07
