900.00 296.67 10.20337
0.00 296.67 10.20337 -1.65 -0.54
37.68 296.67 10.20337 -2.24 -0.87
275.61 297.64 8.60786 -4.92 0.75
519.15 298.34 8.50021 -4.20 1.65
768.59 299.55 6.72528 -2.22 1.60
1023.99 300.12 6.02209 -1.22 0.08
1285.41 300.34 5.46204 -0.88 -0.56
1553.06 300.66 5.22782 -0.61 -0.21
2110.93 303.68 5.23521 2.12 0.42
2703.94 306.40 4.65954 5.31 0.67
3335.35 309.09 3.74528 7.66 0.63
4011.49 312.05 3.23791 9.14 2.03
4740.51 315.79 2.52059 11.59 3.03
5532.58 319.46 1.92212 15.05 3.73
6400.44 323.53 1.36569 19.90 4.83
7360.52 326.72 0.81511 25.33 3.90
8430.05 327.38 0.35707 27.17 3.11
9644.51 332.32 0.15253 28.46 10.89
10328.31 337.57 0.08253 29.43 13.65
11088.48 351.08 0.03777 31.77 6.03
11960.11 368.58 0.01277 27.02 3.81
12970.64 384.54 0.00579 25.63 1.94
14159.58 402.24 0.00534 20.04 -0.94
15602.00 424.04 0.00513 16.20 -1.82
30728.12 876.82 0.00609 -12.54 0.97
