850.00 301.19 10.30841
0.00 301.19 10.30841 -1.89 -2.01
112.15 301.19 10.30841 -4.77 -3.46
364.09 302.12 9.95375 -6.74 -3.11
622.45 303.10 9.83918 -6.80 -1.31
887.56 304.56 9.46965 -5.83 0.44
1160.03 305.88 8.74904 -4.95 2.09
1727.43 307.45 6.57909 -1.36 2.22
2327.19 309.66 5.24654 3.88 1.27
2966.30 312.90 4.28069 8.00 0.83
3651.01 315.83 3.20083 10.10 1.05
4387.79 318.66 2.08654 10.50 1.70
5186.26 321.71 1.25435 11.03 3.11
6058.86 324.90 0.76578 12.04 4.47
7022.94 328.40 0.54329 12.50 5.83
8102.89 332.00 0.32599 16.15 7.34
9333.51 335.72 0.21732 21.58 18.96
10020.98 337.73 0.08995 23.53 18.94
10776.46 347.40 0.03076 25.26 12.18
11641.67 367.41 0.01507 33.08 11.50
12647.15 381.74 0.00678 31.54 6.51
13826.11 398.63 0.00655 24.79 1.32
15252.26 418.87 0.00597 18.01 -2.83
30304.99 872.52 0.00615 -12.65 -0.85
