925.00 299.48 10.32440
0.00 299.48 10.32440 -4.22 -2.06
82.49 299.48 10.32440 -5.90 -2.61
317.83 299.49 10.19648 -7.29 -2.87
557.93 299.61 10.19677 -8.08 -2.30
803.21 300.50 8.63190 -8.51 -0.16
1054.41 301.54 7.33604 -7.59 1.27
1311.57 302.24 6.34720 -6.36 2.31
1575.21 303.24 5.48052 -4.71 2.92
1845.58 303.76 5.51750 -3.12 3.28
2408.45 305.50 5.89526 0.95 4.73
3005.10 308.48 5.21065 5.91 3.16
3640.93 311.08 3.13293 7.84 1.46
4320.53 313.46 2.09666 10.46 2.53
5052.17 316.77 1.58020 13.43 1.72
5846.05 320.15 1.32563 17.14 0.40
6715.62 323.91 0.86975 19.02 -1.11
7676.06 326.83 0.51336 19.27 -0.28
8749.66 330.05 0.33145 24.48 5.38
9975.03 334.43 0.18250 31.80 15.33
10660.31 336.50 0.08433 32.54 15.67
11416.14 348.88 0.03593 35.63 9.51
12285.03 367.49 0.01625 34.36 2.88
13289.90 381.98 0.00636 31.65 0.54
14474.05 401.11 0.00546 23.66 -2.08
15910.24 422.52 0.00525 18.27 -2.93
31004.25 869.23 0.00618 -10.40 -0.21
