900.00 305.86 8.95743
0.00 305.86 8.95743 -1.23 3.30
9.10 305.86 8.95743 -1.24 3.17
254.08 305.83 8.94090 -1.88 5.49
503.88 305.87 8.83519 -1.75 5.60
759.27 305.83 8.81221 -1.66 6.10
1020.13 305.66 8.70400 -1.26 6.64
1286.82 306.02 8.44354 -0.72 6.94
1560.16 306.71 8.41566 0.39 5.99
2129.22 308.78 7.66494 2.35 2.31
2733.26 311.63 5.78299 1.75 -0.08
3375.53 314.00 3.97302 1.31 -1.26
4062.04 316.51 2.60724 2.75 -1.34
4800.13 319.34 1.82709 5.96 -0.65
5600.54 322.61 1.42661 9.82 -0.65
6475.86 325.99 1.39695 12.20 0.21
7444.43 330.41 1.03974 11.99 5.08
8531.46 333.91 0.56571 15.79 12.52
9768.20 336.68 0.23650 26.24 19.35
10456.84 338.54 0.11632 29.00 20.89
11223.33 356.15 0.02057 37.98 13.76
12102.76 368.13 0.00630 38.80 6.90
13101.97 377.28 0.00740 32.46 2.36
14266.25 394.23 0.00710 21.36 2.37
15679.30 415.97 0.00662 16.85 -4.43
30679.99 871.71 0.00614 -11.85 1.09
