825.00 309.20 6.60067
0.00 309.20 6.60067 -0.16 0.90
86.58 309.20 6.60067 -0.42 1.10
349.76 309.68 6.30991 -0.27 1.34
619.54 309.78 6.20705 0.07 1.48
895.75 309.93 6.18269 0.85 1.56
1469.63 311.18 6.57518 6.08 2.62
2076.52 312.83 5.90379 8.35 2.54
2721.04 314.74 4.02878 7.59 1.64
3408.77 317.25 1.30657 7.82 1.49
4147.34 319.30 0.83095 9.18 1.51
4946.73 322.30 0.53234 9.07 1.24
5820.83 325.46 0.50221 8.57 1.89
6786.24 328.60 0.56864 7.28 5.51
7866.16 332.19 0.46068 8.98 11.41
9098.21 335.46 0.21111 5.78 23.65
9787.26 340.90 0.04210 12.70 19.21
10558.54 356.87 0.02162 24.47 16.35
11440.42 369.91 0.00689 29.94 15.05
12443.45 378.79 0.00697 28.07 8.79
13613.64 396.05 0.00702 18.02 3.18
15029.70 415.94 0.00672 13.79 -1.70
30022.69 867.79 0.00619 -10.99 0.11
