775.00 306.29 9.26433
0.00 306.29 9.26433 0.23 1.93
150.63 306.29 9.26433 0.61 3.47
424.24 306.86 8.45859 1.69 3.22
995.09 310.13 6.99187 6.10 0.08
1600.30 311.64 6.01549 6.44 -0.48
2243.85 315.00 4.98429 6.76 -2.19
2932.81 317.43 3.50926 5.56 -1.77
3672.83 319.75 2.75148 5.20 -0.48
4474.05 322.75 2.29675 6.05 1.59
5350.70 326.80 1.75359 6.63 4.72
6321.82 331.01 1.10574 6.49 10.18
7409.44 334.00 0.57583 9.49 14.75
8647.70 337.07 0.24397 16.26 19.90
9336.90 337.87 0.12137 18.24 22.50
10101.71 355.57 0.02228 31.47 17.28
10980.58 367.87 0.00673 34.99 12.65
11980.00 378.10 0.00637 29.83 4.68
13145.35 393.55 0.00754 19.38 4.20
14557.79 417.16 0.00668 14.37 -3.45
29543.08 871.56 0.00615 -12.43 0.07
