925.00 298.75 10.12343
0.00 298.75 10.12343 -3.97 -1.90
137.60 298.75 10.12343 -5.76 -2.39
372.35 298.78 10.12415 -6.62 -2.38
611.87 298.81 9.87881 -7.40 -1.34
856.65 300.44 7.27382 -6.77 1.10
1107.48 300.93 6.38870 -6.05 1.69
1364.11 301.88 4.92535 -5.08 1.92
1627.23 302.85 4.56391 -3.75 1.73
1897.15 303.31 4.64438 -2.30 1.44
2458.56 304.86 5.64611 1.98 2.51
3053.97 307.95 5.10561 7.53 2.26
3688.67 310.51 3.04357 9.42 2.01
4366.80 312.84 2.23683 11.33 3.47
5097.44 316.45 1.88489 13.62 1.94
5890.72 319.86 1.73472 18.04 -0.42
6759.93 323.88 1.06798 20.94 -2.35
7720.39 326.67 0.60180 20.48 -1.74
8792.87 329.59 0.29809 25.31 4.24
10016.81 334.01 0.15006 31.72 13.19
10701.53 336.55 0.08127 32.47 13.42
11457.98 349.50 0.03968 35.90 8.05
12327.01 366.84 0.01546 33.28 2.26
13330.91 382.30 0.00601 30.92 0.51
14516.19 401.38 0.00544 22.88 -2.58
15953.96 422.83 0.00509 18.16 -3.25
31060.51 870.17 0.00617 -10.27 0.58
