875.00 300.46 11.12297
0.00 300.46 11.12297 -2.40 -1.73
154.72 300.46 11.12297 -5.37 -3.24
401.06 301.39 10.61636 -7.68 -2.47
653.26 302.28 10.48033 -8.27 0.24
911.78 303.64 10.11363 -7.15 2.55
1177.37 304.95 8.95195 -5.90 4.86
1449.89 305.75 8.16765 -3.81 5.41
2016.48 307.00 6.28154 0.32 3.13
2616.13 310.15 5.00686 3.66 1.65
3256.37 313.34 4.16530 6.18 1.30
3941.66 315.86 3.09035 8.24 1.19
4678.37 318.57 2.07173 9.45 1.56
5476.53 321.62 1.28304 11.26 2.47
6349.11 324.96 0.80604 13.34 3.61
7313.54 328.61 0.55147 14.68 5.36
8394.00 332.37 0.49176 17.63 6.95
9626.41 335.78 0.21787 21.19 16.73
10313.26 337.17 0.10758 25.13 19.32
11067.06 346.32 0.03393 26.83 11.95
11930.29 366.71 0.01558 34.27 10.89
12935.61 382.02 0.00675 32.40 5.49
14115.54 398.79 0.00659 25.14 0.29
15541.89 419.00 0.00600 18.03 -2.90
30594.82 872.56 0.00617 -12.30 -1.16
