900.00 305.88 8.65764
0.00 305.88 8.65764 -4.06 1.48
65.51 305.88 8.65764 -5.54 2.33
310.50 305.75 8.72158 -6.50 3.55
560.38 305.75 8.84821 -6.45 3.92
815.68 305.75 8.88349 -6.37 4.47
1076.57 305.58 8.82517 -5.99 5.24
1343.08 305.63 8.70976 -4.76 6.63
1616.06 306.30 8.14158 -1.13 7.41
2184.78 309.14 6.58136 1.73 4.05
2788.65 311.01 4.92981 1.40 3.65
3429.09 313.25 3.12031 3.14 2.91
4113.81 315.85 2.28558 5.79 1.78
4849.99 318.29 1.69180 8.17 0.40
5646.93 321.00 1.23467 11.42 -0.24
6517.69 324.29 0.86296 15.66 0.06
7480.96 328.52 0.63362 20.57 0.73
8562.74 332.89 0.53564 21.44 4.96
9798.31 336.26 0.22673 30.04 18.38
10485.88 337.76 0.10596 32.57 17.71
11246.76 350.97 0.02496 35.83 8.72
12116.51 367.16 0.01369 39.06 8.94
13120.41 381.45 0.00764 31.54 4.66
14298.45 397.36 0.00656 22.28 -0.39
15717.67 416.43 0.00630 17.75 -4.05
30753.06 875.28 0.00612 -12.15 -0.22
