900.00 298.47 9.74516
0.00 298.47 9.74516 -2.78 -1.50
110.54 298.47 9.74516 -4.36 -2.21
349.64 298.40 9.70740 -5.06 -2.41
593.70 298.77 8.40300 -5.53 -2.25
843.52 300.28 5.30363 -5.34 -1.16
1099.11 300.32 5.46088 -4.44 -1.69
1360.75 300.90 5.43163 -3.29 -1.42
1629.30 302.07 5.57472 -1.76 -0.16
2189.69 304.67 6.01954 2.25 2.56
2785.12 307.65 5.16937 5.13 2.24
3418.96 310.02 3.84071 8.42 3.01
4097.29 312.99 3.37028 10.88 4.00
4828.54 316.47 2.63580 14.11 3.68
5622.10 319.97 1.96905 18.15 3.89
6491.69 324.03 1.33052 21.47 3.41
7452.56 326.63 0.74736 22.01 1.52
8523.33 328.57 0.39129 23.44 5.39
9741.82 333.13 0.14830 24.07 13.06
10426.54 337.52 0.09124 25.63 15.92
11186.35 351.18 0.03743 31.87 9.12
12057.58 367.73 0.01239 29.19 4.08
13064.13 382.88 0.00579 27.66 3.18
14248.59 400.84 0.00541 22.17 -0.91
15685.96 423.09 0.00503 18.34 -2.87
30798.62 872.27 0.00614 -12.16 1.31
