775.00 309.45 6.99206
0.00 309.45 6.99206 -0.68 0.20
88.42 309.45 6.99206 -1.00 0.34
364.20 309.46 6.50446 -0.48 0.81
936.78 310.04 5.94886 2.81 2.41
1540.54 311.32 5.20388 6.67 3.10
2182.28 313.38 4.42801 8.90 1.51
2867.36 316.14 2.98885 8.64 0.41
3605.68 319.68 1.56040 9.43 0.21
4406.95 322.95 1.29878 10.40 1.98
5282.81 325.95 0.81630 12.15 3.78
6248.57 328.35 0.54640 11.60 3.52
7327.07 331.60 0.34160 14.15 7.63
8558.91 335.85 0.22234 16.43 23.74
9246.84 338.86 0.08018 19.87 22.38
10011.50 352.89 0.02334 27.20 11.98
10885.12 368.30 0.01347 32.35 11.38
11888.87 379.81 0.00843 29.02 6.45
13059.46 395.36 0.00646 21.84 2.28
14477.05 418.05 0.00623 17.59 -2.37
29507.71 872.08 0.00613 -12.26 1.45
