950.00 297.29 8.18273
0.00 297.29 8.18273 -2.38 -0.02
26.28 297.29 8.18273 -2.42 -0.03
255.24 297.29 8.07001 -4.21 0.15
488.54 297.29 7.97341 -4.83 0.63
726.59 297.57 7.43591 -4.97 1.94
969.82 298.08 7.13912 -4.16 2.60
1218.57 298.67 6.37586 -3.20 2.27
1473.27 299.56 5.54948 -2.20 1.54
1734.53 300.74 4.33208 -0.99 1.22
2002.41 301.30 3.15657 -0.15 0.64
2559.44 302.92 2.91949 0.76 -1.37
3149.67 305.32 2.57452 1.23 -1.97
3778.95 308.54 2.95020 5.38 -1.41
4454.30 311.90 2.92858 10.07 -0.76
5182.62 315.22 2.45737 13.27 1.19
5972.91 318.60 1.80137 15.05 1.65
6838.58 322.58 1.24362 19.04 0.19
7795.47 325.52 0.72865 26.59 -1.76
8863.17 327.51 0.30336 30.98 -2.17
10078.75 332.51 0.12225 33.10 4.47
10763.11 337.71 0.06916 35.42 7.10
11522.10 349.79 0.04170 34.93 1.44
12390.99 368.01 0.01423 29.96 0.61
13400.54 383.98 0.00596 26.59 -2.47
14587.65 401.92 0.00544 21.11 -2.87
16031.09 425.60 0.00510 16.71 -3.42
31180.70 875.27 0.00612 -11.07 0.47
