925.00 298.93 9.45180
0.00 298.93 9.45180 -4.70 -1.64
160.92 298.93 9.45180 -7.21 -2.22
395.73 298.95 9.35416 -8.24 -1.89
635.29 299.24 8.92140 -9.00 -0.03
880.16 299.86 8.76976 -7.60 2.13
1130.75 300.62 8.38069 -5.31 2.34
1387.51 301.45 7.87287 -3.86 1.32
1650.61 302.47 6.38327 -3.14 0.47
1920.65 303.71 4.79744 -1.74 0.70
2483.16 305.73 4.10238 3.85 3.49
3079.46 308.10 5.00877 8.64 2.46
3715.18 311.11 3.38863 11.24 0.41
4394.76 313.16 2.63479 10.86 1.48
5125.61 316.58 1.62474 11.52 0.78
5919.14 320.01 1.12270 16.57 -1.64
6787.46 323.09 0.92499 19.52 -4.43
7745.70 326.25 0.45155 19.58 -4.07
8817.44 329.61 0.27131 25.45 -0.68
10044.34 335.14 0.18417 39.25 9.28
10730.74 337.14 0.07580 38.60 9.66
11488.51 350.39 0.03185 37.82 6.08
12358.57 367.08 0.01622 35.51 1.10
13363.13 382.19 0.00622 31.43 -1.19
14546.42 400.20 0.00544 24.05 -1.40
15979.05 421.33 0.00521 20.00 -3.21
31076.16 870.30 0.00617 -9.73 -0.44
