900.00 300.98 10.43352
0.00 300.98 10.43352 -2.57 -1.12
119.71 300.98 10.43352 -5.08 -1.78
361.11 301.54 9.50660 -8.20 -1.32
607.91 302.32 9.09948 -9.18 -0.28
860.58 302.97 9.08785 -9.29 1.12
1119.15 303.25 9.17684 -8.42 3.39
1383.98 303.98 8.70546 -6.49 5.33
1655.71 304.99 8.08065 -3.88 6.80
2221.81 307.04 6.38039 -0.70 5.85
2820.96 309.60 5.13523 0.76 4.32
3459.64 312.48 3.50462 3.04 2.07
4142.74 315.05 2.44668 6.59 0.87
4877.35 317.65 2.09769 9.75 0.86
5673.15 320.66 1.46971 12.57 0.72
6543.10 323.96 0.94570 15.48 1.38
7504.27 327.38 0.81425 17.33 4.44
8581.42 331.75 0.49286 15.56 7.74
9810.92 335.34 0.21356 25.33 12.98
10497.16 336.33 0.11880 32.04 18.71
11249.18 346.82 0.03577 34.02 12.33
12117.75 369.34 0.01394 36.95 7.63
13129.45 383.93 0.00644 32.04 0.56
14312.94 399.42 0.00642 23.88 -0.90
15739.56 419.18 0.00585 18.01 -1.29
30800.79 871.54 0.00619 -11.46 -1.95
