825.00 308.54 8.13181
0.00 308.54 8.13181 -0.20 0.63
126.89 308.54 8.13181 0.61 1.33
390.07 309.49 6.67219 1.62 2.09
659.89 309.94 6.20598 3.05 2.32
936.29 310.35 5.82448 4.93 2.27
1510.39 311.18 5.48635 6.86 1.21
2116.70 312.70 5.01701 6.74 1.02
2760.60 314.46 4.06179 6.75 0.72
3447.65 316.68 2.71666 6.30 0.32
4185.94 319.09 1.93371 7.09 0.53
4984.92 321.69 1.54164 7.79 1.21
5857.24 324.72 1.09486 8.49 2.02
6820.99 328.18 0.81553 8.54 3.97
7899.77 331.74 0.43814 11.04 10.53
9131.36 335.82 0.21425 10.52 25.40
9819.69 339.93 0.05852 14.98 22.19
10588.06 355.31 0.02175 25.92 15.30
11467.35 369.79 0.01003 31.37 13.80
12472.62 380.06 0.00818 28.10 7.29
13644.90 395.99 0.00653 19.15 1.87
15061.27 416.79 0.00645 15.10 -1.37
30072.55 868.96 0.00617 -11.70 1.45
