875.00 306.06 8.47088
0.00 306.06 8.47088 -1.11 2.89
211.99 306.06 8.47088 -1.68 4.92
462.08 305.88 8.56546 -1.61 5.33
717.22 305.75 8.80862 -1.45 5.56
977.98 305.77 8.87928 -1.16 6.03
1244.72 305.92 8.57753 -0.38 6.24
1518.03 306.77 8.05982 2.21 4.59
2087.98 309.80 7.06425 3.55 -0.08
2693.27 311.98 5.89117 0.13 -0.65
3336.28 314.27 4.36078 -0.06 -1.90
4023.48 316.83 3.20785 1.51 -1.39
4762.72 319.61 2.41972 2.97 -0.33
5563.43 322.50 2.04054 4.99 -0.29
6439.11 326.59 1.68023 7.23 2.04
7411.02 331.59 1.13737 9.82 8.45
8500.78 334.44 0.58770 14.76 13.10
9739.30 337.27 0.24609 20.68 18.94
10429.21 339.50 0.11635 24.15 20.91
11198.35 356.86 0.01731 36.95 14.77
12077.58 367.70 0.00701 36.63 8.86
13076.79 377.44 0.00626 29.67 3.23
14237.55 392.12 0.00764 20.75 3.37
15647.45 416.27 0.00677 15.68 -4.26
30630.55 871.79 0.00616 -12.19 0.86
