925.00 297.70 10.23175
0.00 297.70 10.23175 -2.92 -2.44
103.48 297.70 10.23175 -4.35 -3.31
337.52 297.75 10.23548 -5.56 -3.70
576.21 297.92 9.98562 -6.12 -3.13
820.12 298.86 8.71321 -6.18 -0.65
1070.10 300.12 6.40951 -5.50 1.17
1325.84 300.63 5.64925 -4.82 1.00
1587.89 301.42 5.15749 -3.96 0.57
1856.69 302.15 4.99938 -2.58 0.49
2416.78 304.34 5.64718 1.87 2.61
3011.47 307.52 5.26873 6.82 2.73
3645.18 309.91 3.38452 9.84 2.88
4322.62 312.52 2.75144 11.64 3.92
5052.68 316.24 2.53895 14.33 2.22
5846.18 320.01 1.93839 19.42 0.69
6716.18 324.23 1.19298 23.17 0.39
7677.48 326.75 0.64940 22.52 0.10
8749.20 329.01 0.33903 25.02 5.30
9969.78 333.27 0.13512 27.06 12.55
10653.88 336.87 0.09417 28.83 14.88
11412.11 350.46 0.03969 33.83 8.46
12281.92 367.08 0.01318 30.63 3.29
13286.78 382.52 0.00589 29.15 2.03
14471.50 401.24 0.00533 22.61 -2.23
15910.09 423.30 0.00507 18.03 -3.59
31026.01 871.52 0.00615 -11.27 1.39
