900.00 303.68 9.28427
0.00 303.68 9.28427 0.18 2.63
146.74 303.68 9.28427 0.39 4.53
390.09 303.68 9.26943 0.38 5.04
638.32 303.70 9.15903 0.20 4.99
891.97 304.23 8.56368 -0.12 4.02
1151.86 305.15 7.99233 0.79 2.63
1418.30 306.08 7.82296 2.00 1.50
1691.76 307.19 7.44500 1.92 1.19
2262.42 309.98 6.80062 -2.08 2.55
2867.26 311.45 6.23835 -5.20 2.19
3509.53 314.12 5.07573 -5.75 0.56
4196.19 316.43 3.83904 -4.28 0.61
4935.15 319.79 3.02314 -1.58 1.83
5737.46 323.58 2.62301 1.18 2.60
6618.32 328.79 1.93814 3.64 5.21
7595.47 332.99 1.26816 11.12 8.89
8689.39 336.15 0.66096 14.99 11.62
9934.18 338.67 0.27026 18.34 14.92
10627.25 341.59 0.11392 23.31 14.99
11402.30 357.98 0.01074 38.35 11.64
12278.78 365.69 0.00844 36.04 8.43
13273.25 375.85 0.00701 27.76 8.05
14428.61 390.09 0.00741 20.11 1.00
15835.09 415.55 0.00687 13.86 -3.16
30789.55 871.50 0.00618 -12.18 1.79
