925.00 300.33 9.85489
0.00 300.33 9.85489 -4.90 -1.95
102.43 300.33 9.85489 -7.13 -2.59
338.41 300.33 9.80765 -8.19 -2.60
579.11 300.34 9.66163 -9.03 -1.80
824.86 300.70 9.46320 -8.81 0.44
1076.30 301.68 8.76780 -6.84 2.80
1334.05 302.63 7.66542 -5.31 2.84
1598.09 303.56 5.82321 -4.50 2.71
1868.90 304.65 4.27814 -3.05 3.50
2432.97 306.24 4.82364 0.76 5.40
3030.15 308.51 5.27502 4.94 4.32
3666.84 311.61 3.11094 7.70 1.21
4347.24 313.59 2.46742 8.26 1.44
5079.11 317.01 1.33032 10.86 0.32
5873.37 320.35 0.74000 15.63 -1.14
6742.35 323.49 0.59450 18.09 -1.90
7701.44 326.42 0.41641 18.95 -1.27
8773.90 329.86 0.35623 24.42 2.26
10000.39 335.19 0.21180 35.26 12.67
10686.99 337.00 0.09419 37.68 14.02
11444.41 350.19 0.03420 37.35 7.50
12315.79 368.11 0.01559 35.50 2.10
13322.39 382.35 0.00644 31.90 -0.63
14506.08 400.41 0.00560 23.40 -0.96
15936.82 420.63 0.00540 19.17 -2.18
31020.28 869.99 0.00619 -10.19 -1.25
