775.00 308.72 7.22645
0.00 308.72 7.22645 -0.92 0.05
59.17 308.72 7.22645 -1.17 -0.10
334.47 308.73 7.16969 -1.49 0.55
906.00 309.77 5.91169 1.21 3.04
1509.51 311.17 5.02314 5.36 2.54
2150.38 313.53 4.26881 8.13 2.14
2836.94 316.93 2.95411 9.60 0.61
3576.71 320.07 2.07097 9.81 0.35
4378.90 323.16 1.49986 10.71 1.06
5255.04 325.94 1.16325 12.23 2.00
6221.52 328.90 0.77634 11.54 2.51
7302.46 332.42 0.50478 11.99 8.35
8536.50 336.18 0.22803 16.71 22.35
9223.96 337.18 0.11881 19.80 23.74
9987.96 354.03 0.02355 30.49 13.43
10863.41 368.01 0.01089 35.36 10.49
11864.61 378.71 0.00873 31.34 5.61
13032.40 394.86 0.00653 22.53 2.23
14450.25 418.80 0.00625 17.00 -2.80
29473.88 871.40 0.00615 -11.71 1.39
