900.00 299.87 11.69851
0.00 299.87 11.69851 -3.09 -1.73
57.46 299.87 11.69851 -4.43 -2.30
298.42 300.75 10.44383 -8.35 -3.47
544.67 301.42 10.00738 -9.40 -2.11
796.85 302.34 9.49668 -9.69 0.60
1055.34 303.29 9.52447 -8.05 3.01
1320.42 304.44 8.63855 -5.53 5.47
1592.53 305.36 7.82251 -2.93 5.67
2158.20 306.77 6.41413 0.18 3.26
2757.73 310.01 5.19379 2.01 1.67
3397.36 312.89 4.15113 4.13 1.42
4081.52 315.34 3.24244 7.14 1.96
4816.98 317.91 2.40388 9.58 2.26
5613.59 320.97 1.54693 11.77 2.47
6484.49 324.31 0.94848 14.05 3.37
7447.11 328.02 0.62582 15.80 6.02
8525.71 332.05 0.51148 16.95 8.67
9756.84 335.65 0.21750 21.75 15.83
10443.55 336.68 0.11709 25.71 19.53
11196.27 346.79 0.03457 28.96 14.02
12060.98 366.62 0.01567 34.16 9.64
13068.60 382.95 0.00658 32.81 3.24
14250.41 399.26 0.00642 24.95 -0.81
15677.43 419.79 0.00577 18.50 -1.69
30739.58 871.15 0.00618 -11.94 -1.62
