900.00 297.28 9.61737
0.00 297.28 9.61737 -2.50 -0.74
32.87 297.28 9.61737 -2.85 -0.73
271.02 297.67 8.99486 -4.82 -1.05
514.55 298.23 8.62993 -4.89 -0.43
763.94 299.73 6.27997 -3.58 0.30
1019.37 300.16 5.75547 -2.67 -0.55
1280.86 300.60 5.22002 -2.09 -1.22
1548.89 301.36 5.02121 -1.26 -0.45
2107.81 304.13 5.43155 2.64 1.56
2702.27 307.25 4.76737 6.24 1.62
3335.06 309.51 3.77803 8.73 2.04
4012.20 312.39 3.44393 10.03 3.25
4742.23 316.22 2.66597 12.65 3.04
5535.17 319.69 1.95450 17.29 3.64
6403.89 323.83 1.37296 22.07 4.12
7364.53 326.64 0.78587 24.36 1.72
8434.37 327.94 0.37326 26.16 3.46
9651.22 332.80 0.14775 26.64 11.36
10335.53 337.54 0.09394 27.74 14.73
11095.60 351.19 0.03710 32.29 7.22
11966.62 367.79 0.01208 28.39 4.01
12974.45 383.59 0.00564 26.98 2.74
14160.90 401.48 0.00546 21.35 -1.26
15600.45 423.45 0.00510 17.47 -2.68
30721.73 874.28 0.00612 -12.26 1.48
