900.00 297.65 9.65265
0.00 297.65 9.65265 -1.17 -1.29
135.92 297.65 9.65265 -2.87 -1.76
374.64 298.24 8.99679 -4.15 -0.70
618.76 299.25 7.50771 -3.78 -0.45
868.50 299.51 6.79590 -3.22 -0.86
1123.86 300.12 6.12725 -2.82 -1.96
1385.35 300.62 5.40482 -2.11 -1.65
1653.53 301.66 5.14271 -0.80 -0.51
2212.65 304.08 5.49136 2.46 0.54
2806.40 306.69 4.49336 6.26 0.07
3438.40 309.37 3.90335 8.44 0.98
4115.56 312.73 3.35230 10.63 2.84
4846.23 316.25 2.60370 13.43 4.00
5639.27 319.84 1.95455 16.75 4.91
6508.08 323.78 1.36918 20.29 5.32
7468.44 326.65 0.80880 23.83 3.10
8538.17 327.66 0.36943 25.47 4.05
9754.31 332.72 0.14312 24.84 12.55
10438.57 337.58 0.08097 26.51 14.70
11199.19 351.43 0.03644 30.84 7.14
12070.98 368.25 0.01180 27.46 4.26
13080.23 384.10 0.00564 26.05 3.08
14268.01 401.78 0.00528 20.49 -0.72
15707.97 423.42 0.00511 17.11 -1.73
30824.87 875.24 0.00612 -12.53 1.09
