900.00 305.75 8.69129
0.00 305.75 8.69129 -2.84 2.40
177.83 305.75 8.69129 -3.84 3.41
422.62 305.53 8.63960 -4.06 3.90
672.19 305.28 8.58582 -4.08 4.10
927.06 305.60 8.51160 -4.07 4.37
1187.69 305.65 8.55429 -4.02 4.65
1454.22 305.65 8.49487 -3.69 5.15
1727.10 305.96 8.05486 -1.97 5.81
2295.39 308.85 5.75019 0.33 4.16
2898.34 311.20 5.81193 1.27 2.20
3539.29 313.02 3.88304 2.33 0.33
4223.35 315.47 2.58170 5.19 -0.85
4960.06 318.95 1.18353 7.81 -1.76
5758.69 321.84 0.74793 11.16 -1.84
6632.00 325.43 0.76114 15.94 -0.51
7598.78 330.05 0.83014 18.39 2.40
8685.71 333.97 0.57083 20.26 9.49
9921.94 336.43 0.23114 31.30 16.50
10610.12 338.26 0.11104 34.18 17.53
11375.28 354.21 0.02336 39.25 9.35
12249.77 366.81 0.00914 41.15 5.30
13247.96 378.22 0.00894 33.22 2.84
14416.32 394.78 0.00664 23.17 -0.24
15830.34 416.88 0.00636 18.95 -4.53
30849.17 873.87 0.00613 -12.08 0.76
