925.00 297.67 9.02739
0.00 297.67 9.02739 -3.34 -0.96
175.02 297.67 9.02739 -5.13 -1.29
408.75 297.68 9.00354 -5.84 -1.08
647.26 297.86 8.82089 -6.42 0.22
891.08 298.96 7.96496 -5.27 3.06
1140.85 299.77 7.44194 -4.53 2.39
1396.59 300.56 6.26070 -3.85 1.17
1658.66 301.50 4.28252 -2.76 -0.10
1927.08 301.54 4.03743 -2.23 -0.63
2485.03 303.44 4.36670 0.87 -0.93
3077.83 306.65 4.70185 6.07 -0.24
3710.29 309.65 3.75395 10.89 1.46
4387.25 312.22 2.92950 12.03 2.69
5116.24 315.72 2.42277 12.03 1.78
5907.98 319.38 1.89739 16.25 -0.68
6775.94 323.43 1.36424 22.52 -1.80
7735.25 326.20 0.68799 24.72 -2.23
8805.27 328.60 0.32916 28.86 1.83
10024.83 333.02 0.11189 30.35 8.36
10708.88 336.94 0.07950 34.15 10.86
11467.42 350.75 0.03927 34.98 3.49
12337.47 366.93 0.01236 31.22 1.62
13343.10 383.06 0.00575 29.13 -0.77
14528.58 401.37 0.00545 21.95 -2.92
15968.65 424.07 0.00506 17.83 -2.97
31098.90 872.92 0.00614 -10.59 1.17
