925.00 301.83 9.65630
0.00 301.83 9.65630 -5.37 -1.05
46.96 301.83 9.65630 -6.50 -1.19
283.93 301.68 9.46230 -8.51 -1.30
525.64 301.74 9.36651 -9.01 -0.76
772.39 301.91 9.19212 -9.17 0.62
1024.73 302.48 8.81217 -7.73 3.13
1282.96 302.97 8.79708 -5.78 4.55
1547.44 303.48 8.36613 -4.04 4.61
1818.81 305.18 6.81529 -2.15 4.67
2385.60 308.02 4.68764 1.45 6.71
2985.74 309.69 4.78770 4.28 4.54
3623.71 311.93 2.70059 6.10 1.80
4305.07 314.33 1.71577 6.90 0.24
5038.01 317.58 1.12896 9.00 -1.11
5834.01 320.93 0.66090 12.97 -3.13
6704.09 323.92 0.49202 15.56 -2.47
7664.57 326.97 0.44494 17.68 -0.96
8739.86 331.08 0.43137 22.73 2.12
9972.47 336.42 0.22317 35.13 13.37
10660.29 337.24 0.11164 38.15 13.50
11419.13 350.87 0.03384 36.85 7.13
12290.57 368.27 0.01685 35.55 4.67
13297.52 381.92 0.00660 32.11 -0.24
14473.88 397.07 0.00649 25.51 0.08
15895.60 418.70 0.00585 20.73 -3.30
30959.74 871.87 0.00619 -11.09 -2.14
