825.00 302.99 9.79045
0.00 302.99 9.79045 -0.82 0.93
80.08 302.99 9.79045 -1.40 1.27
338.90 303.32 9.08390 -1.52 2.36
604.14 304.73 8.08312 0.14 1.54
876.86 306.68 7.55466 3.25 0.00
1447.17 309.91 6.72370 7.21 -2.24
2051.39 311.61 6.22090 9.52 -3.81
2694.81 314.64 5.37163 8.38 -3.91
3383.26 317.10 4.50819 5.07 -2.65
4123.51 320.05 3.64627 3.36 -0.67
4926.24 323.77 2.72232 1.89 2.89
5806.38 328.03 1.85934 0.50 8.34
6780.37 331.81 1.16745 2.39 14.41
7868.63 333.98 0.56910 7.22 12.59
9107.46 337.20 0.24351 10.75 19.38
9797.67 340.53 0.09470 15.84 20.37
10569.67 357.32 0.01866 30.85 16.83
11448.18 366.67 0.00742 32.91 13.97
12444.54 377.38 0.00671 27.73 7.34
13607.03 391.85 0.00749 18.08 5.12
15016.83 417.28 0.00669 12.59 -2.68
29985.15 872.10 0.00615 -12.99 0.72
