925.00 300.57 9.99365
0.00 300.57 9.99365 -4.60 -1.87
65.20 300.57 9.99365 -5.99 -2.38
301.26 300.51 9.85469 -7.87 -2.62
542.13 300.57 9.88275 -8.76 -2.20
788.08 300.85 9.51497 -9.28 -0.47
1039.53 301.73 8.57827 -8.17 1.70
1297.20 302.63 7.78933 -6.88 2.86
1561.34 303.61 6.27853 -5.33 3.60
1832.21 304.39 5.36938 -3.63 4.33
2396.27 306.15 5.45505 0.32 5.75
2993.71 308.74 5.32106 4.77 4.33
3630.66 311.76 2.97425 7.06 1.06
4311.41 313.79 2.42208 8.12 1.57
5043.76 317.06 1.26510 11.92 0.44
5838.13 320.31 0.90040 15.77 -0.33
6707.24 323.62 0.63134 18.00 -0.80
7666.83 326.66 0.45517 19.17 0.39
8740.06 330.05 0.39316 23.87 4.56
9966.29 334.92 0.20948 32.47 14.29
10652.33 336.64 0.09867 35.65 16.70
11408.32 349.30 0.03472 36.38 9.14
12278.94 368.33 0.01510 35.64 2.90
13285.95 382.31 0.00649 32.10 -0.40
14469.74 400.74 0.00576 23.64 -1.36
15902.42 421.32 0.00542 18.51 -2.04
30984.81 869.57 0.00619 -10.42 -1.18
