825.00 303.13 9.99233
0.00 303.13 9.99233 -0.98 0.84
92.80 303.13 9.99233 -1.41 1.07
351.80 303.21 9.37769 -2.00 2.06
616.93 304.79 8.14682 -0.26 1.77
889.48 306.41 7.37107 2.70 0.14
1459.43 309.77 6.67820 7.32 -2.75
2063.32 311.39 6.04773 10.28 -4.03
2706.05 314.25 5.46724 9.13 -4.10
3394.14 317.19 4.66921 5.55 -3.26
4135.05 320.55 3.69540 2.51 -1.02
4939.21 324.40 2.80325 -0.63 2.97
5820.65 328.44 1.93326 -2.02 8.30
6795.66 332.16 1.20043 1.36 13.86
7884.25 333.88 0.56687 6.23 11.16
9123.18 337.38 0.24659 8.63 18.41
9814.42 341.93 0.08360 15.77 19.10
10589.83 358.25 0.01670 31.50 16.79
11468.40 366.17 0.00758 32.55 14.10
12463.12 376.82 0.00715 26.89 8.44
13623.78 391.04 0.00743 17.71 5.14
15032.30 417.03 0.00667 11.68 -1.59
29991.96 871.43 0.00615 -13.13 1.25
