925.00 300.20 9.72494
0.00 300.20 9.72494 -4.93 -1.89
103.64 300.20 9.72494 -7.24 -2.48
339.49 300.20 9.68919 -8.32 -2.39
580.03 300.26 9.56608 -9.12 -1.53
825.70 300.54 9.38213 -8.81 0.69
1077.01 301.48 8.84320 -6.62 3.13
1334.58 302.46 7.89836 -4.76 3.02
1598.55 303.45 6.07613 -4.12 2.20
1869.33 304.62 4.29210 -2.97 2.78
2433.34 306.30 4.52042 1.12 5.15
3030.63 308.52 5.20310 5.33 4.22
3667.22 311.54 3.16443 8.03 1.20
4347.59 313.57 2.37115 8.62 1.25
5079.33 317.01 1.45471 10.50 0.34
5873.78 320.43 0.70757 15.68 -1.49
6742.78 323.44 0.57944 18.21 -2.40
7701.67 326.36 0.40265 18.73 -1.90
8774.00 329.84 0.33664 24.48 1.36
10000.89 335.34 0.21200 36.40 12.04
10687.70 337.16 0.09157 38.26 12.84
11445.68 350.49 0.03323 37.51 7.00
12317.01 367.90 0.01579 35.46 1.95
13323.25 382.27 0.00646 31.86 -0.72
14506.39 400.11 0.00568 23.58 -0.81
15936.16 420.45 0.00542 19.59 -2.39
31020.48 870.13 0.00620 -10.12 -1.26
