850.00 304.90 10.61190
0.00 304.90 10.61190 -0.95 2.47
93.53 304.90 10.61190 -1.14 3.84
348.53 305.48 9.85027 -1.03 5.85
609.60 306.01 9.05405 -0.47 6.45
876.77 306.93 7.89110 0.27 6.27
1151.10 308.13 7.61486 0.58 5.50
1722.78 310.30 6.72956 2.44 2.04
2328.30 311.94 6.06236 4.24 -0.56
2971.27 314.17 4.59417 4.84 -1.29
3658.34 316.69 3.01547 5.44 -0.86
4396.78 319.27 2.02816 7.36 -0.72
5196.91 322.51 1.51670 10.33 -0.26
6072.29 325.86 1.43976 11.59 1.56
7040.34 330.05 1.03005 11.30 5.28
8126.20 333.81 0.56115 13.06 13.27
9363.30 336.69 0.23653 22.30 20.95
10051.43 337.70 0.11789 24.45 22.46
10815.52 355.69 0.02220 34.62 15.89
11695.16 368.46 0.00629 37.68 9.29
12695.49 377.87 0.00731 31.91 2.95
13861.40 394.84 0.00697 21.19 2.75
15277.46 417.13 0.00655 15.05 -3.71
30278.86 871.09 0.00615 -11.90 0.88
