925.00 299.58 10.13443
0.00 299.58 10.13443 -4.07 -2.32
34.37 299.58 10.13443 -4.93 -2.82
269.65 299.56 9.99798 -6.92 -3.49
509.81 299.73 9.91351 -7.45 -3.30
755.05 299.84 9.88697 -8.11 -2.27
1005.85 301.16 7.70975 -8.58 0.29
1262.86 301.88 6.84010 -7.28 1.78
1526.21 302.74 6.55501 -5.61 2.77
1796.41 303.44 6.67168 -4.15 3.36
2359.48 305.82 6.07147 -0.47 5.13
2956.54 308.48 5.44249 4.39 3.16
3592.29 311.04 3.28471 7.53 1.62
4272.33 313.72 2.17332 11.21 2.60
5004.25 316.78 1.85976 14.05 2.22
5798.49 320.39 1.44599 17.40 1.03
6668.79 324.16 0.87067 18.66 -0.12
7629.84 327.01 0.50291 19.60 1.22
8704.21 330.25 0.33012 23.41 7.51
9929.43 334.27 0.17248 28.99 16.75
10614.24 336.34 0.08593 29.19 16.95
11370.13 348.98 0.03436 33.94 10.84
12239.27 367.80 0.01586 33.56 4.04
13244.70 381.84 0.00640 31.15 1.25
14427.27 400.55 0.00551 24.13 -1.77
15863.06 422.95 0.00522 18.45 -3.12
30956.61 868.95 0.00619 -10.87 -0.09
