825.00 305.25 8.57465
0.00 305.25 8.57465 -0.39 1.90
4.02 305.25 8.57465 -0.67 2.33
263.78 305.79 8.44862 -0.66 2.64
530.49 306.44 8.24404 0.07 2.37
804.44 307.52 7.95037 1.79 1.40
1375.92 310.35 6.62897 7.36 -0.05
1981.36 312.11 6.11246 8.60 -1.46
2625.40 314.95 4.69560 8.68 -2.15
3314.05 317.34 3.15530 7.43 -1.18
4054.27 320.04 2.45568 6.93 0.57
4856.26 323.04 2.14342 6.63 2.71
5733.17 326.52 1.75156 6.03 5.99
6703.67 330.78 1.10054 5.39 10.92
7790.55 333.99 0.57970 7.44 13.49
9028.41 336.80 0.23757 13.32 20.37
9716.95 338.17 0.11030 15.67 22.77
10482.67 355.68 0.02269 29.28 17.69
11361.75 367.99 0.00678 33.63 13.62
12360.86 377.91 0.00639 29.76 5.65
13526.51 393.77 0.00753 18.92 4.21
14938.29 416.87 0.00670 15.01 -3.44
29924.76 871.47 0.00616 -12.22 -0.29
