900.00 297.11 10.06218
0.00 297.11 10.06218 -1.43 -0.73
95.53 297.11 10.06218 -2.98 -1.08
333.91 297.97 8.87088 -4.76 0.91
577.72 298.73 8.32871 -3.76 1.52
827.31 299.54 7.11559 -2.10 1.18
1082.77 300.16 6.17337 -1.04 -0.27
1344.21 300.36 5.41858 -0.70 -0.75
1611.96 300.85 5.24825 -0.32 -0.52
2169.96 303.61 5.31881 2.26 0.12
2762.59 306.19 4.46163 5.84 -0.02
3393.62 308.96 3.71510 7.93 0.12
4069.66 312.14 3.15543 9.28 1.99
4798.90 315.82 2.51464 11.81 3.17
5591.05 319.53 1.92684 14.93 3.96
6459.11 323.58 1.36831 19.52 5.18
7419.25 326.74 0.81457 25.13 4.28
8488.85 327.36 0.35614 26.82 3.57
9703.21 332.34 0.15103 27.84 11.40
10387.11 337.57 0.07917 28.91 13.73
11147.23 351.00 0.03785 31.25 6.13
12018.71 368.57 0.01295 26.77 3.85
13029.44 384.66 0.00577 25.46 2.02
14218.84 402.39 0.00536 19.85 -0.84
15661.77 424.17 0.00506 16.01 -1.58
30786.46 877.10 0.00609 -12.56 0.78
