900.00 304.41 9.14420
0.00 304.41 9.14420 -0.87 2.71
8.57 304.41 9.14420 -0.98 2.54
252.85 304.72 9.07832 -1.47 4.94
501.85 304.42 9.24946 -1.01 5.14
756.04 304.72 8.99897 -0.60 4.90
1016.34 305.35 8.66707 -0.19 4.81
1282.80 305.79 8.34545 0.96 4.03
1556.11 306.80 7.99402 3.45 1.68
2126.65 310.07 6.90055 1.07 -0.37
2731.63 311.44 6.40663 -2.51 -0.32
3374.14 314.04 4.98328 -3.38 -1.17
4061.18 316.75 3.43221 -2.16 -0.22
4800.87 320.05 2.63164 -0.63 1.17
5603.17 323.19 2.32257 0.88 1.79
6482.27 328.28 1.86746 2.92 4.34
7458.27 332.66 1.23838 8.89 9.50
8550.30 335.23 0.62193 14.35 10.11
9791.93 338.09 0.26007 16.51 16.36
10483.73 340.80 0.11483 21.37 17.80
11256.33 357.45 0.01384 36.65 13.58
12133.58 366.22 0.00808 35.82 9.72
13129.88 376.96 0.00656 27.74 6.42
14287.38 390.10 0.00751 20.43 2.65
15694.93 416.21 0.00680 14.39 -3.19
30661.01 871.77 0.00617 -12.34 1.55
