775.00 309.91 6.20941
0.00 309.91 6.20941 0.12 -1.82
251.35 309.91 6.20941 -0.48 -2.74
527.51 309.89 6.14422 -0.54 -2.92
1101.05 310.97 5.47352 2.39 -1.37
1706.12 311.69 5.00663 6.90 1.55
2347.52 313.36 3.62602 8.78 3.05
3032.48 316.21 1.76681 8.89 3.02
3769.83 319.13 1.41059 9.33 3.09
4569.24 322.10 0.78005 9.69 3.37
5441.94 324.58 0.59574 8.72 3.47
6404.08 327.54 0.30873 10.23 3.31
7479.96 330.28 0.11588 14.47 7.57
8707.11 335.57 0.12832 18.35 21.93
9396.06 339.29 0.03810 17.54 14.53
10158.21 351.01 0.02589 23.52 11.31
11029.70 368.74 0.01452 29.47 11.65
12036.09 381.29 0.00701 28.14 7.42
13211.79 397.10 0.00658 22.54 2.64
14635.03 418.55 0.00615 17.22 -2.07
29679.35 873.64 0.00613 -13.25 0.37
