925.00 297.67 9.52763
0.00 297.67 9.52763 -2.86 -1.36
170.50 297.67 9.52763 -4.46 -1.89
404.35 297.76 9.42678 -5.22 -1.71
642.91 297.83 9.26863 -5.77 -0.61
886.68 298.74 8.32798 -5.24 2.47
1136.35 299.55 7.47112 -4.07 3.01
1391.94 300.46 6.48279 -4.05 2.01
1654.02 301.42 4.96996 -3.78 0.58
1922.53 301.62 4.34729 -3.10 -0.08
2480.61 303.32 5.06133 0.98 -0.11
3073.36 306.59 4.98476 5.78 0.82
3705.80 309.51 3.71209 10.81 2.31
4382.35 312.07 3.01517 11.90 2.97
5111.46 315.91 2.49207 12.22 1.37
5903.79 319.54 1.90182 16.77 -0.78
6772.11 323.61 1.34255 23.22 -0.90
7732.01 326.33 0.68780 24.92 -1.22
8802.12 328.58 0.33050 28.40 2.97
10021.53 332.94 0.11980 29.59 9.60
10705.53 336.99 0.08788 32.92 12.37
11464.48 350.99 0.03961 34.42 4.61
12334.79 367.00 0.01235 30.48 2.23
13340.27 382.93 0.00575 28.88 -0.04
14525.49 401.29 0.00544 21.91 -2.82
15965.15 423.88 0.00511 17.81 -3.03
31094.33 873.03 0.00614 -10.89 1.33
