825.00 309.18 7.30523
0.00 309.18 7.30523 0.40 0.81
127.24 309.18 7.30523 0.52 1.18
390.45 309.34 7.31578 1.14 1.28
660.30 309.73 6.30637 2.74 1.60
936.41 310.12 5.74792 5.19 1.84
1510.16 310.95 5.67285 7.45 1.42
2116.01 312.46 5.20346 7.39 1.34
2759.38 314.21 4.11132 7.84 1.09
3446.20 316.59 3.19538 7.18 0.88
4184.66 319.21 2.11773 7.23 0.77
4984.13 321.96 1.60495 7.58 0.86
5857.42 325.11 1.09942 8.35 1.51
6822.13 328.62 0.86137 8.44 3.83
7903.21 332.67 0.52237 10.22 12.20
9136.63 335.88 0.21973 11.91 24.30
9824.25 338.87 0.08144 15.78 23.68
10591.40 355.21 0.02271 27.42 15.65
11470.27 369.37 0.00944 32.78 13.21
12474.33 379.62 0.00810 29.10 6.71
13645.08 395.46 0.00658 19.44 1.92
15059.86 416.52 0.00650 16.16 -1.56
30072.38 869.09 0.00618 -11.58 1.21
