875.00 306.21 8.85603
0.00 306.21 8.85603 -1.73 3.55
127.03 306.21 8.85603 -2.54 5.32
377.45 306.00 8.78228 -2.90 6.68
632.73 306.04 8.70346 -2.84 6.90
893.90 306.30 8.45854 -3.03 7.46
1161.10 306.41 8.37965 -2.74 7.90
1434.81 307.01 8.17034 -1.31 7.15
2004.87 309.55 7.38140 2.92 2.42
2609.60 311.52 5.57883 3.34 -0.30
3251.67 313.91 4.03952 2.99 -0.59
3937.92 316.40 2.69569 4.41 -0.63
4675.73 319.16 1.75804 7.45 -0.64
5475.60 322.47 1.20352 11.27 -0.52
6350.75 325.93 0.99962 13.40 0.69
7318.14 329.71 0.98782 13.08 3.62
8403.26 333.57 0.56064 15.54 11.31
9639.29 336.52 0.23298 26.00 20.21
10327.21 337.66 0.11797 28.40 21.44
11091.36 355.27 0.02332 36.67 13.69
11969.47 367.97 0.00750 39.25 7.43
12968.98 377.87 0.00825 32.91 3.05
14136.62 395.56 0.00670 21.69 1.91
15552.99 416.23 0.00653 16.11 -3.94
30563.06 872.32 0.00613 -11.85 1.35
