875.00 306.46 9.10564
0.00 306.46 9.10564 -2.71 1.84
125.58 306.46 9.10564 -3.60 2.99
376.29 306.56 8.60225 -4.83 4.59
632.25 306.63 8.61421 -5.14 5.71
893.68 306.66 8.72215 -5.12 6.19
1161.08 306.45 8.60365 -4.78 6.77
1434.59 306.56 8.41809 -3.29 7.67
2003.85 309.04 7.40276 1.91 4.23
2607.82 311.29 5.21975 2.46 2.38
3248.95 313.50 3.90644 3.85 2.37
3934.46 316.13 2.61155 5.87 1.46
4671.61 318.78 1.66127 8.26 0.66
5470.15 321.76 1.09096 11.96 0.13
6343.06 325.16 0.78345 15.61 0.10
7308.92 329.30 0.45360 18.77 0.29
8391.52 332.84 0.54654 17.63 6.16
9626.42 336.22 0.22870 26.09 20.06
10313.84 337.61 0.10962 28.75 20.37
11076.15 352.57 0.02474 34.71 10.58
11948.04 366.87 0.01251 38.48 8.72
12948.63 379.43 0.00873 32.59 5.34
14121.83 397.04 0.00647 23.30 1.05
15543.70 417.70 0.00620 15.90 -4.12
30571.35 874.48 0.00613 -11.97 0.86
