900.00 300.08 9.63544
0.00 300.08 9.63544 -3.66 -1.88
11.74 300.08 9.63544 -3.84 -1.88
252.37 300.39 9.57745 -7.01 -3.11
498.08 300.33 9.59780 -8.38 -3.29
748.94 300.49 9.36849 -9.56 -2.28
1005.62 301.50 8.46998 -8.88 0.02
1269.02 302.70 8.26916 -6.21 0.47
1539.73 304.16 8.18081 -3.11 0.46
2104.64 306.38 6.47511 1.92 0.52
2702.72 309.08 5.00945 4.37 1.71
3340.38 312.04 4.10289 7.72 1.84
4022.76 314.59 3.27981 9.50 2.43
4756.72 317.32 2.50212 10.91 2.96
5552.13 320.52 1.61956 13.34 3.03
6421.77 323.74 0.85467 16.01 3.16
7382.06 326.89 0.56077 16.34 4.68
8456.50 330.24 0.31007 16.52 9.37
9679.89 333.90 0.12008 19.22 16.68
10365.37 337.13 0.06637 19.79 17.83
11122.12 349.13 0.03195 28.39 13.36
11991.67 368.60 0.01563 32.00 9.00
13000.81 383.23 0.00641 30.62 4.43
14185.58 400.28 0.00580 22.99 -1.13
15615.40 420.88 0.00549 18.41 -0.65
30695.91 870.28 0.00617 -12.62 -0.79
