825.00 304.54 9.66778
0.00 304.54 9.66778 1.32 0.74
187.01 304.54 9.66778 2.36 1.03
446.95 304.83 9.16550 3.91 0.02
713.31 305.90 8.37053 5.26 -1.85
986.90 307.33 7.78116 5.66 -3.00
1557.77 309.76 7.02174 4.69 -2.57
2161.83 311.17 6.29609 -1.00 -0.58
2804.06 314.43 5.32643 -4.35 0.33
3492.20 317.14 3.80629 -4.42 1.70
4232.37 320.08 3.15575 -2.60 2.93
5035.46 324.05 2.67120 -0.44 3.33
5916.31 328.39 1.90280 2.22 5.42
6892.09 332.63 1.23666 6.21 9.04
7984.22 334.93 0.61227 12.85 9.52
9225.29 337.91 0.25739 13.23 16.41
9917.65 342.12 0.09967 20.52 17.48
10694.23 358.75 0.01249 35.39 14.72
11572.44 366.06 0.00807 34.29 11.31
12568.19 376.96 0.00700 26.07 7.81
13726.40 389.88 0.00739 18.20 3.24
15131.40 415.38 0.00679 13.42 -1.84
30089.73 870.64 0.00618 -12.74 1.77
