775.00 307.10 8.37370
0.00 307.10 8.37370 -1.12 -0.66
176.84 307.10 8.37370 -1.93 -1.20
450.81 307.32 8.04003 -2.58 -0.82
1020.48 308.63 6.76756 -0.56 1.81
1623.07 311.31 5.00557 5.91 2.45
2265.01 313.83 3.96656 10.34 1.86
2951.04 316.66 2.35428 10.47 1.18
3690.17 320.00 0.99600 11.38 1.33
4491.62 323.01 0.77828 11.60 2.72
5367.51 326.04 0.42420 12.15 3.65
6333.60 328.49 0.27290 12.08 3.28
7411.62 331.23 0.25678 15.79 6.19
8641.83 335.66 0.21750 18.50 22.81
9329.86 338.94 0.07208 21.30 20.29
10092.21 351.11 0.02487 25.79 10.58
10962.37 367.69 0.01505 31.67 11.24
11965.86 380.01 0.00810 29.20 7.09
13137.84 395.95 0.00651 23.01 2.65
14558.08 418.45 0.00615 17.90 -2.65
29596.74 873.05 0.00612 -12.61 0.91
