925.00 297.98 9.50734
0.00 297.98 9.50734 -3.77 -1.26
161.36 297.98 9.50734 -5.72 -1.59
395.45 298.02 9.51273 -6.32 -1.40
634.26 298.30 9.06383 -6.96 0.03
878.54 299.49 8.07736 -5.76 2.19
1128.64 300.13 7.03202 -4.89 2.16
1384.63 301.05 5.45993 -4.33 1.44
1647.09 302.01 4.30944 -3.47 0.56
1916.09 302.41 3.92696 -2.04 -0.07
2475.65 304.07 4.87299 2.18 0.38
3069.93 307.49 4.94290 8.01 0.66
3703.84 310.30 3.09443 11.45 2.02
4381.51 312.40 2.71194 11.27 3.13
5111.01 315.99 2.23027 12.63 1.86
5903.52 319.62 1.95150 17.88 -1.08
6771.96 323.53 1.35784 22.57 -2.94
7731.58 326.32 0.70073 22.62 -2.67
8802.49 329.05 0.31186 27.19 2.86
10024.49 333.49 0.12264 31.29 10.23
10708.70 336.66 0.08048 33.73 11.72
11466.32 350.49 0.04057 35.66 5.48
12336.32 366.76 0.01343 32.42 1.83
13340.73 382.71 0.00582 30.05 -0.39
14526.11 401.36 0.00532 22.28 -2.82
15964.95 423.27 0.00505 18.07 -3.06
31083.99 871.60 0.00614 -10.27 0.97
