875.00 300.38 10.27784
0.00 300.38 10.27784 -3.00 -1.18
75.74 300.38 10.27784 -4.44 -1.67
321.14 300.64 10.00183 -6.51 -2.05
572.24 301.02 9.26985 -8.59 -1.85
829.51 301.82 9.16580 -9.10 -0.38
1093.27 303.00 8.92457 -7.54 0.87
1364.29 304.44 8.43089 -4.77 1.31
1929.70 306.83 6.67736 0.18 0.72
2528.52 309.26 5.12448 4.08 0.74
3166.51 312.20 4.20110 7.30 1.12
3849.38 314.91 3.19460 9.22 1.84
4584.25 317.80 2.34457 10.09 2.79
5380.76 320.94 1.53231 11.69 3.34
6251.30 324.05 0.80868 13.90 3.85
7212.60 327.34 0.51247 14.19 5.54
8288.55 330.56 0.29999 14.96 9.10
9512.59 334.16 0.11966 18.78 16.67
10198.38 337.39 0.05729 18.71 17.06
10955.18 348.83 0.02944 26.63 13.70
11823.91 368.30 0.01523 31.78 10.56
12832.40 382.90 0.00651 31.20 5.73
14016.20 400.52 0.00618 23.73 -0.08
15445.82 419.89 0.00566 17.56 -0.76
30515.26 871.28 0.00616 -12.93 -1.07
