850.00 301.06 10.20430
0.00 301.06 10.20430 -2.51 -1.57
86.84 301.06 10.20430 -4.50 -1.95
338.19 301.69 9.48766 -7.08 -2.30
596.02 302.40 9.69452 -7.69 -1.21
860.36 303.58 9.27991 -7.21 -0.23
1131.89 304.93 8.50005 -5.65 0.95
1697.99 307.08 6.85425 -1.40 1.84
2297.09 309.36 5.24051 3.06 0.87
2935.26 312.32 4.37778 7.19 0.80
3618.79 315.24 3.36007 9.94 1.53
4354.35 318.11 2.27779 10.52 2.48
5151.60 321.21 1.49721 11.14 3.42
6022.90 324.36 0.90832 12.29 4.17
6985.32 327.75 0.58007 12.57 5.73
8063.01 331.31 0.26844 14.96 8.31
9290.42 334.99 0.17139 21.73 18.74
9977.17 337.49 0.06433 20.51 17.42
10732.90 348.21 0.02865 25.56 13.61
11601.02 368.12 0.01473 32.24 11.25
12608.54 382.47 0.00666 31.45 6.21
13789.94 399.71 0.00646 24.29 0.98
15217.83 419.11 0.00584 17.74 -1.63
30278.51 871.82 0.00616 -12.95 -1.02
