875.00 299.64 10.63071
0.00 299.64 10.63071 -2.64 -2.01
28.50 299.64 10.63071 -3.26 -2.50
273.70 299.96 10.09244 -5.98 -3.83
524.51 300.44 9.61264 -8.77 -3.17
781.16 301.52 9.06610 -8.25 -0.91
1044.72 302.76 8.71459 -6.41 -0.01
1315.45 304.07 8.01624 -4.01 0.55
1879.90 306.51 5.62970 0.45 0.55
2478.16 309.23 4.72867 4.39 0.93
3115.89 312.09 3.73343 7.35 1.09
3798.36 314.76 2.88393 8.87 1.90
4532.85 317.73 2.14133 10.36 2.99
5329.28 321.06 1.25345 13.35 3.72
6200.12 324.12 0.72716 15.35 3.95
7160.96 326.95 0.55735 13.70 5.07
8234.70 329.65 0.26628 14.56 8.95
9455.63 333.25 0.09345 15.79 13.64
10140.30 337.50 0.05697 19.05 15.92
10898.43 349.46 0.03477 25.88 12.73
11768.07 368.34 0.01609 30.06 9.63
12776.61 383.10 0.00637 29.76 6.03
13961.99 400.92 0.00576 22.97 -0.39
15394.46 421.36 0.00544 16.98 -0.53
30472.42 871.68 0.00616 -12.80 -0.89
