900.00 304.23 9.79667
0.00 304.23 9.79667 -1.20 2.90
22.90 304.23 9.79667 -1.36 3.42
266.78 304.45 9.35622 -2.09 5.60
515.64 304.35 9.31931 -1.87 6.23
769.98 304.81 9.00932 -0.84 6.30
1030.38 305.57 8.47186 0.77 5.62
1297.04 306.10 8.05916 2.58 3.95
1570.50 306.98 7.93233 3.52 1.70
2141.45 310.22 6.72741 -0.93 1.23
2746.48 311.53 6.32669 -2.95 0.12
3388.78 314.03 4.57905 -2.23 -1.92
4075.68 316.74 3.12780 -0.39 -1.36
4814.99 319.85 2.22022 1.72 -0.12
5616.59 323.02 1.98827 3.78 0.67
6493.83 327.35 1.82314 4.16 2.81
7467.13 331.94 1.18040 9.54 8.43
8557.96 334.96 0.61345 16.10 11.83
9798.47 337.92 0.25621 19.63 17.21
10489.76 340.04 0.12146 23.20 19.45
11260.28 357.03 0.01558 37.81 13.61
12138.29 366.98 0.00771 36.65 8.58
13136.32 377.26 0.00633 28.88 4.39
14295.04 391.08 0.00766 21.14 2.47
15704.43 416.44 0.00682 14.91 -3.93
30678.10 872.39 0.00616 -12.17 1.20
