775.00 306.57 8.58687
0.00 306.57 8.58687 0.11 2.03
218.88 306.57 8.58687 -0.03 2.85
492.67 306.97 8.55121 1.04 2.72
1063.44 310.09 6.90098 6.65 0.08
1668.68 311.88 6.07203 7.44 -0.54
2312.50 315.07 4.76065 8.00 -2.08
3001.46 317.44 3.13627 6.82 -1.59
3741.59 319.90 2.51374 6.17 -0.10
4543.19 322.92 2.23976 6.46 2.20
5420.05 326.68 1.75600 6.41 5.63
6390.98 330.96 1.10366 5.98 11.22
7478.32 334.00 0.57757 8.54 14.23
8716.49 336.93 0.24121 14.76 20.16
9405.33 337.90 0.11644 16.86 22.71
10170.29 355.49 0.02272 30.29 17.53
11049.11 367.89 0.00679 34.37 13.19
12048.27 377.99 0.00636 29.88 5.19
13213.72 393.63 0.00754 19.22 4.22
14625.91 417.12 0.00667 14.69 -3.42
29611.92 871.54 0.00615 -12.35 -0.12
