925.00 299.04 9.52467
0.00 299.04 9.52467 -4.59 -1.79
152.49 299.04 9.52467 -7.04 -2.37
387.34 299.02 9.47790 -8.16 -2.16
627.04 299.40 8.96745 -9.07 -0.18
872.01 300.05 8.76123 -7.63 2.00
1122.75 300.81 8.33594 -5.50 2.22
1379.66 301.61 7.82336 -4.25 1.49
1642.89 302.66 6.03212 -3.48 0.83
1913.03 303.89 4.43569 -1.83 1.22
2475.72 305.79 4.06318 3.75 3.63
3072.12 308.15 5.04347 8.25 2.28
3707.84 311.18 3.25417 10.70 0.54
4387.48 313.13 2.58931 10.61 1.68
5118.30 316.59 1.59400 11.41 1.07
5911.77 320.03 1.08404 16.62 -1.30
6780.19 323.15 0.92606 19.47 -4.07
7738.54 326.25 0.46027 19.48 -3.89
8810.31 329.64 0.28177 25.36 -0.08
10036.90 335.05 0.18554 38.69 10.08
10723.20 337.11 0.07469 38.21 10.09
11480.92 350.34 0.03254 37.69 6.19
12351.13 367.14 0.01618 35.35 1.27
13355.84 382.28 0.00623 31.39 -1.02
14539.64 400.35 0.00549 23.66 -1.41
15972.37 421.30 0.00521 19.74 -2.97
31069.29 870.29 0.00617 -9.76 -0.46
