800.00 302.92 8.95681
0.00 302.92 8.95681 -1.74 -1.45
204.77 302.92 8.95681 -4.08 -2.16
469.45 303.91 9.11375 -5.22 -1.74
741.20 305.04 8.46901 -6.26 -1.21
1307.25 307.38 5.77252 -0.97 0.72
1907.80 310.38 4.95735 6.36 0.57
2547.78 312.99 3.68234 10.22 2.03
3232.16 315.86 2.22468 10.03 2.36
3968.84 318.69 1.59782 9.94 2.54
4767.00 321.58 0.96346 10.92 2.88
5638.76 324.41 0.65044 10.76 3.48
6601.03 327.73 0.31462 10.12 4.50
7677.62 330.48 0.24573 12.85 7.39
8901.77 334.59 0.08915 17.64 15.98
9588.42 337.84 0.04679 16.93 14.85
10346.60 349.20 0.02821 24.09 12.73
11214.82 367.86 0.01528 30.25 11.28
12221.57 382.06 0.00667 30.51 7.11
13401.29 399.44 0.00646 24.25 2.04
14830.05 419.63 0.00583 17.30 -0.89
29890.98 872.82 0.00614 -13.19 -0.84
