800.00 307.56 8.77848
0.00 307.56 8.77848 -0.69 1.55
228.25 307.56 8.77848 -0.71 2.55
496.47 307.73 8.37040 -0.22 2.73
771.36 308.41 7.91760 1.07 2.20
1344.09 310.66 7.09251 7.47 1.25
1950.22 312.45 6.44666 10.49 -0.34
2594.76 314.80 5.11101 9.82 -2.39
3283.11 317.21 3.19324 8.37 -1.46
4023.08 319.94 2.18245 8.10 0.52
4824.36 322.63 1.61514 7.84 2.43
5699.68 325.72 1.44797 7.13 4.84
6667.35 329.99 1.03876 6.42 8.27
7753.24 334.18 0.56930 5.20 12.36
8990.74 336.47 0.23074 8.56 21.43
9679.44 339.52 0.08153 12.69 22.19
10448.22 356.30 0.02297 26.60 17.66
11328.47 368.55 0.00629 31.55 14.57
12328.08 377.89 0.00630 29.11 7.12
13495.06 394.60 0.00747 17.97 4.15
14906.89 415.90 0.00679 15.16 -3.27
29892.80 870.82 0.00617 -11.67 -0.76
