875.00 303.92 9.90091
0.00 303.92 9.90091 0.06 2.25
210.43 303.92 9.90091 0.11 4.14
459.09 303.90 9.69373 1.03 4.27
712.86 304.27 9.24955 1.49 3.34
972.83 305.09 8.63292 1.53 3.03
1239.11 305.61 8.47416 1.67 2.80
1512.29 306.70 8.08529 3.07 1.52
2082.47 309.75 6.96429 2.01 -0.85
2687.05 311.30 6.37478 -2.40 -0.33
3329.37 314.07 5.37416 -4.75 -0.75
4016.47 316.67 4.11434 -4.33 0.10
4756.34 320.14 3.31623 -3.18 2.21
5559.37 323.81 2.67943 -1.28 2.97
6440.51 328.81 1.93192 1.79 5.31
7417.84 333.02 1.26775 8.68 9.31
8510.89 335.64 0.64313 13.39 8.91
9753.99 338.34 0.26415 15.07 15.49
10446.76 342.02 0.10612 21.43 16.39
11222.38 358.12 0.01184 36.65 13.20
12099.26 365.69 0.00818 35.29 9.93
13093.93 376.25 0.00704 27.04 8.05
14249.90 389.63 0.00741 19.75 2.02
15655.77 415.81 0.00682 14.08 -2.39
30612.93 870.95 0.00618 -12.37 1.81
