775.00 308.62 7.98792
0.00 308.62 7.98792 -1.59 0.46
167.36 308.62 7.98792 -2.42 1.56
442.63 308.46 8.14277 -2.75 2.78
1014.03 309.79 6.37671 0.85 4.84
1617.77 311.26 5.12032 5.19 3.01
2259.12 313.63 4.28339 8.34 1.60
2945.46 316.79 2.84004 9.31 0.15
3684.92 319.93 1.89737 9.28 0.17
4486.58 322.99 1.36974 10.92 0.82
5362.51 325.95 1.03371 13.17 1.41
6329.19 329.10 0.72701 12.74 1.83
7410.70 332.53 0.50752 12.90 7.64
8645.09 336.29 0.22933 18.00 21.64
9332.71 337.26 0.11826 20.93 23.03
10096.40 354.09 0.02342 31.37 13.16
10971.70 367.81 0.01063 36.08 9.98
11972.29 378.48 0.00880 31.88 5.37
13139.83 394.99 0.00657 22.98 2.27
14558.79 419.07 0.00618 16.57 -3.10
29581.86 871.78 0.00615 -11.70 1.36
