900.00 305.16 8.89352
0.00 305.16 8.89352 -3.54 1.48
177.55 305.16 8.89352 -4.74 2.40
421.94 305.09 8.86578 -4.86 2.75
671.31 305.01 8.85038 -4.94 3.12
925.95 305.05 8.81502 -4.86 3.51
1186.12 304.98 8.83385 -4.69 3.98
1452.20 305.06 8.77234 -4.01 4.84
1724.61 305.69 8.29172 -1.70 5.90
2293.14 308.98 5.27538 0.56 5.48
2895.68 310.78 5.64670 1.77 2.92
3535.86 312.82 3.72282 3.06 0.57
4219.24 315.05 2.67876 6.57 -0.09
4955.13 318.68 0.81472 8.85 -1.78
5753.04 321.48 0.53875 11.50 -1.78
6624.93 324.89 0.51570 15.95 -1.19
7590.23 329.45 0.56679 20.76 0.88
8676.07 334.05 0.55973 22.67 7.89
9912.60 336.41 0.23018 32.50 15.30
10600.83 338.24 0.10752 35.54 15.76
11364.62 352.68 0.02450 38.96 7.49
12236.30 366.46 0.01137 41.47 5.21
13235.51 379.35 0.00866 32.78 2.68
14406.11 394.74 0.00658 24.10 -0.91
15821.36 417.65 0.00622 19.48 -4.83
30848.60 874.46 0.00613 -12.30 0.01
