925.00 297.37 8.86018
0.00 297.37 8.86018 -2.85 -0.73
184.85 297.37 8.86018 -4.61 -0.81
418.34 297.35 8.80452 -5.24 -0.61
656.54 297.50 8.57797 -5.73 0.71
900.04 298.66 7.70817 -4.60 3.21
1149.52 299.37 7.13961 -3.91 2.36
1404.82 300.10 6.36551 -3.06 1.31
1666.54 300.98 4.73340 -1.74 0.36
1934.55 301.00 4.56218 -1.35 -0.11
2491.60 303.02 4.03992 0.50 -1.85
3082.98 305.94 4.03338 3.73 -1.22
3713.99 309.05 3.91591 8.32 0.30
4390.23 312.17 3.15397 11.28 1.47
5119.12 315.61 2.46734 11.92 1.76
5910.07 318.87 1.82131 14.39 0.80
6776.89 323.20 1.32895 20.59 -0.05
7735.72 326.06 0.71842 26.20 -1.21
8804.86 328.13 0.31968 30.01 0.68
10022.53 332.77 0.11717 30.93 7.39
10706.84 337.46 0.07756 34.23 10.22
11466.14 350.50 0.04005 34.38 2.58
12335.38 367.15 0.01351 29.95 1.59
13342.65 383.55 0.00583 27.96 -1.07
14528.79 401.49 0.00542 21.50 -2.73
15970.28 424.86 0.00515 17.41 -2.96
31109.81 874.27 0.00611 -11.05 1.10
