875.00 299.58 9.55346
0.00 299.58 9.55346 -3.62 -2.38
211.53 299.58 9.55346 -6.65 -4.18
456.56 299.69 9.42718 -8.30 -4.47
707.08 300.40 8.70821 -8.81 -3.08
963.56 301.25 7.68179 -8.12 -1.31
1226.50 302.20 7.55352 -5.77 -0.63
1496.62 303.49 7.47548 -2.76 0.04
2060.28 305.91 6.24371 2.28 1.03
2657.92 309.02 4.68944 4.24 1.98
3294.97 311.62 3.86616 7.88 2.21
3976.44 314.23 3.26150 10.24 2.89
4709.66 317.02 2.59018 12.18 3.16
5504.38 320.31 1.70764 15.10 3.40
6373.87 323.78 0.97743 17.65 3.29
7334.05 326.72 0.64387 17.51 3.79
8407.05 329.62 0.35362 17.78 8.68
9628.34 333.50 0.12474 19.08 15.40
10313.31 337.29 0.06920 21.20 17.64
11071.13 349.77 0.03593 29.20 12.63
11941.50 368.62 0.01515 31.15 7.34
12950.49 383.33 0.00605 29.36 3.91
14135.31 400.19 0.00553 22.35 -1.10
15567.17 421.85 0.00532 18.59 -1.21
30658.33 870.41 0.00616 -12.48 -0.18
