925.00 301.38 9.79378
0.00 301.38 9.79378 -4.42 -1.59
47.70 301.38 9.79378 -5.36 -1.94
284.36 301.42 9.51021 -7.73 -2.38
525.83 301.46 9.41032 -8.71 -1.94
772.38 301.62 9.22316 -9.42 -0.53
1024.34 302.10 8.95267 -8.71 1.96
1282.42 303.17 8.24690 -6.91 3.86
1547.15 304.14 6.79357 -5.22 4.22
1818.50 304.76 5.90517 -3.88 4.76
2383.35 306.81 5.37183 -0.62 5.97
2981.68 308.98 5.27808 3.25 5.07
3619.29 312.11 2.98027 5.50 1.70
4300.48 313.94 2.55387 6.34 1.07
5033.21 317.32 1.42855 10.22 -0.44
5828.32 320.58 0.75173 14.26 -1.45
6697.55 323.57 0.50179 16.97 -1.28
7656.87 326.54 0.48205 18.71 0.70
8730.17 330.31 0.43602 21.97 4.03
9957.73 335.38 0.21476 31.84 12.66
10644.43 336.74 0.11174 37.38 16.30
11401.19 350.38 0.03627 36.62 8.82
12274.45 369.35 0.01440 35.90 3.40
13283.96 382.74 0.00650 31.70 -0.78
14466.02 399.58 0.00610 23.63 -0.18
15893.30 419.65 0.00568 19.07 -1.62
30965.14 870.65 0.00620 -10.72 -1.88
