900.00 304.24 9.44173
0.00 304.24 9.44173 -3.09 -0.40
44.33 304.24 9.44173 -3.99 -0.10
288.02 304.20 9.34846 -6.09 0.89
536.71 304.43 9.23063 -7.01 2.08
791.17 305.00 9.03857 -7.19 3.80
1051.44 305.03 8.94165 -6.86 5.04
1317.57 305.25 8.61069 -5.42 6.66
1590.16 305.79 8.11548 -2.44 7.70
2157.92 308.29 6.97929 0.91 5.57
2760.06 310.50 5.16188 0.38 5.55
3400.09 313.15 3.25077 2.75 4.12
4084.59 315.67 2.65064 5.89 2.14
4820.43 318.02 2.14836 8.38 0.57
5616.81 320.77 1.56295 11.62 -0.27
6487.29 324.27 1.14509 15.90 0.05
7450.28 328.28 0.86436 19.71 1.65
8530.94 332.62 0.53317 18.49 4.59
9764.57 336.07 0.22375 29.30 14.62
10451.63 337.02 0.11062 32.73 16.12
11207.92 348.52 0.02871 34.97 8.59
12076.19 368.16 0.01458 38.40 9.65
13084.12 383.10 0.00681 31.22 3.94
14265.88 398.17 0.00648 22.56 -0.48
15687.50 416.84 0.00625 17.51 -3.38
30730.13 874.59 0.00615 -12.05 -1.09
