925.00 299.56 10.29085
0.00 299.56 10.29085 -4.37 -1.87
89.41 299.56 10.29085 -6.16 -2.47
324.74 299.55 10.24680 -7.39 -2.55
564.87 299.57 10.11605 -8.39 -1.81
810.15 300.78 8.14924 -8.14 0.46
1061.45 301.60 7.24954 -6.97 1.44
1318.77 302.39 6.04851 -6.00 2.28
1582.45 303.41 4.97515 -4.35 2.87
1852.96 304.03 4.68572 -2.58 3.24
2415.82 305.49 5.78061 1.37 4.42
3012.32 308.39 5.26204 6.36 3.15
3648.12 311.10 3.06862 8.27 1.33
4327.60 313.33 2.25264 9.91 2.52
5059.06 316.74 1.44440 12.96 1.50
5852.69 320.03 1.26324 16.88 0.10
6721.82 323.75 0.87793 19.11 -1.61
7681.85 326.69 0.50737 19.20 -1.11
8754.92 329.92 0.32781 24.82 4.22
9980.39 334.54 0.18609 33.25 14.39
10665.87 336.63 0.08336 34.05 14.74
11421.91 349.02 0.03638 36.38 8.67
12291.00 367.42 0.01622 34.65 2.38
13295.87 382.15 0.00637 31.72 0.19
14480.69 401.21 0.00552 23.34 -2.09
15916.52 422.22 0.00523 18.34 -2.77
31010.84 869.44 0.00618 -10.21 -0.28
