800.00 304.65 10.46393
0.00 304.65 10.46393 0.74 0.70
128.56 304.65 10.46393 1.28 0.94
394.59 305.37 9.04909 2.75 1.21
667.59 306.84 7.62087 4.56 -0.11
1238.61 310.21 6.97265 5.88 -1.42
1843.01 310.99 6.34681 3.36 -0.78
2485.51 314.43 5.59011 0.48 0.47
3173.96 317.19 4.45914 0.20 0.33
3914.04 319.75 3.45444 1.32 0.28
4715.67 323.06 2.69890 2.96 1.26
5594.05 327.59 1.84118 4.35 3.08
6566.29 331.35 1.12682 6.16 6.75
7655.10 334.10 0.57046 11.39 13.83
8893.42 337.40 0.24597 16.34 18.38
9583.64 339.26 0.11700 19.76 20.61
10353.03 357.06 0.01814 33.84 16.12
11232.11 367.27 0.00739 34.95 11.95
12231.01 378.14 0.00630 28.13 4.96
13394.27 392.17 0.00765 18.68 4.52
14804.17 416.53 0.00675 13.62 -3.32
29779.42 871.81 0.00616 -12.77 0.76
