900.00 305.29 8.65309
0.00 305.29 8.65309 -0.65 3.68
116.56 305.29 8.65309 -0.97 5.35
360.99 305.22 8.55505 -1.07 5.94
610.42 305.23 8.51300 -1.16 6.17
865.17 305.30 8.63877 -0.99 6.23
1125.60 305.54 8.34883 -0.02 5.74
1392.16 305.97 7.77420 1.12 4.65
1665.42 306.87 6.86768 1.24 3.26
2235.14 309.54 6.51715 -1.00 2.72
2839.39 311.61 5.97993 -1.35 0.61
3481.53 313.92 3.87031 -0.40 -1.97
4167.82 316.49 2.75713 1.82 -1.86
4906.16 319.47 1.78086 4.73 -1.39
5706.51 322.53 1.41903 8.20 -1.13
6581.43 325.90 1.54833 8.87 0.53
7550.43 330.66 1.06124 12.08 6.42
8639.07 334.47 0.58782 19.18 12.66
9877.18 337.17 0.24418 25.86 18.67
10567.20 339.80 0.11395 29.06 21.22
11337.05 357.02 0.01671 39.65 12.66
12216.64 367.85 0.00648 38.33 5.57
13215.13 376.75 0.00669 31.83 1.86
14375.64 392.85 0.00744 21.98 1.85
15788.13 416.48 0.00668 16.47 -4.63
30777.91 872.30 0.00615 -11.86 0.82
