925.00 297.26 8.30241
0.00 297.26 8.30241 -2.38 -0.15
212.22 297.26 8.30241 -4.14 0.10
445.54 297.26 8.24738 -4.69 0.46
683.55 297.39 8.00496 -4.90 1.57
926.79 298.28 7.15261 -3.90 3.04
1175.82 299.00 6.45145 -3.08 2.15
1430.77 299.76 5.62169 -2.07 1.35
1692.13 300.80 4.15251 -0.82 0.98
1960.01 301.20 3.27000 -0.42 0.46
2516.94 302.86 3.15794 0.23 -1.96
3107.17 305.27 3.00206 1.33 -2.46
3736.47 308.56 3.23987 5.68 -1.37
4412.00 312.03 2.97642 9.96 -0.51
5140.43 315.25 2.47830 12.63 1.41
5930.72 318.61 1.81404 14.10 1.86
6796.39 322.64 1.26320 18.57 0.69
7753.82 325.74 0.73468 26.73 -0.71
8821.94 327.54 0.31064 30.74 -0.99
10037.47 332.54 0.12524 32.83 5.60
10722.19 338.09 0.07017 34.93 8.27
11482.00 349.98 0.04138 34.19 2.13
12350.53 367.63 0.01470 29.34 1.26
13359.53 384.01 0.00598 26.67 -1.98
14546.79 401.90 0.00553 20.97 -2.58
15990.27 425.63 0.00508 16.70 -3.15
31138.31 875.31 0.00611 -11.31 0.60
