925.00 297.33 8.32418
0.00 297.33 8.32418 -2.77 -0.64
226.58 297.33 8.32418 -5.09 -0.70
459.98 297.38 8.15929 -5.98 -0.02
698.12 297.77 7.44873 -6.08 1.96
941.62 298.57 7.19607 -4.57 3.12
1190.88 299.14 6.79841 -3.51 2.21
1445.98 299.90 6.00834 -2.64 1.38
1707.57 301.01 4.87717 -1.07 0.70
1975.74 301.46 3.38712 -0.20 0.16
2532.97 303.03 3.30170 0.97 -1.51
3124.12 305.87 3.43961 3.24 -1.29
3754.79 308.93 3.77094 7.56 -0.50
4431.11 312.19 3.24569 11.06 0.87
5160.00 315.43 2.49270 12.76 2.22
5950.52 318.69 1.82649 15.20 1.28
6817.08 323.03 1.28823 20.38 -1.10
7775.04 325.80 0.69005 25.71 -2.77
8843.75 328.10 0.31235 30.44 -1.18
10061.43 332.74 0.10971 31.65 5.55
10745.48 337.19 0.07046 35.44 8.17
11504.12 350.25 0.03955 35.44 1.50
12373.36 367.45 0.01297 30.93 0.81
13381.54 383.69 0.00579 27.82 -2.00
14567.68 401.54 0.00549 21.68 -3.05
16009.43 424.98 0.00509 17.47 -3.32
31150.79 874.29 0.00612 -10.68 0.95
