925.00 297.87 9.15339
0.00 297.87 9.15339 -3.73 -1.07
157.82 297.87 9.15339 -5.80 -1.24
391.72 297.86 9.09175 -6.94 -0.81
630.43 298.33 8.49479 -7.47 1.06
874.65 299.42 8.10455 -5.60 2.61
1124.77 300.08 7.35712 -4.87 1.51
1380.78 301.11 5.26859 -4.11 0.79
1643.19 302.03 3.86084 -2.73 0.11
1912.22 302.46 3.73866 -1.30 -0.33
2471.98 304.32 4.27938 2.01 -0.01
3066.39 307.46 4.68974 7.55 -0.24
3699.94 310.17 3.53913 11.63 1.00
4377.69 312.28 2.82064 12.01 2.88
5106.83 315.83 2.09034 12.42 2.28
5898.85 319.51 1.92095 17.42 -0.79
6767.02 323.31 1.37108 22.00 -3.68
7725.95 326.20 0.70522 22.62 -3.60
8796.62 329.03 0.30776 27.82 1.37
10018.88 333.59 0.11589 32.61 8.77
10703.24 336.78 0.07212 35.26 10.34
11461.07 350.59 0.03852 36.25 4.46
12331.33 366.83 0.01334 32.89 1.25
13336.09 382.80 0.00577 30.05 -1.06
14521.42 401.33 0.00534 22.35 -2.73
15960.11 423.22 0.00506 18.27 -2.90
31079.71 871.69 0.00614 -10.06 0.83
