950.00 297.12 8.24311
0.00 297.12 8.24311 -2.38 -0.09
17.61 297.12 8.24311 -2.34 -0.03
246.54 297.28 8.15957 -4.23 0.12
479.81 297.27 8.12043 -4.79 0.58
717.83 297.51 7.68102 -4.90 1.86
961.11 298.23 7.08929 -3.98 2.77
1210.02 298.88 6.28094 -3.15 2.15
1464.84 299.70 5.33282 -2.13 1.37
1726.16 300.82 4.06558 -0.91 1.08
1994.06 301.33 2.92665 -0.30 0.49
2551.02 302.88 2.91577 0.48 -1.74
3141.25 305.28 2.81709 1.31 -2.26
3770.52 308.54 3.08862 5.58 -1.39
4445.95 311.97 2.94969 10.00 -0.61
5174.32 315.23 2.46154 12.95 1.32
5964.62 318.60 1.80205 14.60 1.73
6830.28 322.61 1.25709 18.84 0.42
7787.46 325.64 0.72929 26.69 -1.26
8855.38 327.53 0.30574 30.85 -1.56
10070.96 332.53 0.12346 32.95 5.05
10755.47 337.90 0.06958 35.16 7.69
11514.88 349.86 0.04153 34.57 1.79
12383.56 367.82 0.01447 29.69 0.94
13392.86 384.01 0.00596 26.63 -2.25
14580.07 401.92 0.00552 21.03 -2.73
16023.56 425.63 0.00511 16.68 -3.29
31172.30 875.25 0.00612 -11.18 0.53
