825.00 306.67 10.17410
0.00 306.67 10.17410 -1.79 1.43
139.70 306.67 10.17410 -2.49 2.16
401.58 307.00 9.15087 -3.87 4.08
669.54 307.03 9.03260 -3.79 5.51
943.82 307.51 8.79247 -3.19 6.82
1514.66 309.71 7.01197 1.46 5.16
2119.06 311.81 5.16222 5.27 1.58
2761.34 313.82 4.21487 7.06 0.37
3447.70 316.67 2.47679 7.33 -0.16
4186.14 319.42 1.47084 8.04 0.16
4986.26 322.49 1.13797 11.46 0.46
5861.11 325.74 0.83464 14.67 0.50
6827.84 329.36 0.63640 14.95 1.14
7910.49 332.93 0.52398 14.64 7.95
9145.49 336.32 0.22943 21.45 21.23
9833.06 337.56 0.11355 24.04 22.16
10596.59 354.23 0.02318 33.16 12.86
11471.90 367.53 0.01025 37.39 9.10
12471.62 378.26 0.00877 32.58 4.93
13639.67 395.53 0.00653 23.32 2.15
15060.26 418.78 0.00624 15.63 -3.60
30081.54 872.56 0.00614 -11.73 1.34
