925.00 295.67 10.46761
0.00 295.67 10.46761 -1.80 -0.85
49.57 295.67 10.46761 -2.62 -0.75
282.04 296.32 9.39847 -4.98 -0.66
519.71 297.22 9.46141 -4.56 0.21
763.04 298.29 8.79822 -3.43 0.21
1012.32 299.21 7.96513 -1.96 -0.63
1267.67 300.05 6.03898 -0.83 -1.22
1529.11 300.68 4.80968 -0.31 -1.35
1797.12 301.28 4.57926 0.38 -1.29
2354.86 303.29 4.60449 2.82 -0.84
2946.83 306.00 4.13728 6.03 -0.83
3577.27 308.64 3.31660 8.09 -0.41
4252.40 311.64 2.92721 8.58 1.52
4979.91 315.33 2.51297 9.56 2.22
5770.81 319.06 1.87049 13.82 3.30
6637.80 323.32 1.32826 19.12 5.84
7597.22 326.65 0.80646 24.96 6.67
8667.25 327.40 0.35279 26.94 6.70
9879.73 331.78 0.15467 29.06 12.05
10563.17 338.00 0.06708 30.11 12.80
11324.36 350.98 0.03677 29.21 6.22
12195.79 368.82 0.01532 25.11 3.52
13207.08 384.83 0.00579 24.57 0.90
14397.96 403.38 0.00541 19.08 -1.15
15845.73 425.67 0.00508 14.32 -1.09
30974.34 878.89 0.00608 -12.31 -0.57
