925.00 298.21 9.58850
0.00 298.21 9.58850 -4.36 -1.44
149.55 298.21 9.58850 -6.53 -1.91
383.74 298.21 9.53348 -7.43 -1.61
622.83 298.88 8.70907 -8.24 0.84
867.68 300.08 8.19581 -6.08 1.77
1118.21 300.62 7.19834 -5.23 1.16
1374.66 301.60 5.12752 -4.42 1.16
1637.50 302.56 4.04234 -2.93 1.20
1907.17 303.39 3.73425 -0.66 1.26
2468.53 305.02 4.54368 3.32 1.97
3064.16 308.16 4.80322 8.31 0.76
3699.04 310.78 3.07318 10.68 1.15
4377.71 312.69 2.57853 10.90 2.64
5107.77 316.28 1.67098 12.40 1.96
5900.35 319.64 1.59367 17.40 -0.58
6768.57 323.33 1.21859 20.75 -3.75
7727.45 326.28 0.64101 20.69 -3.67
8798.89 329.41 0.29514 26.19 1.69
10023.39 334.26 0.14791 35.14 10.81
10708.51 336.72 0.07345 35.58 10.99
11465.52 350.06 0.03845 36.98 6.08
12335.42 366.87 0.01531 34.08 1.40
13339.78 382.62 0.00599 30.81 -0.70
14525.31 401.21 0.00540 22.64 -2.30
15962.17 422.38 0.00515 18.55 -2.84
31069.79 870.64 0.00616 -9.87 0.32
