925.00 301.21 9.71469
0.00 301.21 9.71469 -5.14 -1.52
67.27 301.21 9.71469 -6.77 -1.88
303.85 301.15 9.61149 -8.32 -1.86
545.20 301.14 9.57303 -9.06 -1.54
791.46 301.18 9.52990 -9.35 0.00
1043.19 301.93 9.05912 -7.80 3.08
1301.27 303.02 8.29974 -5.39 4.14
1565.80 303.89 6.86436 -4.04 3.59
1837.04 304.88 5.51789 -3.06 3.94
2402.20 307.04 4.96030 0.25 6.23
3000.94 309.13 5.09487 3.76 4.90
3638.30 311.73 3.06012 6.28 1.76
4318.98 313.78 2.26896 7.04 0.61
5051.27 317.36 1.39885 9.71 -0.54
5846.64 320.72 0.62313 14.20 -2.35
6716.10 323.62 0.44217 16.85 -2.23
7675.47 326.55 0.39593 18.57 -0.82
8748.71 330.25 0.40142 22.90 1.96
9977.19 335.76 0.21864 34.48 12.24
10664.41 337.13 0.10845 38.42 13.98
11422.99 351.12 0.03492 37.07 7.51
12295.85 368.75 0.01541 35.28 2.91
13303.88 382.31 0.00664 31.83 -0.65
14484.42 398.94 0.00614 24.12 0.10
15909.86 419.35 0.00562 19.96 -2.29
30983.07 870.85 0.00620 -10.60 -1.90
