850.00 303.34 9.15108
0.00 303.34 9.15108 -1.45 1.03
45.31 303.34 9.15108 -2.38 1.54
298.40 303.30 9.10237 -2.87 2.05
557.68 303.74 8.61055 -2.24 2.90
823.24 305.21 7.94806 0.29 1.93
1096.37 307.18 7.38846 3.72 0.29
1667.62 310.23 6.77039 8.28 -2.06
2272.66 312.34 5.93438 10.73 -4.13
2916.82 314.79 5.05541 9.07 -3.94
3605.24 317.07 4.18383 6.61 -2.19
4345.32 319.91 3.41335 4.78 0.45
5147.64 323.63 2.62698 2.44 4.40
6027.70 327.97 1.85098 0.62 10.24
7001.34 331.45 1.14343 2.03 14.51
8088.98 334.25 0.58222 6.59 11.78
9328.12 337.06 0.24172 9.31 19.87
10018.08 340.81 0.08744 14.83 20.39
10790.38 357.32 0.01904 29.67 17.01
11669.10 366.79 0.00734 32.04 14.40
12665.30 377.23 0.00677 27.60 7.76
13827.85 392.02 0.00751 17.76 5.35
15237.39 417.31 0.00669 12.79 -2.76
30206.01 872.28 0.00614 -12.88 0.51
