925.00 297.90 9.29224
0.00 297.90 9.29224 -3.80 -1.11
162.62 297.90 9.29224 -5.79 -1.35
396.55 297.91 9.31001 -6.55 -1.06
635.32 298.31 8.81997 -7.31 0.59
879.58 299.48 8.17561 -5.69 2.54
1129.72 300.14 7.23321 -4.92 1.83
1385.79 301.11 5.27723 -4.20 1.05
1648.22 302.01 3.94575 -3.03 0.28
1917.17 302.40 3.72694 -1.60 -0.23
2476.78 304.22 4.45322 2.10 0.13
3071.21 307.54 4.76063 7.90 0.12
3705.02 310.30 3.24818 11.55 1.55
4382.80 312.34 2.74087 11.53 2.99
5112.04 315.88 2.16082 12.44 2.08
5904.24 319.56 1.93821 17.62 -0.96
6772.51 323.41 1.37395 22.31 -3.35
7731.75 326.25 0.70488 22.64 -3.18
8802.52 329.04 0.31071 27.55 2.12
10024.68 333.55 0.11942 32.00 9.51
10708.94 336.71 0.07639 34.55 11.00
11466.66 350.54 0.03975 35.95 4.91
12336.82 366.79 0.01336 32.69 1.53
13341.38 382.76 0.00579 30.06 -0.75
14526.81 401.35 0.00530 22.29 -2.77
15965.55 423.25 0.00505 18.15 -2.95
31084.89 871.65 0.00615 -10.15 0.89
