900.00 303.16 9.61692
0.00 303.16 9.61692 -3.76 -0.63
129.64 303.16 9.61692 -6.07 -0.72
372.57 303.24 9.29703 -7.46 -0.05
620.59 303.57 9.10339 -8.26 1.24
874.19 303.84 8.71028 -8.34 2.91
1133.49 304.26 8.59845 -7.58 4.32
1399.03 304.74 8.48768 -5.75 5.54
1671.30 305.54 7.81454 -2.85 6.32
2238.34 308.15 5.92316 -0.24 5.61
2839.46 310.09 5.29744 1.96 5.04
3478.39 312.55 2.65104 3.23 3.38
4161.31 315.18 1.76043 5.69 1.52
4895.67 317.57 1.66714 8.22 0.08
5691.14 320.54 1.33719 11.03 -1.19
6560.60 323.74 0.99494 14.30 -1.33
7520.96 327.12 0.90959 17.58 0.72
8598.80 332.18 0.50201 18.86 5.39
9831.71 336.10 0.22416 31.60 13.63
10518.97 336.95 0.11304 35.85 15.43
11275.52 349.79 0.03329 36.20 8.67
12148.03 369.76 0.01467 37.22 7.79
13159.32 383.49 0.00650 30.35 1.20
14339.14 397.17 0.00663 22.86 -0.21
15758.36 417.03 0.00614 19.36 -2.45
30811.13 873.48 0.00617 -11.73 -1.93
