900.00 300.64 10.19564
0.00 300.64 10.19564 -4.20 -1.76
104.34 300.64 10.19564 -6.24 -2.56
345.50 300.99 9.91841 -8.26 -3.09
591.80 301.23 9.71399 -9.45 -2.62
843.51 301.53 9.61812 -10.34 -0.87
1101.19 302.44 9.31039 -8.37 1.89
1365.53 303.66 8.47661 -6.24 4.02
1636.95 304.72 7.74445 -4.06 4.88
2202.21 306.61 6.77795 -0.77 3.82
2801.01 309.40 5.83071 1.77 1.82
3439.41 312.21 4.31034 4.41 1.33
4122.43 314.98 3.13145 8.33 2.05
4857.15 317.66 2.23108 11.16 2.28
5653.05 320.68 1.40037 13.56 2.16
6523.07 323.93 0.82120 15.83 2.70
7484.02 327.26 0.54431 17.31 5.33
8560.32 331.31 0.45166 19.11 9.93
9788.85 335.07 0.21283 23.65 17.35
10474.74 336.37 0.10738 26.06 20.02
11228.79 348.26 0.03140 30.52 14.14
12096.76 367.78 0.01482 34.43 8.36
13105.35 382.88 0.00656 32.37 2.05
14287.06 399.38 0.00622 24.67 -1.20
15715.66 421.18 0.00554 18.95 -1.35
30787.85 869.79 0.00619 -11.69 -1.46
