875.00 304.08 9.97035
0.00 304.08 9.97035 0.24 1.85
151.30 304.08 9.97035 0.58 2.91
399.86 304.13 9.84727 1.26 3.05
654.09 304.36 9.48727 1.98 2.31
913.98 305.05 8.79304 2.59 1.47
1180.42 305.95 8.32648 2.81 1.15
1453.93 307.17 7.82767 3.21 0.61
2024.54 309.85 6.97323 2.99 -1.18
2629.10 311.33 6.16685 -1.65 -0.73
3271.39 314.20 5.33656 -4.13 -0.91
3958.70 316.76 4.02313 -4.20 0.42
4698.62 320.14 3.25457 -3.20 2.37
5501.73 323.97 2.66994 -1.33 3.21
6382.81 328.66 1.92614 1.71 5.77
7359.66 332.90 1.26576 7.70 9.34
8452.43 335.44 0.63237 13.31 8.84
9694.82 338.16 0.26166 14.23 15.82
10387.44 342.19 0.10253 21.24 16.81
11163.56 358.35 0.01183 36.20 13.72
12040.90 365.81 0.00813 34.90 10.39
13035.88 376.46 0.00700 26.67 8.00
14192.36 389.58 0.00741 19.31 2.39
15597.67 415.66 0.00683 14.05 -2.18
30555.49 870.79 0.00617 -12.49 1.81
