925.00 300.83 9.71412
0.00 300.83 9.71412 -4.18 -1.47
9.09 300.83 9.71412 -4.06 -1.43
245.38 301.11 9.49240 -7.20 -2.05
486.73 301.24 9.33829 -8.75 -1.82
733.19 301.56 9.27894 -9.45 -0.86
985.19 301.99 9.08129 -9.37 1.10
1243.09 302.69 8.80662 -7.97 3.31
1507.51 303.76 7.70136 -6.13 4.55
1778.81 304.70 6.91476 -4.46 5.29
2344.30 306.95 5.71427 -0.85 5.91
2942.81 309.10 5.32082 2.68 4.67
3580.42 312.01 3.23244 4.73 1.26
4262.04 314.38 2.25436 7.03 0.67
4995.61 317.45 1.52008 11.05 0.05
5790.93 320.59 0.97202 14.43 -0.14
6660.29 323.60 0.61706 16.90 0.27
7619.86 326.70 0.54506 18.75 2.89
8694.05 330.65 0.45784 20.67 6.75
9921.61 335.11 0.21189 28.62 14.07
10607.75 336.40 0.11407 34.70 18.85
11362.16 348.76 0.03539 35.33 10.97
12233.75 369.51 0.01367 36.47 4.75
13243.91 383.01 0.00655 32.03 -0.65
14426.64 399.94 0.00606 23.89 -0.88
15855.96 420.42 0.00559 18.36 -1.31
30927.23 870.29 0.00619 -10.92 -1.79
