900.00 302.69 9.25113
0.00 302.69 9.25113 -4.45 -0.44
233.56 302.69 9.25113 -7.32 -0.32
475.94 302.54 9.16436 -7.70 0.10
723.24 302.39 8.89456 -7.94 1.23
976.21 303.32 8.80750 -7.39 2.63
1235.05 303.64 8.72995 -6.57 3.70
1500.06 304.02 8.54731 -4.75 5.07
1771.69 305.10 7.75869 -2.29 5.92
2338.89 308.21 4.95145 0.79 6.81
2939.72 310.14 4.82142 3.22 4.43
3578.60 312.50 2.41233 5.02 2.36
4261.32 315.14 1.38030 6.67 0.80
4995.78 318.01 1.13742 8.70 -0.78
5792.32 321.05 0.77243 11.69 -2.56
6662.83 324.08 0.64902 14.44 -2.08
7623.90 327.24 0.68840 17.21 -0.51
8701.12 332.07 0.49517 21.88 4.67
9935.77 336.33 0.22520 34.40 15.00
10623.49 337.38 0.10930 36.97 14.26
11382.23 350.62 0.03169 36.79 7.45
12253.56 368.49 0.01643 36.72 6.68
13260.98 382.08 0.00674 31.35 0.68
14436.52 396.10 0.00668 24.76 -0.16
15855.33 417.76 0.00600 20.46 -3.44
30909.59 873.29 0.00618 -11.68 -2.02
