875.00 300.76 10.20240
0.00 300.76 10.20240 -3.05 -1.52
212.78 300.76 10.20240 -5.73 -2.46
458.94 300.93 9.81358 -8.42 -2.96
710.41 301.19 9.35021 -10.37 -1.79
967.55 301.90 9.17844 -9.60 0.60
1231.48 303.31 8.91210 -6.94 1.32
1502.78 304.78 8.43722 -4.38 1.46
2068.53 306.64 6.58250 0.69 0.66
2666.55 309.00 5.33292 3.36 0.71
3304.47 312.27 4.42901 6.98 1.19
3987.64 314.96 3.41568 9.32 1.99
4722.39 317.69 2.35720 10.45 2.82
5518.62 320.82 1.56997 11.96 3.07
6389.00 324.01 0.89683 14.28 3.38
7350.12 327.24 0.56754 15.01 5.23
8426.53 331.13 0.29564 16.33 9.43
9653.12 334.51 0.15995 21.22 18.00
10338.96 336.83 0.07236 20.54 18.04
11094.34 348.61 0.02972 27.64 13.85
11963.17 368.47 0.01477 32.80 10.16
12972.01 382.99 0.00648 31.48 4.71
14155.30 400.00 0.00616 23.76 -0.57
15583.19 419.89 0.00566 18.51 -0.89
30653.60 870.50 0.00617 -12.63 -1.14
