875.00 300.61 10.52593
0.00 300.61 10.52593 -3.30 -1.94
229.72 300.61 10.52593 -7.58 -3.94
475.94 301.30 10.17236 -9.30 -3.02
727.99 302.24 9.77997 -9.80 -0.32
986.43 303.31 9.65140 -7.86 2.11
1251.54 304.40 8.59126 -5.48 4.12
1523.60 305.29 7.81468 -2.96 4.33
2089.15 306.71 6.39012 0.69 2.05
2688.50 309.90 5.28254 2.55 0.95
3328.15 312.95 4.35782 4.60 1.29
4012.67 315.48 3.31111 7.56 1.89
4748.49 318.10 2.34751 9.54 2.40
5545.53 321.11 1.54573 11.27 2.87
6416.76 324.41 0.94809 13.36 3.74
7379.59 328.05 0.61185 14.99 6.18
8458.52 332.04 0.48073 17.52 9.09
9689.19 335.47 0.22153 20.90 16.43
10375.59 336.75 0.10893 24.67 19.37
11128.98 347.20 0.03431 27.71 14.00
11993.88 366.99 0.01535 33.78 10.21
13001.10 382.71 0.00663 32.55 4.05
14182.50 399.20 0.00645 24.87 -0.47
15609.11 419.62 0.00582 18.66 -1.76
30671.06 871.14 0.00617 -12.15 -1.49
