900.00 305.56 9.37123
0.00 305.56 9.37123 -1.30 3.35
73.87 305.56 9.37123 -1.76 4.14
318.75 305.36 9.18792 -2.17 5.32
568.52 305.48 9.05553 -2.08 5.91
823.52 305.54 8.87456 -1.70 6.22
1084.23 305.71 8.62588 -1.23 6.49
1351.00 306.03 8.51379 -0.42 6.38
1624.30 306.60 8.53308 0.91 5.12
2193.06 308.75 7.44910 1.57 1.92
2796.97 311.58 5.99926 0.78 0.12
3439.14 313.86 4.03565 0.80 -1.32
4125.25 316.32 2.61755 2.48 -1.53
4863.05 319.27 1.88818 5.76 -0.62
5663.28 322.56 1.39150 9.63 -0.75
6538.66 326.05 1.37182 12.34 0.16
7507.23 330.44 1.03725 12.56 5.19
8594.57 334.00 0.56970 16.85 12.48
9831.45 336.70 0.23685 27.08 19.06
10520.25 338.82 0.11517 29.93 20.74
11287.50 356.28 0.02013 38.63 13.20
12166.78 367.98 0.00648 39.06 6.31
13165.53 377.08 0.00740 32.66 2.25
14329.00 393.92 0.00712 21.73 2.09
15741.95 416.14 0.00659 17.19 -4.60
30742.48 871.89 0.00615 -11.82 1.05
