850.00 305.22 10.03334
0.00 305.22 10.03334 -0.75 2.83
232.88 305.22 10.03334 -1.13 5.84
487.84 305.46 9.18909 -0.68 6.78
748.65 306.12 8.50625 -0.84 6.95
1015.80 306.66 8.15995 -1.09 6.77
1289.80 307.53 8.02493 -0.74 6.07
1860.77 310.13 6.96227 2.84 1.94
2466.03 311.73 5.98039 3.82 -0.40
3108.71 314.14 4.46451 3.65 -1.11
3795.56 316.59 2.97105 4.94 -0.88
4533.85 319.29 1.97904 7.37 -0.89
5334.05 322.56 1.42848 10.52 -0.55
6209.58 325.94 1.43212 11.40 1.03
7177.74 330.06 1.02464 11.31 4.90
8263.80 333.84 0.56323 13.74 12.95
9500.95 336.68 0.23647 23.53 20.53
10189.18 337.83 0.11853 25.78 21.95
10953.68 355.79 0.02179 35.57 15.36
11833.32 368.39 0.00631 37.99 8.64
12833.40 377.75 0.00731 32.00 2.69
13999.20 394.86 0.00697 21.12 2.73
15414.60 416.62 0.00659 15.31 -3.89
30415.54 871.26 0.00616 -11.91 0.99
