925.00 298.14 10.14354
0.00 298.14 10.14354 -3.21 -2.44
12.71 298.14 10.14354 -2.83 -2.17
247.16 298.39 10.05660 -5.71 -3.98
486.35 298.59 9.95631 -6.72 -3.93
730.73 299.07 9.31168 -7.28 -2.92
980.97 300.78 6.46659 -7.36 -0.55
1237.32 301.04 6.40061 -6.18 0.08
1499.76 301.70 6.12564 -5.00 0.68
1769.11 302.74 6.20903 -3.62 1.53
2330.60 304.96 6.23737 -0.12 3.64
2926.62 308.08 5.47447 4.50 2.94
3561.60 310.67 3.45320 8.41 2.82
4240.93 313.28 2.73831 11.64 3.95
4972.29 316.51 2.46013 14.60 3.21
5766.27 320.31 1.81044 18.45 2.15
6636.78 324.25 1.03959 20.45 0.94
7597.93 326.85 0.60129 20.50 1.47
8671.00 329.55 0.34586 22.35 7.28
9893.01 333.72 0.13963 25.65 15.17
10577.67 336.77 0.08828 26.16 16.38
11334.99 349.98 0.03734 32.83 10.52
12205.19 367.74 0.01439 31.21 3.95
13210.57 382.07 0.00601 29.47 2.44
14393.30 400.47 0.00547 23.50 -1.41
15829.90 423.23 0.00511 18.61 -3.46
30934.41 869.96 0.00617 -11.49 0.84
