900.00 297.84 10.03463
0.00 297.84 10.03463 -1.61 -0.94
95.34 297.84 10.03463 -2.59 -1.20
334.12 298.25 9.36872 -4.41 -0.45
578.15 298.97 8.05954 -4.27 -0.03
827.88 299.72 6.22260 -3.24 -0.17
1083.26 300.16 6.00153 -2.59 -1.35
1344.78 300.55 5.41741 -1.83 -1.60
1612.84 301.44 5.20058 -0.84 -0.53
2171.81 304.14 5.52331 2.69 1.02
2765.88 306.86 4.50299 6.33 0.55
3398.11 309.44 3.90001 8.36 1.39
4075.45 312.69 3.43650 10.32 2.99
4806.10 316.29 2.62607 13.19 3.78
5599.09 319.76 1.95074 16.83 4.69
6467.81 323.78 1.37295 20.83 5.03
7428.25 326.64 0.80691 23.96 2.60
8497.91 327.72 0.37298 25.72 3.76
9714.20 332.75 0.14698 25.43 12.14
10398.56 337.60 0.08618 26.80 14.70
11159.09 351.40 0.03649 31.34 7.15
12030.62 368.08 0.01185 27.75 4.18
13039.31 383.90 0.00564 26.34 3.04
14226.52 401.62 0.00531 20.82 -0.80
15666.23 423.41 0.00506 17.31 -2.07
30784.66 874.91 0.00610 -12.48 1.25
