925.00 301.27 9.78036
0.00 301.27 9.78036 -4.74 -1.57
63.96 301.27 9.78036 -6.23 -1.97
300.61 301.29 9.56254 -8.01 -2.18
542.05 301.32 9.46195 -8.91 -1.80
788.46 301.42 9.40017 -9.37 -0.21
1040.29 302.08 9.02392 -8.16 2.64
1298.47 303.23 8.18059 -5.98 4.02
1563.20 304.12 6.69527 -4.48 3.91
1834.52 304.79 5.69515 -3.40 4.41
2399.37 306.86 5.22360 -0.27 6.14
2997.88 309.07 5.17466 3.38 5.00
3635.39 311.93 3.03233 5.85 1.83
4316.27 313.82 2.48346 6.66 0.91
5048.73 317.33 1.41699 9.91 -0.48
5843.91 320.64 0.66967 14.19 -1.95
6713.22 323.57 0.47100 16.86 -1.83
7672.51 326.53 0.43100 18.76 -0.18
8745.71 330.28 0.41967 22.47 2.91
9973.68 335.56 0.21727 33.25 12.38
10660.63 336.95 0.11036 38.03 15.04
11418.46 350.90 0.03594 36.92 8.05
12291.78 369.10 0.01496 35.53 3.05
13300.57 382.53 0.00655 31.70 -0.71
14481.97 399.27 0.00613 23.80 0.03
15908.23 419.44 0.00564 19.52 -1.93
30980.62 870.78 0.00620 -10.65 -1.90
