875.00 305.01 10.84738
0.00 305.01 10.84738 -0.10 1.67
40.66 305.01 10.84738 -0.14 2.47
289.88 305.17 10.31070 -0.24 3.36
544.98 305.36 9.15776 0.06 4.25
805.71 305.58 8.62857 0.61 4.18
1072.53 306.41 8.20723 1.07 3.65
1346.42 307.54 7.97465 1.86 2.88
1917.60 309.93 6.99702 3.42 0.28
2522.05 311.56 6.07512 0.34 0.10
3165.06 314.45 4.79483 -0.28 -0.92
3852.64 316.83 3.63725 1.51 -1.05
4591.80 319.49 3.00721 3.30 -0.27
5392.33 322.35 2.44800 5.79 0.31
6268.09 326.59 1.69340 7.66 2.05
7239.41 331.36 1.12027 9.06 7.19
8328.51 334.26 0.57629 13.33 13.41
9566.92 337.22 0.24415 19.74 19.07
10256.53 339.26 0.11536 23.15 20.98
11025.21 356.90 0.01808 35.64 15.55
11904.95 367.90 0.00689 36.01 10.02
12904.83 377.88 0.00633 29.22 3.36
14067.47 392.68 0.00757 19.84 3.95
15477.83 416.18 0.00677 14.97 -3.99
30461.03 871.55 0.00615 -12.36 0.72
