800.00 308.78 7.30465
0.00 308.78 7.30465 0.07 0.84
203.75 308.78 7.30465 0.32 1.09
473.01 308.88 7.49487 0.94 1.44
748.53 309.03 7.34683 2.19 1.44
1321.16 310.45 6.17082 7.92 1.04
1926.55 312.09 6.07886 8.99 1.08
2570.03 314.44 4.63464 10.24 0.57
3257.56 316.98 2.90891 9.22 0.49
3996.94 319.68 1.93818 8.85 1.00
4797.71 322.59 1.32977 8.53 1.12
5672.62 325.75 1.04569 7.60 1.47
6639.20 329.24 0.94628 7.32 4.81
7722.11 333.31 0.53421 7.42 12.97
8957.37 336.17 0.22359 11.82 22.77
9644.99 338.12 0.10132 15.20 24.01
10411.42 355.61 0.02303 28.37 16.98
11290.96 369.03 0.00700 33.89 13.30
12292.82 378.68 0.00740 30.31 6.31
13461.58 395.04 0.00686 19.35 2.41
14875.00 416.29 0.00663 16.44 -2.12
29879.81 869.07 0.00617 -11.42 0.29
