900.00 305.80 8.28349
0.00 305.80 8.28349 -1.92 2.90
182.88 305.80 8.28349 -2.72 4.43
427.59 305.59 8.34439 -2.87 4.78
676.99 305.03 8.41809 -2.99 4.94
931.60 305.62 8.33505 -3.14 5.15
1192.36 305.80 8.39317 -3.16 5.26
1459.05 305.84 8.36935 -2.86 5.36
1732.16 306.38 7.67081 -1.33 5.12
2300.65 308.77 6.19463 0.04 3.45
2903.55 311.26 5.93289 0.29 1.55
3544.88 313.21 4.00783 1.62 -0.40
4229.53 315.83 2.43963 4.07 -1.39
4966.88 319.22 1.54580 6.79 -1.43
5766.44 322.28 1.00237 10.64 -1.79
6641.26 325.95 1.03049 14.94 -0.47
7608.99 330.24 1.01919 15.38 3.82
8696.20 334.03 0.57440 19.44 11.03
9932.78 336.56 0.23426 30.42 17.47
10621.47 338.84 0.11117 33.26 18.85
11388.32 355.44 0.02137 39.62 10.74
12265.20 367.19 0.00740 40.60 5.02
13262.73 377.22 0.00850 33.51 2.37
14427.77 394.35 0.00681 22.89 0.60
15841.70 416.55 0.00645 18.18 -4.57
30850.79 872.91 0.00614 -11.88 0.98
