925.00 297.21 8.57307
0.00 297.21 8.57307 -2.26 -0.25
186.34 297.21 8.57307 -3.96 -0.06
419.69 297.21 8.47494 -4.57 0.27
657.69 297.28 8.32270 -4.92 1.24
900.89 298.28 7.34464 -3.90 3.22
1150.04 299.08 6.70705 -3.00 2.33
1405.06 299.77 6.07485 -2.07 1.53
1666.45 300.74 4.47143 -0.87 1.08
1934.31 301.05 3.84600 -0.60 0.53
2491.21 302.85 3.44869 0.09 -2.09
3081.49 305.29 3.13792 1.30 -2.46
3710.92 308.60 3.35893 5.79 -1.28
4386.48 312.06 3.01022 9.92 -0.38
5114.95 315.27 2.49533 12.33 1.53
5905.27 318.61 1.82328 13.53 2.04
6770.94 322.66 1.26272 18.27 1.02
7728.49 325.81 0.74363 26.75 -0.10
8796.80 327.53 0.31672 30.66 -0.46
10012.23 332.55 0.12744 32.76 6.13
10697.15 338.29 0.07081 34.74 8.84
11457.47 350.18 0.04112 33.79 2.44
12326.10 367.50 0.01488 28.88 1.55
13334.68 383.96 0.00598 26.68 -1.66
14521.95 401.87 0.00552 20.90 -2.44
15965.28 425.59 0.00510 16.74 -3.00
31112.50 875.44 0.00611 -11.45 0.66
