825.00 308.82 7.70905
0.00 308.82 7.70905 -0.14 1.25
67.13 308.82 7.70905 -0.01 1.41
330.28 309.14 7.42617 0.30 1.80
599.70 309.12 7.58650 0.37 1.76
875.40 309.14 7.45419 1.10 1.48
1448.61 310.84 6.42229 6.99 1.47
2054.80 312.49 6.21403 9.68 0.96
2699.23 314.68 4.85801 9.76 -0.46
3386.90 317.00 2.94558 8.65 0.10
4126.30 319.66 1.68083 9.08 1.23
4926.56 322.28 1.15493 8.84 1.86
5800.79 325.63 0.86477 7.69 3.15
6767.57 329.36 0.87581 7.54 6.72
7851.40 333.72 0.55799 6.66 13.32
9087.47 336.11 0.22344 9.29 22.32
9775.39 339.11 0.08386 13.43 22.67
10543.77 356.21 0.02294 26.81 17.38
11424.27 369.11 0.00641 32.27 14.29
12425.52 378.37 0.00676 29.57 7.09
13594.23 395.28 0.00715 18.34 3.17
15007.29 415.57 0.00675 15.54 -2.50
30001.86 869.28 0.00617 -11.32 -0.45
