900.00 297.56 9.89515
0.00 297.56 9.89515 -1.69 -2.33
89.47 297.56 9.89515 -2.71 -3.42
328.12 298.08 9.06503 -5.54 -4.75
572.07 298.96 7.90195 -6.36 -3.84
821.64 299.44 6.11171 -6.22 -2.94
1076.82 300.01 5.88055 -5.58 -2.14
1338.49 301.06 5.99114 -4.15 -1.23
1607.44 302.58 6.08771 -2.35 -0.19
2168.37 304.36 5.71537 1.10 0.36
2762.83 307.22 4.66852 4.88 0.19
3396.08 309.89 3.97657 9.17 0.74
4074.01 312.92 3.27196 11.73 2.84
4804.93 316.43 2.57337 14.49 4.55
5598.76 320.21 1.97599 17.27 5.27
6468.46 324.02 1.34368 20.43 5.10
7429.53 326.89 0.80534 21.85 3.31
8500.33 328.18 0.35730 22.80 6.03
9717.44 332.72 0.11700 20.93 13.51
10401.39 337.35 0.06862 24.02 15.21
11161.41 351.25 0.03615 29.04 8.90
12033.45 368.61 0.01123 27.85 5.52
13043.47 384.31 0.00556 26.32 3.80
14231.91 401.90 0.00529 20.18 -0.69
15670.90 422.95 0.00509 16.90 -1.42
30775.77 874.10 0.00612 -12.46 0.58
