800.00 304.22 9.09771
0.00 304.22 9.09771 -0.45 1.44
190.94 304.22 9.09771 -0.75 2.19
456.38 305.24 8.43301 -0.16 1.85
729.51 306.77 8.08609 2.01 0.89
1299.92 309.93 6.86518 6.55 -1.28
1904.68 311.67 6.23987 8.42 -2.49
2548.32 314.84 5.11035 8.12 -3.17
3237.03 317.25 3.78933 5.79 -2.02
3977.03 319.85 3.09489 4.63 -0.13
4778.91 323.21 2.54043 4.31 2.90
5657.45 327.49 1.79659 3.57 7.67
6630.19 331.42 1.13218 3.91 13.64
7718.15 334.08 0.57734 8.05 13.58
8956.77 337.03 0.24199 12.81 19.88
9646.17 339.07 0.10548 16.17 21.62
10414.44 356.33 0.02075 30.40 17.11
11293.01 367.26 0.00698 33.47 13.70
12290.90 377.77 0.00628 28.71 6.17
13455.02 392.76 0.00765 18.57 4.83
14865.94 417.17 0.00674 13.71 -3.35
29842.97 872.14 0.00614 -12.72 0.20
