900.00 305.22 8.54914
0.00 305.22 8.54914 -0.06 3.01
149.93 305.22 8.54914 -0.02 4.98
394.39 305.11 8.53054 -0.21 5.47
643.75 305.28 8.40006 -0.50 5.72
898.50 305.41 8.34966 -0.14 5.41
1159.08 305.75 7.78107 0.84 4.69
1425.75 306.17 7.14430 1.39 3.57
1699.16 307.28 6.25922 -0.07 3.11
2269.80 309.95 6.42871 -2.18 3.45
2874.71 311.84 5.67568 -2.62 0.41
3517.13 314.08 3.64662 -1.67 -1.85
4203.72 316.69 2.73309 0.63 -1.47
4942.39 319.46 1.95889 3.35 -1.36
5742.52 322.31 1.62787 6.46 -0.91
6616.88 326.06 1.66064 6.83 1.57
7587.28 331.22 1.11118 11.32 7.47
8677.29 334.94 0.60545 19.51 12.31
9917.24 337.77 0.25556 23.52 17.93
10608.48 340.08 0.11974 27.15 20.52
11379.76 357.50 0.01434 39.89 12.25
12259.24 367.72 0.00710 37.31 5.85
13257.94 376.97 0.00622 30.30 2.29
14417.23 391.99 0.00762 21.40 1.59
15827.63 416.07 0.00676 15.72 -4.30
30807.88 872.93 0.00616 -11.98 0.94
