825.00 310.02 8.29997
0.00 310.02 8.29997 -0.81 1.61
225.76 310.02 8.29997 -0.98 3.00
490.19 309.89 8.32753 -0.69 3.79
760.42 309.88 8.26394 0.02 4.59
1037.05 310.20 7.66721 1.76 5.24
1611.38 311.04 7.44559 7.16 4.75
2218.68 313.76 5.06861 10.60 0.96
2865.80 316.25 3.10774 5.59 -3.13
3555.50 317.72 1.53061 6.31 -1.95
4294.93 319.52 0.73546 7.34 -0.10
5094.32 322.13 0.67477 6.98 2.07
5968.07 325.40 0.53994 7.79 3.10
6934.60 329.57 0.48021 7.56 4.52
8018.70 333.37 0.50875 4.00 11.99
9252.83 337.05 0.06746 3.49 18.64
9949.88 345.92 0.03306 14.01 14.64
10730.75 359.94 0.01787 24.36 16.62
11614.36 368.37 0.00707 25.64 15.29
12612.19 377.10 0.00707 24.68 9.91
13775.60 393.20 0.00744 15.22 5.77
15184.02 415.75 0.00675 12.05 -1.88
30142.20 871.15 0.00617 -11.45 0.05
