875.00 301.31 11.06013
0.00 301.31 11.06013 -0.29 -1.21
189.40 301.31 11.06013 -2.63 -1.54
436.56 302.38 10.08003 -4.85 0.89
689.60 303.63 9.58161 -5.80 3.67
949.16 304.64 9.51649 -6.40 5.47
1215.29 305.22 8.95265 -6.03 7.23
1488.04 306.04 8.60554 -4.03 8.08
2056.10 307.98 6.94938 0.22 5.48
2656.76 310.10 4.90671 2.53 4.22
3296.63 313.16 4.06492 4.77 2.86
3981.54 315.83 3.04631 7.12 1.11
4718.25 318.58 2.09375 9.31 0.31
5516.52 321.72 1.34151 12.18 0.73
6389.70 325.29 0.82546 15.34 1.91
7355.57 329.17 0.52531 17.21 3.35
8437.20 332.47 0.51793 18.14 5.20
9670.78 336.01 0.22196 23.10 15.48
10357.63 336.93 0.10989 27.23 18.43
11112.45 346.97 0.03094 30.29 9.73
11976.23 366.70 0.01558 36.75 10.36
12980.39 381.66 0.00723 32.47 5.48
14160.06 398.64 0.00648 24.67 0.19
15586.21 418.62 0.00605 16.78 -3.66
30630.07 874.03 0.00615 -12.13 -0.72
