775.00 306.88 8.04639
0.00 306.88 8.04639 -0.98 -0.78
220.82 306.88 8.04639 -1.71 -0.68
494.99 307.88 7.96273 -2.36 -0.10
1065.86 309.71 6.01311 1.26 2.30
1669.37 311.10 4.84664 6.37 3.20
2310.24 313.40 4.29872 9.03 2.61
2996.24 316.65 2.66607 10.06 0.75
3735.17 319.80 1.66478 10.63 0.13
4536.60 322.99 1.22417 11.62 1.38
5412.87 326.26 0.75421 13.09 2.52
6379.82 328.86 0.49604 12.05 2.57
7459.80 332.05 0.40070 14.07 7.06
8693.17 335.99 0.22493 17.16 22.77
9380.64 337.95 0.10514 20.72 22.73
10143.97 352.40 0.02337 28.44 11.52
11015.86 367.38 0.01346 33.76 10.49
12017.31 379.09 0.00879 30.54 6.37
13186.43 395.25 0.00646 23.19 2.44
14605.50 418.83 0.00620 17.65 -2.90
29637.53 872.48 0.00614 -12.04 1.29
