900.00 305.40 9.22620
0.00 305.40 9.22620 -4.01 1.73
102.63 305.40 9.22620 -5.56 2.74
347.15 305.30 9.04830 -6.04 3.35
596.76 305.31 8.98200 -6.15 3.86
851.57 305.24 8.92941 -5.99 4.20
1111.90 305.20 8.89479 -5.75 4.61
1378.13 305.15 8.89775 -4.76 5.70
1650.77 306.16 8.01373 -1.03 6.71
2219.60 309.21 5.59429 1.27 4.43
2823.01 311.07 5.02581 2.14 2.98
3463.39 313.21 2.73034 3.27 1.79
4147.72 315.67 2.03057 6.10 1.32
4883.43 318.27 1.31509 8.66 -0.15
5680.47 321.15 0.93575 11.39 -0.74
6551.52 324.38 0.79257 15.25 -0.41
7514.78 328.43 0.64952 20.39 0.80
8597.13 333.25 0.53985 23.10 5.50
9833.10 336.19 0.22434 31.57 17.98
10520.72 337.91 0.10566 34.02 17.06
11282.11 351.20 0.02458 36.93 8.33
12152.17 367.03 0.01343 39.80 8.03
13155.66 381.36 0.00766 31.40 3.64
14332.22 396.39 0.00655 22.39 -0.80
15748.54 416.36 0.00630 19.23 -4.08
30785.16 875.32 0.00613 -12.21 -0.40
