775.00 306.04 9.32164
0.00 306.04 9.32164 0.10 1.74
228.79 306.04 9.32164 2.07 3.35
502.38 307.29 7.81578 3.38 2.41
1073.93 310.33 6.87642 5.50 -0.21
1679.07 311.43 6.08197 5.03 -0.97
2322.29 314.78 5.24985 4.55 -1.80
3010.94 317.25 4.05907 3.89 -1.38
3750.81 319.62 3.09156 4.43 -0.38
4551.85 322.66 2.38082 5.77 1.26
5428.33 326.86 1.75567 6.62 3.91
6399.36 330.97 1.10064 6.90 8.39
7487.09 334.01 0.57410 10.51 14.79
8725.25 337.15 0.24311 17.62 19.65
9414.65 338.15 0.12231 19.78 22.07
10180.17 355.92 0.02132 32.75 16.92
11059.40 367.91 0.00673 35.43 12.01
12059.17 378.19 0.00640 29.63 4.17
13224.22 393.42 0.00754 19.42 4.18
14636.51 416.99 0.00671 14.21 -3.54
29620.93 871.54 0.00615 -12.47 0.25
