925.00 298.67 10.20617
0.00 298.67 10.20617 -3.40 -2.63
50.90 298.67 10.20617 -3.96 -3.00
285.59 298.62 10.15439 -5.79 -3.94
524.99 298.70 10.12241 -6.61 -3.95
769.41 299.06 9.66431 -7.26 -2.53
1019.73 300.81 6.47158 -7.41 0.13
1276.13 301.16 6.20017 -6.28 0.79
1538.69 301.89 5.92719 -4.91 1.08
1808.12 302.77 6.04099 -3.57 1.50
2369.67 304.96 6.17881 -0.21 3.71
2965.53 308.06 5.48332 5.06 2.98
3600.36 310.55 3.28918 8.71 2.60
4279.28 313.13 2.49556 11.71 3.79
5010.25 316.43 2.36371 14.71 2.98
5804.14 320.29 1.79726 18.76 1.51
6674.75 324.33 0.99668 20.62 0.21
7636.13 326.92 0.58367 20.65 1.02
8709.45 329.65 0.33072 23.06 6.99
9932.07 333.77 0.14103 26.78 15.06
10616.63 336.64 0.08800 27.30 15.93
11373.64 349.76 0.03756 33.42 10.25
12243.34 367.49 0.01474 31.61 3.65
13248.15 381.98 0.00602 29.86 2.17
14431.29 400.72 0.00552 23.55 -1.72
15868.45 423.24 0.00508 18.43 -3.60
30973.32 869.87 0.00617 -11.23 0.83
