925.00 300.14 9.61133
0.00 300.14 9.61133 -4.96 -1.66
81.58 300.14 9.61133 -6.89 -2.15
317.31 300.12 9.43205 -8.52 -2.13
557.75 300.14 9.33247 -9.36 -1.38
803.24 300.35 9.18494 -9.19 0.85
1054.20 301.02 8.96311 -6.84 3.30
1311.46 302.09 8.55814 -4.19 3.45
1575.25 303.06 7.00906 -3.41 1.72
1845.80 304.17 5.34830 -2.80 1.47
2409.66 306.59 3.81310 1.95 4.48
3007.26 308.60 5.02217 6.52 4.30
3643.95 311.59 3.19178 9.03 1.00
4324.30 313.40 2.48120 9.25 1.11
5055.68 317.00 1.59269 10.68 0.18
5850.45 320.55 0.72154 15.81 -2.10
6719.61 323.40 0.57482 18.45 -3.28
7678.44 326.35 0.37824 18.52 -2.70
8750.88 329.88 0.29909 24.31 -0.10
9978.74 335.64 0.21350 37.96 10.74
10665.85 337.33 0.08959 39.07 11.28
11424.34 350.66 0.03211 37.51 6.56
12294.91 367.48 0.01584 35.76 1.92
13300.28 382.03 0.00649 31.97 -0.94
14481.99 399.50 0.00573 24.37 -0.68
15910.64 420.45 0.00543 20.34 -3.01
30996.45 870.28 0.00619 -10.02 -1.21
