900.00 305.08 9.08223
0.00 305.08 9.08223 -3.94 1.40
121.62 305.08 9.08223 -5.45 2.37
365.98 304.97 9.17925 -6.01 3.01
615.25 304.85 9.20934 -5.97 3.28
869.79 304.87 9.14224 -5.76 3.56
1129.89 304.82 9.06056 -5.50 4.09
1395.84 304.90 8.96933 -4.57 5.25
1668.38 306.19 7.66332 -1.07 6.64
2237.27 309.14 5.35420 0.82 4.82
2840.34 310.99 5.18614 2.23 3.02
3480.57 313.08 2.86751 3.41 1.60
4164.67 315.56 2.07672 6.53 1.19
4900.23 318.31 1.12286 8.96 -0.45
5697.42 321.24 0.80147 11.54 -1.08
6568.60 324.41 0.73569 15.34 -0.77
7531.89 328.45 0.64027 20.23 0.72
8614.51 333.42 0.53457 23.65 5.76
9850.79 336.26 0.22568 32.04 17.37
10538.51 338.01 0.10560 34.58 16.54
11300.11 351.27 0.02468 37.33 8.03
12170.27 366.93 0.01330 40.11 7.46
13173.35 381.19 0.00770 31.46 3.16
14348.84 395.89 0.00653 22.79 -0.83
15764.49 416.63 0.00630 19.71 -4.19
30801.27 875.23 0.00613 -12.24 -0.49
