875.00 301.92 11.80379
0.00 301.92 11.80379 0.13 -0.63
73.88 301.92 11.80379 0.12 -1.32
321.17 302.93 10.25763 -2.33 0.79
574.72 304.14 9.33657 -4.09 3.47
834.76 305.08 8.98336 -5.09 5.89
1101.25 305.83 8.86736 -5.22 7.40
1374.41 306.37 8.42440 -4.04 8.38
1943.13 308.58 7.00613 0.51 5.63
2544.93 310.52 4.87387 3.32 3.66
3185.50 313.45 3.96155 5.83 2.65
3871.09 316.20 2.76534 7.50 1.06
4608.54 318.97 1.80843 9.25 0.21
5407.75 322.12 1.09028 12.43 0.21
6281.68 325.55 0.73377 15.63 0.97
7248.30 329.41 0.52559 17.04 1.67
8330.24 332.54 0.53108 16.30 4.73
9563.97 335.95 0.22293 22.89 17.79
10250.73 337.18 0.10734 26.52 19.14
11009.11 349.61 0.02627 31.52 9.67
11875.85 366.31 0.01483 36.75 9.79
12877.51 380.27 0.00804 32.40 6.11
14053.31 397.75 0.00649 24.49 1.10
15478.49 418.82 0.00611 16.15 -4.11
30515.01 874.44 0.00614 -12.08 0.21
