875.00 305.11 9.77375
0.00 305.11 9.77375 -2.19 0.29
212.54 305.11 9.77375 -4.15 1.39
462.13 305.37 9.13162 -5.27 3.02
717.30 305.89 8.87435 -5.90 4.64
978.23 306.05 8.67352 -6.00 5.65
1245.10 305.86 8.61856 -5.21 6.67
1518.16 306.06 8.49649 -2.88 7.99
2086.55 308.56 7.47358 1.50 5.23
2689.32 310.67 5.18233 1.09 4.67
3329.81 313.31 3.83327 3.17 4.05
4014.87 315.94 2.59238 6.01 2.14
4751.63 318.55 1.84146 8.51 0.66
5549.44 321.43 1.28314 12.04 -0.02
6421.63 324.94 0.83687 16.24 0.24
7386.93 329.10 0.59682 19.59 0.70
8468.69 332.58 0.54598 18.13 4.44
9702.78 336.06 0.22467 27.23 17.68
10389.89 337.35 0.10775 30.20 18.12
11149.39 350.32 0.02569 34.18 8.98
12017.92 366.86 0.01422 38.21 9.41
13021.06 381.05 0.00777 32.05 5.43
14198.94 397.93 0.00655 23.28 0.31
15621.99 417.55 0.00620 16.35 -4.12
30656.87 874.96 0.00613 -12.09 -0.01
