875.00 305.88 9.44985
0.00 305.88 9.44985 -0.64 1.70
118.11 305.88 9.44985 -0.85 2.38
368.55 305.90 8.88751 -1.09 3.38
623.95 305.72 9.14274 -0.91 3.64
884.71 305.69 8.95007 -0.44 3.54
1151.45 306.13 8.54580 0.51 3.46
1425.09 307.30 7.94654 1.94 2.59
1995.73 309.64 7.16032 3.50 -0.25
2600.36 311.75 6.03003 -0.20 -0.51
3243.45 314.43 4.75860 -1.50 -1.07
3931.00 316.98 3.27491 -0.35 -0.43
4670.64 319.79 2.47777 0.76 0.73
5471.74 322.62 2.29430 2.55 0.90
6348.54 327.27 1.77204 5.76 3.36
7322.16 332.09 1.18920 9.12 9.09
8412.94 334.64 0.59876 14.06 12.26
9652.53 337.55 0.24885 17.55 18.15
10343.10 340.09 0.11446 21.88 19.79
11114.08 357.30 0.01643 35.82 14.89
11992.75 367.12 0.00750 35.56 10.25
12991.29 377.68 0.00636 28.04 4.70
14151.60 391.16 0.00767 19.75 3.85
15559.81 416.14 0.00679 14.72 -3.68
30534.86 871.80 0.00616 -12.48 1.10
