800.00 308.10 8.43091
0.00 308.10 8.43091 -0.87 1.06
73.78 308.10 8.43091 -0.78 1.36
342.17 307.65 8.44507 -0.25 1.66
616.81 307.78 8.28007 0.40 1.67
1186.91 309.03 7.64388 6.00 0.53
1791.85 312.31 6.36604 11.22 -1.65
2436.41 315.33 4.78323 10.28 -3.40
3125.98 317.57 3.92177 7.42 -1.60
3866.67 319.95 3.30613 4.95 0.56
4668.88 323.14 2.67008 2.68 3.77
5547.91 327.63 1.81351 1.63 7.91
6519.89 330.82 1.12769 1.93 9.09
7608.09 334.82 0.61068 4.76 10.16
8847.28 336.89 0.23931 3.68 20.62
9539.74 343.43 0.05077 13.62 18.44
10316.78 358.36 0.01817 28.13 17.02
11196.42 366.76 0.00735 29.69 14.97
12191.34 376.63 0.00735 26.07 9.35
13352.56 391.65 0.00741 16.41 5.78
14759.60 416.82 0.00670 12.26 -1.79
29720.28 872.02 0.00616 -12.72 0.65
