900.00 306.19 8.68825
0.00 306.19 8.68825 -3.08 3.60
65.21 306.19 8.68825 -3.82 4.61
310.36 305.94 8.67330 -4.40 5.43
560.42 305.94 8.72392 -4.53 5.75
815.85 305.86 8.81370 -4.44 6.06
1076.61 305.58 8.95757 -4.07 6.13
1343.27 306.04 8.67282 -3.23 6.43
1616.55 306.45 8.54684 -1.47 6.16
2185.64 309.04 7.26315 1.35 3.04
2789.76 311.53 5.51939 2.11 0.93
3431.14 313.42 3.80282 2.17 0.64
4116.17 315.86 2.63398 4.11 -0.15
4853.14 318.86 1.78284 7.38 -0.74
5651.84 321.82 1.03416 11.08 -0.88
6525.15 325.39 0.87987 15.57 0.61
7491.88 329.94 0.80400 16.98 2.95
8577.21 333.43 0.55474 18.76 9.20
9812.67 336.35 0.23085 29.10 18.90
10500.49 337.80 0.11447 31.74 19.80
11264.74 354.35 0.02388 37.93 11.06
12140.09 367.22 0.00926 40.37 6.54
13139.46 378.61 0.00885 32.93 3.40
14309.95 395.86 0.00662 22.01 0.59
15725.15 415.99 0.00641 17.94 -4.10
30744.54 873.90 0.00613 -11.98 1.13
