800.00 310.79 6.01423
0.00 310.79 6.01423 0.57 1.05
9.41 310.79 6.01423 0.83 2.05
279.87 311.81 5.43556 2.02 2.61
557.87 312.30 5.14892 3.14 2.76
1134.88 312.46 4.99123 5.15 1.51
1742.16 312.40 4.96261 5.86 -0.00
2383.84 312.97 4.61835 6.98 -1.37
3068.21 315.90 2.40748 7.59 -1.43
3806.10 319.65 0.87593 8.49 -0.54
4606.38 322.38 1.30974 8.36 1.44
5480.33 325.08 0.84946 9.89 4.93
6443.90 327.80 0.48839 10.82 5.57
7519.77 330.46 0.20442 13.42 7.85
8748.66 335.73 0.21234 15.47 25.56
9437.65 339.97 0.04670 18.38 19.67
10203.63 353.30 0.02299 25.51 12.47
11078.83 369.41 0.01363 30.63 12.46
12085.23 380.68 0.00797 27.49 6.73
13258.48 396.06 0.00647 20.75 2.02
14677.29 418.00 0.00621 16.39 -2.00
29705.45 871.99 0.00613 -12.60 1.57
