800.00 305.11 9.46623
0.00 305.11 9.46623 -0.88 -0.63
138.70 305.11 9.46623 -2.28 0.74
405.24 306.24 9.18709 -3.44 2.42
679.18 307.35 9.02159 -3.73 4.16
1249.72 309.48 6.53421 0.32 5.42
1852.87 311.08 4.90095 5.42 3.78
2494.17 313.79 3.95156 9.02 2.10
3180.53 316.66 2.64038 10.01 0.07
3919.41 319.68 1.64043 9.93 -0.34
4720.38 322.84 0.99654 11.82 0.36
5596.06 326.05 0.77791 13.94 1.06
6563.25 329.23 0.51470 13.66 1.27
7644.55 332.35 0.51625 14.19 5.62
8878.74 336.26 0.22718 18.84 20.64
9566.20 337.40 0.11424 22.08 21.73
10327.75 351.95 0.02420 30.21 11.17
11198.47 366.75 0.01354 35.47 9.75
12198.49 378.79 0.00901 31.96 6.19
13367.97 395.79 0.00650 24.17 2.33
14789.74 419.40 0.00608 16.80 -3.53
29821.16 873.12 0.00614 -11.92 1.12
