925.00 296.34 10.05389
0.00 296.34 10.05389 -1.59 -0.91
52.83 296.34 10.05389 -2.28 -1.19
285.85 296.74 9.41344 -4.07 -1.19
523.85 297.66 8.94776 -4.24 -0.73
767.52 298.61 8.54637 -3.15 -0.87
1016.94 299.40 6.99213 -2.31 -1.32
1272.15 299.89 5.17135 -1.86 -1.46
1533.38 300.59 4.85438 -1.22 -1.17
1801.62 301.80 4.79756 0.13 -0.63
2360.59 303.87 5.07486 3.08 -0.33
2953.59 306.48 4.16128 6.82 -1.34
3584.91 309.00 3.45012 8.54 -0.67
4260.72 311.91 3.10676 10.49 1.04
4988.96 315.58 2.54822 12.06 2.28
5780.99 319.68 1.92832 15.18 3.85
6649.41 323.63 1.37071 18.74 5.93
7609.28 326.67 0.81545 24.34 5.65
8679.22 327.39 0.35198 25.88 5.61
9893.48 332.34 0.14128 26.42 12.70
10577.48 337.82 0.06790 27.93 13.87
11338.16 350.91 0.03772 29.37 6.58
12209.28 368.51 0.01382 25.83 4.06
13220.11 384.83 0.00577 25.04 2.05
14410.44 402.78 0.00531 19.38 -1.13
15855.14 424.67 0.00510 15.38 -1.00
30975.76 877.71 0.00608 -12.40 0.11
