825.00 307.79 9.66548
0.00 307.79 9.66548 -1.19 0.88
184.96 307.79 9.66548 -2.14 1.94
447.79 307.72 9.42384 -2.21 2.67
716.51 308.64 8.15696 -0.67 3.85
992.34 309.66 7.59721 2.63 4.11
1566.48 311.10 7.53166 9.45 3.18
2174.11 313.67 5.72686 11.06 0.38
2820.64 315.76 3.85406 6.83 -2.42
3510.13 317.66 2.16051 6.99 -0.90
4250.00 319.70 1.31864 7.15 0.98
5049.95 322.24 1.09914 5.99 3.31
5924.13 325.42 0.81202 6.61 4.55
6890.99 329.66 0.78292 6.81 5.94
7975.83 333.91 0.58072 4.68 11.13
9210.78 335.97 0.16013 3.26 21.71
9904.27 343.99 0.03779 13.06 16.41
10681.30 358.74 0.01971 24.48 16.74
11563.90 368.47 0.00698 27.10 15.27
12562.24 377.32 0.00664 25.99 9.32
13726.98 393.86 0.00752 16.01 5.51
15137.08 415.99 0.00677 12.97 -2.42
30104.38 871.49 0.00616 -11.46 -0.54
