875.00 300.71 10.12134
0.00 300.71 10.12134 -3.00 -1.35
148.58 300.71 10.12134 -5.27 -2.07
394.55 300.80 10.06109 -7.55 -2.46
645.90 301.11 9.29374 -9.76 -1.77
903.17 301.81 9.26307 -9.37 0.32
1166.95 303.12 9.04397 -7.16 1.20
1438.15 304.68 8.49063 -4.40 1.42
2003.92 306.77 6.79956 0.50 0.84
2602.30 309.12 5.21313 3.79 0.84
3240.14 312.15 4.36301 7.12 1.12
3923.03 314.89 3.33529 9.32 1.87
4657.73 317.70 2.37585 10.31 2.84
5454.03 320.85 1.57174 11.79 3.25
6324.39 323.98 0.87152 14.06 3.63
7285.49 327.24 0.55314 14.68 5.34
8361.57 330.84 0.28752 15.56 9.16
9587.04 334.34 0.13846 20.25 17.64
10272.88 337.14 0.06390 19.49 17.57
11028.91 348.70 0.02927 27.19 13.81
11897.90 368.42 0.01497 32.30 10.37
12906.69 382.98 0.00647 31.35 5.22
14090.39 400.30 0.00616 23.69 -0.36
15519.04 419.79 0.00565 18.02 -0.83
30588.94 870.87 0.00616 -12.81 -1.10
