875.00 302.37 10.59062
0.00 302.37 10.59062 -0.31 -1.22
235.39 302.37 10.59062 -3.40 -0.89
483.19 303.21 9.79271 -5.21 1.38
736.94 304.45 9.23903 -6.48 3.88
996.98 305.11 9.07471 -6.71 5.68
1263.21 305.19 8.79584 -5.84 6.99
1535.89 305.85 8.58431 -3.42 8.15
2103.70 307.91 7.17336 0.86 5.92
2704.45 310.11 4.98471 1.34 5.44
3344.38 313.18 3.93377 3.37 3.99
4029.16 315.74 2.99811 6.37 1.72
4765.61 318.41 2.14250 9.03 0.45
5563.29 321.44 1.49979 12.07 0.39
6435.94 325.17 0.96125 15.81 1.28
7401.71 329.16 0.66671 18.21 2.78
8483.47 332.46 0.53365 17.38 4.88
9716.38 335.92 0.22222 24.99 14.48
10403.08 336.75 0.11134 29.08 17.40
11157.75 347.17 0.03072 32.10 9.26
12022.50 367.12 0.01529 37.62 10.12
13027.88 382.22 0.00710 32.26 4.91
14208.87 398.74 0.00647 24.02 -0.13
15634.16 418.11 0.00610 16.66 -3.55
30677.10 874.24 0.00615 -12.08 -0.86
