900.00 304.70 9.13012
0.00 304.70 9.13012 -4.00 0.25
74.59 304.70 9.13012 -5.57 0.69
318.56 304.57 9.18938 -6.69 1.44
567.65 304.79 9.00540 -7.44 2.52
822.15 304.91 8.94066 -7.43 3.83
1082.30 304.93 8.99704 -6.97 4.86
1348.35 305.11 8.60504 -5.38 6.43
1620.87 305.89 7.96072 -2.05 7.20
2188.93 308.68 6.28100 0.91 5.05
2791.57 310.63 5.03936 1.21 4.82
3431.43 313.05 2.80690 3.03 3.58
4115.57 315.55 2.45719 5.83 2.11
4850.93 317.83 2.06323 8.18 0.48
5646.87 320.60 1.48327 11.18 -0.56
6516.72 323.96 1.11476 15.23 -0.46
7478.58 327.89 0.86657 19.84 1.12
8558.99 332.76 0.53121 20.09 4.81
9793.59 336.19 0.22525 30.89 15.41
10480.90 337.26 0.10937 33.90 15.93
11238.42 349.31 0.02786 35.71 8.40
12107.97 368.38 0.01442 38.42 9.35
13116.30 383.12 0.00682 30.77 3.49
14297.14 397.56 0.00653 22.24 -0.61
15716.57 416.46 0.00623 18.31 -3.36
30759.87 874.70 0.00614 -12.05 -1.18
