925.00 298.78 10.16737
0.00 298.78 10.16737 -3.81 -2.12
129.96 298.78 10.16737 -5.51 -2.93
364.75 298.83 10.14849 -6.34 -2.93
604.29 298.80 10.16454 -7.04 -2.20
849.02 300.19 7.87904 -7.16 0.61
1099.83 300.97 6.52069 -6.39 1.68
1356.46 301.75 5.29488 -5.27 1.91
1619.48 302.64 4.82053 -4.14 1.61
1889.25 303.11 4.95965 -2.96 1.43
2450.66 304.89 5.63550 1.48 2.95
3046.11 307.96 5.11503 6.93 2.55
3680.74 310.45 3.15336 8.96 2.21
4359.00 312.93 2.09734 11.80 3.62
5089.67 316.43 2.05658 14.00 2.11
5883.09 319.98 1.76478 18.40 -0.15
6752.81 324.09 1.00926 21.03 -1.79
7713.76 326.80 0.58716 20.53 -0.96
8786.65 329.67 0.30184 24.88 5.08
10010.39 333.92 0.14812 30.40 13.86
10695.00 336.52 0.08327 31.18 14.16
11451.45 349.45 0.03933 35.33 8.77
12320.38 366.92 0.01543 32.90 2.62
13324.28 382.14 0.00604 30.79 1.00
14509.10 401.31 0.00540 23.11 -2.49
15946.92 422.97 0.00511 18.15 -3.42
31053.06 870.02 0.00616 -10.47 0.67
