900.00 305.73 8.73310
0.00 305.73 8.73310 -3.61 2.42
97.51 305.73 8.73310 -4.86 3.44
342.30 305.64 8.80887 -5.24 4.02
592.08 305.58 8.87381 -5.23 4.30
847.16 305.54 8.80508 -5.07 4.52
1107.82 305.54 8.75977 -4.76 5.11
1374.36 305.54 8.74081 -4.16 5.81
1647.21 306.17 8.12487 -1.68 6.30
2216.11 309.19 5.98381 1.10 3.91
2819.77 311.31 5.43334 2.21 2.26
3460.57 313.14 3.44868 2.74 1.05
4144.84 315.60 2.49645 5.55 0.28
4881.11 318.61 1.26403 8.38 -0.98
5678.97 321.48 0.75694 11.54 -1.03
6550.96 324.83 0.68029 15.97 0.04
7515.98 329.33 0.54646 20.24 1.73
8600.52 333.50 0.53844 21.85 7.16
9836.34 336.29 0.22946 30.69 17.84
10524.16 337.99 0.10926 33.49 18.08
11287.49 352.82 0.02470 37.90 9.04
12159.79 366.79 0.01157 40.66 6.64
13160.33 379.82 0.00856 32.31 3.50
14333.52 395.84 0.00655 22.46 -0.45
15748.51 416.42 0.00633 19.15 -4.26
30776.83 874.96 0.00613 -12.19 0.42
