925.00 297.79 9.13980
0.00 297.79 9.13980 -3.68 -1.08
160.98 297.79 9.13980 -5.90 -1.29
394.86 297.83 8.87898 -7.49 -0.65
633.51 298.37 8.19030 -7.57 1.38
877.71 299.33 7.94084 -5.66 2.58
1127.74 300.05 7.37354 -4.69 1.48
1383.68 300.97 5.55233 -3.91 0.75
1646.04 301.97 4.06667 -2.57 0.03
1915.04 302.44 3.94503 -1.12 -0.33
2474.83 304.27 4.35936 2.08 -0.03
3069.06 307.36 4.62915 7.25 -0.36
3702.49 310.05 3.83969 11.64 0.54
4380.46 312.38 2.94938 12.33 2.65
5109.70 315.78 2.11658 12.26 2.41
5901.55 319.43 1.91504 17.16 -0.58
6769.54 323.20 1.35679 21.64 -3.95
7728.14 326.16 0.70521 22.56 -3.92
8798.76 329.00 0.30503 28.02 0.64
10020.97 333.62 0.11242 33.13 8.02
10705.48 336.85 0.06831 35.87 9.75
11463.41 350.62 0.03719 36.60 4.11
12333.72 366.87 0.01339 33.03 0.98
13338.64 382.83 0.00576 30.03 -1.31
14523.86 401.29 0.00537 22.47 -2.71
15962.45 423.22 0.00511 18.44 -2.91
31082.40 871.73 0.00615 -9.99 0.80
