945.080017 298.589172 13.977262
185.3 298.052645 13.393193 -10.452214 -4.013988
420.5 299.535569 12.507110 -13.736535 -1.033248
908.2 301.389204 11.752171 -12.091645 6.046192
2525.1 308.396815 5.888055 -2.943136 13.906578
3769.2 312.234278 2.435943 -8.542081 20.544155
5177.1 314.176588 1.916798 -6.996461 27.754667
6831.6 324.457128 1.270741 8.899544 31.277668
8886.0 332.774838 0.348638 15.482943 29.266150
10132.7 344.347228 0.026069 14.842209 33.313904
11620.5 352.246353 0.012079 -2.065091 17.901320
16074.8 418.967211 0.003270 -0.246704 7.663083
20508.8 518.096452 0.002941 -3.673137 0.149548
