924.260010 302.716064 13.485723
230.7 301.816182 12.745765 -7.437833 5.012324
720.5 302.306047 12.126026 -7.097660 9.257254
2342.1 310.302725 4.811402 6.143003 16.561871
3590.9 313.451307 3.354850 8.670876 20.145794
5009.0 316.491926 1.652846 6.767405 20.298265
6665.7 322.576492 0.432592 14.790154 27.870275
8722.8 336.751875 0.057530 18.719498 29.513866
9971.6 341.024329 0.039612 12.812874 23.810509
11441.2 349.522858 0.013760 7.618092 15.723577
15876.4 418.061695 0.002675 0.323106 5.872282
20308.6 517.795651 0.003104 -2.300210 -0.573521
