969.280029 296.580200 14.515951
175.0 299.052723 14.353554 -7.443663 5.788452
406.3 299.758215 14.228818 -8.023356 8.895768
642.8 300.364125 14.081048 -7.111732 11.521461
1131.7 302.213148 12.499477 -3.276048 14.242013
2750.9 308.419591 5.497253 4.917509 16.428871
3994.3 313.188648 3.565104 6.609290 21.977316
5413.9 317.623665 1.122738 6.369158 19.353407
7078.1 324.237763 0.188444 11.629000 19.324747
9130.6 334.111925 0.078518 14.768995 25.342710
10367.6 337.522212 0.065355 13.673455 22.660246
11824.2 347.999843 0.016412 9.894921 16.779236
16279.5 425.256885 0.002965 3.747625 4.447045
20707.4 517.872827 0.002915 -2.114243 -3.145462
