936.619995 301.263611 13.756159
108.7 301.433111 12.519937 -3.684903 9.421118
346.0 301.442081 12.211153 -4.559121 10.791348
834.8 301.489232 11.866704 -5.381535 12.226891
2451.2 309.170641 4.700959 -2.977766 14.872363
3694.4 313.138680 1.543863 -1.626306 23.084129
5107.4 315.364837 1.383415 1.437937 24.012712
6758.8 321.226714 0.260352 10.846864 27.215994
8799.1 335.615711 0.311472 13.982670 37.741314
10053.4 344.505995 0.014726 11.350554 34.735062
11537.0 353.145058 0.011620 6.841287 23.707212
16002.2 418.750974 0.003229 -2.198611 5.497118
20423.3 518.838615 0.003166 -3.567907 -0.152054
