933.640015 302.658813 14.400184
81.4 302.659124 14.090595 -6.698748 6.093159
319.9 302.635491 13.870047 -7.855909 7.735555
811.5 303.465208 12.145018 -6.534945 11.783349
2431.5 307.502658 6.268800 1.311123 16.357147
3675.0 312.271427 4.094325 4.545086 21.954609
5089.4 317.654170 1.175250 10.810526 24.525858
6753.6 322.392395 0.448775 7.503393 29.701630
8798.5 335.212295 0.353700 21.170002 32.828201
10045.3 340.702216 0.114705 16.736568 28.570330
11519.0 352.077473 0.011028 5.368012 16.759108
15971.9 417.820358 0.002196 1.860957 5.111417
20402.2 518.759465 0.003117 -2.956755 0.038011
