936.210022 296.083984 12.588996
103.3 297.203963 11.839700 -3.091107 0.840539
338.0 299.128478 12.142588 -5.253542 4.628220
825.8 302.312313 11.239010 -5.826650 10.403086
2445.4 309.578572 4.082238 3.507840 18.492836
3691.8 313.162022 3.338183 4.572731 23.306860
5108.5 316.254842 1.462069 5.452503 21.493746
6761.8 322.012604 0.304979 12.152156 26.243162
8811.9 336.280035 0.061688 16.048162 31.718290
10063.3 341.843853 0.031533 13.542142 28.000212
11533.6 349.335176 0.013867 8.265029 19.538132
15986.4 418.550174 0.003325 0.983562 5.827951
20421.1 517.843881 0.003034 -3.150999 0.414488
