945.580017 293.271454 8.963618
187.3 296.190613 7.975217 -2.305776 7.751489
421.3 299.454145 8.733759 2.964114 9.304749
908.8 302.238275 7.471536 7.933338 7.867346
2516.6 305.103831 3.662022 6.088414 16.407688
3742.5 309.961952 0.344571 5.521843 20.970125
5147.1 315.406279 0.252960 3.575943 27.075478
6808.8 324.610000 0.122764 -5.563365 28.553520
8855.5 334.796761 0.031787 7.510345 31.625942
10103.8 342.034432 0.026351 10.706393 32.208004
11583.7 354.795216 0.010222 7.032188 20.285717
16067.3 422.494057 0.002865 0.809819 5.147300
20501.3 518.411798 0.003178 -2.614900 -0.446565
