974.030029 290.882690 11.183473
35.0 290.035120 10.666525 5.042938 -2.199904
211.8 292.718567 11.583738 7.986733 2.960637
438.9 295.436264 12.272784 9.115408 10.047502
671.9 296.869534 11.927790 9.403081 13.946489
1155.4 299.384807 10.886004 9.501522 17.798071
2763.8 307.693141 7.694170 2.452380 18.290218
4005.9 313.873263 5.556925 -3.588920 18.912830
5438.0 321.828533 3.834152 -2.519035 22.966433
7130.0 327.451286 1.775778 4.313105 24.329727
9178.7 332.828217 0.387613 11.990871 16.173580
10411.8 336.328605 0.151242 16.471178 11.967618
11873.2 349.477230 0.014686 6.821333 16.398634
16329.7 422.213980 0.002901 2.618944 2.219489
20759.2 518.214855 0.002823 -3.562080 0.114738
