941.659973 294.808990 12.530541
151.8 294.857256 11.826736 -7.714239 3.077149
385.0 297.623868 12.505614 -7.448581 4.977197
871.3 301.426382 11.722907 -6.213850 9.342289
2486.5 307.425174 4.390597 -2.389556 16.261265
3725.5 312.649700 1.494937 -0.462921 25.355776
5137.2 315.411450 0.791690 0.429380 25.415785
6793.6 323.526197 0.190658 -2.657992 19.781467
8833.8 333.373624 0.044131 2.958696 26.323706
10079.0 341.943621 0.024291 6.371651 31.752064
11553.3 350.878733 0.014579 4.593023 28.048498
16039.4 419.059863 0.003533 -1.741071 7.541961
20473.1 519.156726 0.002979 -3.566061 0.240170
