993.525635 302.390259 16.744783
166.4 300.220744 16.075583 7.996185 5.534149
394.6 300.843826 15.099021 10.433411 7.580139
627.6 301.744131 14.393302 11.438065 8.978729
865.7 302.711852 13.902160 11.993729 10.068344
1109.2 303.454745 13.591262 12.382019 11.167786
1358.2 304.196158 13.119670 12.601257 12.417938
1613.1 305.017992 12.618533 12.505203 13.700043
1874.3 305.977186 11.884250 12.639908 14.961441
2142.0 306.850849 10.857623 13.272186 16.119385
2416.4 307.346970 9.381576 14.543030 16.953445
2985.5 307.939988 6.541056 18.639481 16.538483
3587.1 311.421762 4.652033 22.968216 13.960220
4231.2 316.158866 3.832171 25.536392 12.178940
4924.4 320.213628 3.563220 25.030945 12.757828
5673.3 324.464546 2.525602 23.712799 13.645538
6488.6 329.130978 0.998058 24.106049 12.716995
7382.3 333.219503 0.985540 24.156967 13.632324
8372.7 337.438139 0.869729 26.029160 13.623489
9480.8 340.066502 0.478774 28.209839 14.668854
10738.6 342.180728 0.207880 27.330032 15.773010
11438.6 342.993662 0.117242 26.147781 16.321243
12199.5 344.909901 0.054611 26.958481 16.984131
13036.8 346.624602 0.029005 30.358719 15.811600
13973.6 354.548455 0.016851 21.544342 13.935013
15081.6 387.723722 0.006036 21.892258 14.578522
16489.6 415.179259 0.002608 12.805450 4.920242
31521.3 868.601914 0.003309 -10.067368 -1.451385
