968.655640 302.865814 16.442177
173.7 306.060343 13.329478 1.357239 10.466858
410.0 306.041930 13.185950 2.207596 12.228729
650.9 306.057149 13.124915 3.005447 13.541000
896.7 306.112840 12.931796 3.987488 14.626770
1147.5 306.278940 12.526484 5.497742 15.734344
1403.8 306.596555 11.913291 7.493484 16.727386
1666.0 307.088815 10.623969 10.790298 17.400894
1934.5 308.199480 8.391183 15.071014 16.111572
2209.9 309.189636 7.248683 17.076233 14.951492
2782.9 310.638984 5.377335 18.184402 14.505280
3388.0 312.093279 4.560004 17.897903 13.175064
4031.0 314.816404 3.615925 19.171158 13.223862
4721.7 319.705063 2.263362 22.870789 12.634781
5469.1 323.731233 2.240811 23.806549 12.561554
6282.3 328.329862 1.587429 22.074799 12.043167
7174.5 332.316109 0.876702 23.469467 11.085449
8160.8 335.832627 0.417807 25.796738 12.266068
9263.8 338.779910 0.289172 26.168823 11.657135
10519.8 342.169118 0.091934 19.693314 13.230042
11220.4 343.681598 0.042900 20.167313 12.289993
11984.0 346.467427 0.028560 22.495590 9.202881
12824.9 348.432307 0.031681 28.179031 8.284256
13766.2 353.594669 0.016159 18.425201 10.954544
14870.9 387.467218 0.005551 21.148117 11.461334
16274.5 413.897155 0.002647 11.428497 4.187820
31310.5 871.419451 0.003315 -8.170883 -1.425995
