963.165649 303.346191 16.139629
122.4 306.224845 12.982818 1.117004 9.976624
358.7 306.139789 12.500735 2.111893 12.986542
599.7 306.375173 12.187453 3.218338 14.640610
845.6 306.561267 11.977645 4.219910 15.626770
1096.7 306.606293 11.846992 5.589539 16.466766
1353.1 306.765760 11.570922 7.263016 17.147308
1615.3 307.130449 10.727920 10.161392 17.723160
1883.9 308.390641 8.573573 14.944061 16.453369
2159.6 309.643411 7.047219 17.533264 14.937820
2733.1 311.023937 5.028290 18.561356 14.024811
3338.8 312.413575 4.184971 17.849075 12.499283
3982.5 315.345253 3.320763 18.639908 12.798080
4673.8 319.830177 2.268846 21.679382 12.244156
5421.2 323.688377 2.230916 22.736237 11.725616
6234.2 328.290603 1.500883 21.295502 11.490433
7126.3 332.356711 0.794210 23.358139 10.569824
8112.8 335.899853 0.383355 25.726425 11.912552
9215.8 338.620119 0.267625 25.737183 11.387604
10470.9 342.051574 0.099995 19.804642 12.648010
11171.5 343.681598 0.051878 20.009109 11.625931
11935.4 346.773673 0.027234 22.108871 7.773193
12777.1 348.597812 0.029906 26.964188 6.569412
13718.3 353.493917 0.016146 17.190826 9.112747
14821.5 387.072733 0.005691 20.939133 11.889069
16223.2 413.418252 0.002625 11.729279 3.456375
31250.9 870.673204 0.003314 -8.377914 -1.397675
