937.375610 305.520660 13.274429
116.1 302.746685 14.482471 7.789627 5.654510
354.7 303.164735 13.706180 10.425369 8.242172
598.6 304.043178 13.655158 11.327332 10.171692
848.3 305.125021 13.085814 11.857117 11.900360
1103.9 305.958939 12.207023 12.591141 13.725433
1365.9 306.976403 11.695899 13.046158 14.943863
1634.4 307.739433 10.707419 13.996796 15.513916
1909.6 308.396590 9.567304 15.328186 15.074539
2481.8 310.052904 6.670279 17.528152 12.649811
3087.0 312.537276 5.106698 19.968216 10.921158
3732.5 316.341929 4.476378 21.440689 10.155502
4426.2 320.302830 4.226977 20.726257 10.927750
5175.1 324.271694 3.170524 18.835846 11.260773
5990.0 328.771518 1.139321 19.981049 8.258011
6882.5 332.672645 0.962891 20.623764 9.136230
7870.9 336.549703 0.936963 23.685410 9.195755
8976.9 339.642230 0.501663 27.563354 8.942291
10233.5 342.068988 0.202381 24.847610 10.132385
10933.7 343.051987 0.099949 21.276688 11.622025
11694.2 344.650056 0.044006 21.657700 13.902100
12531.3 346.833493 0.030256 25.270828 12.499100
13467.8 354.508154 0.017308 21.858795 10.845169
14575.4 386.027259 0.007040 21.671555 15.002350
15978.8 413.118466 0.002546 13.065216 3.183914
30979.3 869.763147 0.003307 -10.692368 -3.166229
