969.325623 300.076721 16.761009
176.1 299.676452 16.109915 0.865051 7.148499
408.2 300.451996 15.704604 1.852127 11.816620
645.5 301.759791 15.238734 3.681229 14.230453
888.6 302.811527 14.533492 6.673035 16.693176
1137.2 303.727634 13.568374 10.808289 17.968719
1391.8 304.528947 12.606135 14.155594 18.596527
1652.4 305.402636 11.533298 16.327408 19.174332
1919.5 306.298373 10.178130 17.696014 19.541260
2193.3 307.086155 8.282704 18.697327 19.144852
2762.3 308.350893 5.448384 19.578934 16.278717
3364.1 311.558717 4.472266 20.628372 13.825455
4008.0 315.831160 3.987620 23.038345 13.009018
4700.2 319.634396 3.575380 24.251648 13.697281
5447.6 323.718138 2.666030 23.972565 15.647491
6260.7 328.088178 1.344718 23.826752 16.152542
7151.3 331.806046 0.883736 25.469467 16.876465
8137.5 336.311117 0.837364 28.310410 19.594193
9243.4 339.618812 0.572562 30.118042 21.977448
10499.7 341.948541 0.261822 31.281204 22.905823
11200.0 343.464749 0.137172 30.264969 22.868118
11961.8 345.375458 0.067538 28.395981 22.113037
12799.1 346.338583 0.027464 32.620438 21.647537
13737.6 355.240285 0.017949 22.196686 20.018997
14857.8 392.241726 0.003902 21.017258 13.258209
16272.2 416.293559 0.002667 12.172638 5.771805
31325.7 869.981560 0.003315 -9.508774 -0.782440
