983.795654 301.746490 17.091753
79.6 303.346790 16.587706 -1.106354 5.297821
310.3 303.144881 16.168566 -1.217957 9.064514
544.8 303.567501 15.759440 0.410721 12.250214
784.3 304.265745 14.654132 3.396072 15.507797
1029.0 304.832491 13.556930 6.444519 17.300598
1279.0 305.517845 12.055846 9.788757 17.812469
1534.8 306.266398 10.435573 12.995438 16.610199
1796.5 306.951422 9.566344 15.405533 14.672379
2064.6 307.598688 8.956712 16.949921 13.926025
2339.5 308.324495 7.913632 17.722717 14.428055
2911.2 310.115621 5.647940 18.371902 14.968170
3515.7 311.708924 4.880200 18.056107 13.921158
4158.2 314.848045 3.799746 20.061783 13.594955
4849.1 319.548670 2.600486 24.153992 13.337906
5596.1 323.751471 2.335463 24.706940 13.454132
6409.6 328.353171 1.566090 23.426361 12.718948
7301.6 332.195572 0.961579 23.947983 12.312012
8287.5 335.605905 0.558950 25.865097 13.205521
9390.4 338.952099 0.335902 26.793823 12.883698
10646.6 342.151704 0.110247 21.093704 14.909729
11347.3 343.659166 0.054046 22.118484 14.262650
12110.3 346.038991 0.055684 24.001450 13.241943
12950.5 348.265194 0.033572 28.550125 11.934647
13891.5 353.589631 0.016355 20.358795 14.567825
15000.9 388.141204 0.005322 20.652023 10.812897
16407.8 415.264105 0.002681 10.733185 5.444656
31458.1 872.100173 0.003315 -7.979477 -1.472870
