988.495605 304.089111 16.361589
123.3 305.449839 13.308021 2.729584 9.710907
354.8 305.319090 13.188334 3.402161 11.884827
590.5 305.183169 13.198348 3.701736 12.851776
830.8 305.215793 13.071033 4.257401 14.341782
1075.9 305.370197 12.745830 5.153503 16.091614
1326.1 305.413501 12.585135 6.257507 17.115204
1581.8 305.851638 12.118808 8.979813 17.215668
1843.5 306.741170 11.169471 12.811783 15.670425
2111.7 307.464245 10.280650 15.475311 14.855713
2386.6 308.061560 9.014173 17.410217 14.955399
2957.8 309.689578 6.081862 17.832840 15.030670
3562.0 311.890057 4.929553 17.003372 14.018814
4204.9 314.958786 3.945658 19.550064 13.639877
4896.2 319.591533 3.190334 23.337585 12.806656
5643.8 323.884800 2.783451 24.437408 12.743195
6457.4 328.212087 1.766004 23.264252 12.236526
7348.6 331.827616 1.116671 23.582748 12.048340
8333.8 335.474089 0.831761 26.197128 13.064896
9437.0 339.140817 0.555009 27.213745 13.129791
10693.6 342.195239 0.166529 24.078079 14.452698
11394.2 343.659166 0.082522 24.909500 14.118118
12157.1 345.839467 0.058985 27.239731 13.613037
12997.1 348.356785 0.033907 31.054031 12.143631
13939.8 354.660961 0.017684 19.352936 14.063919
15049.3 387.327468 0.005606 20.644211 12.672272
16454.6 414.881359 0.002649 11.612091 5.057938
31497.7 869.857793 0.003312 -8.413071 -1.426971
