983.205627 304.410431 16.343716
75.0 306.799410 12.086364 3.219818 9.649384
307.3 306.474572 11.855098 4.414856 13.390686
543.8 306.367461 11.820289 4.785721 14.603729
784.8 306.389263 11.801692 5.071854 15.437485
1030.6 306.299515 11.824580 5.440613 16.054504
1281.4 306.201194 11.847945 6.058289 16.789032
1537.5 306.326239 11.685840 7.895828 17.237152
1799.5 307.109632 10.596313 12.122330 16.006363
2068.0 308.039829 9.714168 14.979218 14.418213
2343.4 308.663766 8.759780 16.607483 14.008133
2915.2 309.847452 6.089730 17.196121 14.218170
3519.7 312.031429 4.881869 16.589310 13.532486
4162.9 315.008507 3.949950 19.139908 13.059799
4854.0 319.586899 3.184135 22.804382 12.076187
5601.8 323.943132 2.831016 23.769440 12.032257
6415.5 328.194911 1.897730 22.342377 11.810745
7306.9 331.891057 1.140989 23.057358 11.397949
8292.2 335.496498 0.774481 25.826035 12.268021
9395.1 338.914906 0.537515 26.735229 11.875885
10651.3 342.225714 0.138813 23.603470 13.241760
11352.1 343.825168 0.061258 24.548172 12.762650
12115.5 346.073019 0.045633 26.560043 11.710693
12955.8 348.480512 0.035077 30.620438 10.508865
13898.6 354.590435 0.017590 18.690826 12.337357
15005.8 386.421744 0.005959 20.714523 12.832428
16408.9 414.228994 0.002616 11.709747 4.539383
31444.7 869.555654 0.003311 -8.479477 -1.556854
