979.545654 307.035645 13.641767
40.3 306.779737 11.879416 1.130951 9.641571
273.6 306.175296 11.710139 1.973450 15.033264
509.9 305.972031 11.676761 1.904861 15.597870
750.6 306.061175 11.657687 2.396072 16.472641
996.1 306.021531 11.656734 3.274597 16.988098
1246.8 306.080482 11.550399 5.245789 17.341766
1502.9 306.864807 10.753623 9.759109 16.457855
1765.4 308.150483 9.519137 13.624283 14.275894
2034.8 309.272923 8.311551 15.490936 12.342041
2311.0 310.031452 7.181687 16.769592 11.029617
2885.3 311.484583 5.393071 17.317215 10.438873
3492.5 313.365627 4.521857 19.251419 10.718033
4138.9 316.705794 3.562042 21.386002 10.499252
4833.0 320.642259 3.171499 22.665710 10.023453
5582.5 324.541925 2.715860 20.628815 9.282257
6397.5 328.767838 1.587786 19.160736 8.623245
7289.8 332.109292 0.921525 20.321030 9.106934
8275.4 335.417409 0.553944 23.413925 10.312943
9376.6 338.142124 0.407100 25.577026 7.297760
10629.7 341.620577 0.148335 23.724564 9.026917
11329.3 343.044509 0.076651 22.391922 11.539993
12091.7 346.275636 0.026810 24.735825 10.945068
12933.1 348.425879 0.024471 26.063797 7.651443
13875.3 354.927954 0.018131 17.306061 7.892044
14981.9 384.780120 0.007044 19.429367 13.248444
16378.0 412.398225 0.002412 12.475372 2.624344
31376.8 868.270653 0.003305 -10.006821 -3.257050
