952.195618 303.479034 14.953487
21.3 306.062325 12.415381 0.181458 5.359436
257.2 306.235651 12.057754 1.018143 11.449432
498.1 306.147726 11.980983 1.913651 13.624985
743.8 306.260963 11.867496 3.274597 15.630676
994.7 306.397605 11.733027 4.831726 16.857391
1251.0 306.695602 11.333457 7.005203 17.920746
1513.1 307.234534 10.293521 10.298111 18.100113
1781.7 308.472568 7.983726 14.184296 16.492432
2057.6 309.974200 6.314797 16.992249 15.090164
2631.9 311.659759 4.469914 18.627762 13.511139
3238.7 313.149151 3.558169 18.218216 11.575455
3883.3 315.566736 3.044197 17.618423 11.663315
4574.9 319.935597 2.152974 19.896179 11.470718
5322.8 324.057414 1.828823 21.140533 10.239288
6136.5 328.615712 1.150884 20.609955 10.125198
7028.8 332.357979 0.581779 23.465561 9.536621
8015.4 336.000033 0.310935 25.490097 11.228958
9118.4 338.398341 0.195205 24.938354 11.270416
10371.5 341.639443 0.117087 21.767532 12.015198
11071.7 343.717491 0.067018 20.559891 11.438431
11836.1 347.143334 0.026564 21.644028 7.792725
12679.3 349.237338 0.025246 22.499344 3.756912
13620.0 352.946498 0.015815 15.181061 5.366653
14722.0 385.843284 0.006214 19.798508 12.564850
16119.6 412.814909 0.002591 12.049591 2.150711
31127.9 868.347098 0.003309 -8.973618 -1.782440
