968.995605 304.784546 13.909276
177.2 307.370418 11.204692 3.425598 12.072327
414.3 307.158320 11.097404 4.197830 13.832245
655.7 307.035376 11.046382 4.589432 14.828110
902.0 306.981286 10.985347 5.180847 15.661926
1153.2 306.931600 10.957690 6.290710 16.427704
1409.8 306.994806 10.821811 8.292313 16.909027
1672.2 307.696672 9.574927 12.690689 16.313004
1941.2 309.035547 7.897180 16.303436 14.359619
2217.2 309.827890 7.209821 17.082092 13.455399
2790.9 310.859575 5.312485 16.992996 12.591217
3396.4 312.437874 4.418383 16.729935 12.204361
4040.6 315.580296 3.471920 18.911392 11.925034
4732.2 319.775729 2.782876 22.071960 10.906265
5480.2 323.918133 2.720390 22.095612 10.524445
6293.8 328.294284 1.904168 20.479095 10.986526
7185.7 332.078841 1.009025 22.303452 10.571777
8171.2 335.499134 0.537135 25.163925 11.416458
9273.1 338.363903 0.405997 26.151245 9.672760
10527.7 342.009490 0.117608 22.953079 11.866760
11228.3 343.895457 0.053115 23.399734 11.528275
11992.7 346.851008 0.028080 23.935043 8.855225
12834.5 348.755283 0.029161 27.886063 7.555740
13777.3 354.335196 0.017249 16.503326 8.856888
14881.6 384.932253 0.006661 19.950851 13.019928
16280.1 413.178800 0.002524 12.096466 3.377274
31298.8 868.547310 0.003308 -8.909164 -1.987518
