986.815613 300.578552 16.586325
106.5 300.559120 16.587229 2.024506 4.917938
334.9 300.990491 15.911075 3.022278 8.957092
568.0 301.558399 15.560122 3.691971 11.386932
806.1 302.609199 15.147658 4.880447 13.624985
1049.7 303.412135 14.315578 7.110535 15.283020
1298.8 304.228893 13.271781 10.259460 16.226532
1553.8 304.991167 12.355319 12.645828 16.873871
1814.7 305.696156 11.273898 14.362564 17.678238
2081.9 306.310977 9.818118 15.910858 18.334229
2355.6 306.848666 7.884068 17.339905 18.299149
2923.5 307.712909 5.314393 19.315262 16.356842
3525.2 311.925400 4.441271 21.017044 14.243423
4169.9 316.161126 3.968308 23.243423 13.165268
4862.9 320.051443 3.487403 24.304382 13.423843
5611.0 323.984797 2.577458 23.970612 14.739288
6424.6 328.191231 1.517930 23.990814 15.289261
7315.9 332.147357 1.091160 25.479233 15.972168
8303.2 336.551021 0.940182 27.925644 17.945755
9409.3 339.621567 0.577510 29.293823 19.871979
10665.7 342.037062 0.263908 29.910110 20.487854
11366.3 343.657670 0.145331 28.970047 20.317337
12128.6 345.643037 0.070477 27.183090 19.320068
12966.4 346.778860 0.028843 30.639969 18.786209
13904.6 354.635773 0.017916 21.874420 18.354935
15020.0 390.564722 0.004398 21.337570 13.861725
16432.1 415.869333 0.002654 12.270294 5.382156
31478.6 869.319039 0.003313 -9.616196 -0.981659
