982.485596 304.480042 13.779290
67.9 306.520053 12.503119 1.552826 10.731415
300.8 306.088090 12.232276 2.125793 14.287170
537.0 306.007979 12.157889 2.098221 15.336151
777.7 305.984688 12.074920 2.821854 16.373032
1023.3 306.045880 11.944743 4.260925 16.950989
1274.1 306.193010 11.723968 6.618835 16.867157
1530.3 306.858617 11.346332 10.247391 16.018402
1792.8 307.794512 10.556258 13.520767 14.625504
2061.9 308.791870 9.122174 16.233124 12.953369
2337.9 309.528907 7.955832 17.767639 11.709305
2911.1 310.634659 5.751414 18.289871 10.983795
3516.8 312.711782 4.811059 19.706497 10.839127
4162.4 316.518211 3.708908 21.733658 10.354721
4856.2 320.521779 3.306682 22.630554 10.226578
5605.6 324.614542 2.905283 21.015533 9.901398
6420.9 328.706497 1.832165 19.945892 9.683792
7313.1 332.075034 1.063742 20.815170 9.929199
8298.6 335.427954 0.686087 23.925644 10.383255
9400.3 338.366658 0.488490 25.955933 7.930573
10654.3 341.841155 0.161597 24.386673 9.530823
11354.2 343.149195 0.073984 23.389969 11.411087
12116.7 346.150354 0.029630 25.071762 11.073975
12957.3 348.180031 0.027544 27.723953 8.420975
13899.5 355.047177 0.018220 17.921295 8.591263
15006.4 385.163991 0.006761 19.782883 13.363678
16404.5 412.890327 0.002443 12.432404 3.361649
31412.9 867.950313 0.003306 -9.674789 -2.782440
