948.695618 299.969849 15.763795
219.4 299.485390 15.417548 0.188065 12.480682
456.0 301.047255 15.169116 2.194901 14.759750
698.6 302.363100 14.560672 5.831238 17.947083
946.9 303.383914 13.749095 10.591492 19.841766
1201.2 304.246250 12.823573 14.825516 20.369965
1461.6 305.290224 11.844195 17.688736 20.564957
1728.8 306.544151 10.707896 18.953827 20.572510
2002.9 307.325766 9.121699 19.517639 20.043289
2572.7 308.779099 6.057305 19.752762 16.864655
3174.8 311.141227 4.604111 20.628372 14.362564
3818.1 315.668438 3.968546 23.182877 13.194565
4509.8 319.402704 3.639991 24.196960 13.927750
5256.9 323.610998 2.747927 23.777252 16.135773
6069.9 328.133570 0.989952 23.596283 16.394730
6960.2 331.628413 0.593938 25.254623 17.206543
7945.7 336.133166 0.689663 28.288925 20.426224
9051.3 339.595395 0.564069 30.627808 23.184479
10307.6 341.867276 0.249007 32.421829 24.452698
11007.4 343.066942 0.141404 32.034500 24.504837
11768.4 344.920728 0.065791 31.001450 24.390381
12605.0 346.103983 0.027008 34.335281 23.932693
13544.1 355.804497 0.018089 22.313873 21.376419
14668.6 393.234131 0.003755 20.679367 12.697662
16084.6 416.853536 0.002674 12.028107 6.078445
31145.2 870.822453 0.003318 -9.356430 -0.627167
