942.625610 298.583740 14.261316
163.0 298.596673 14.722320 1.127518 12.779510
398.8 300.165643 14.434310 4.880447 17.568344
640.4 301.561614 13.986083 9.604675 19.716614
888.0 302.588037 13.178321 13.911804 20.621063
1141.6 303.748952 12.300960 17.110672 20.705902
1401.6 305.061237 11.519946 18.307877 20.230972
1668.7 306.563057 10.559838 18.610077 20.556885
1943.0 307.758336 9.213014 18.877014 20.746414
2513.4 308.642851 6.886525 19.532059 18.128326
3115.0 310.595620 4.945050 21.686966 15.032486
3757.5 315.449214 3.444025 24.827408 12.635971
4448.4 319.128148 2.837236 25.698914 14.136734
5194.5 323.383624 1.950894 24.765533 18.028351
6006.2 327.403610 0.434913 23.576752 19.648636
6894.6 331.511682 0.261106 26.694077 23.386230
7880.8 336.689428 0.405528 28.189316 27.295364
8988.0 339.987984 0.247598 32.393433 27.176666
10244.4 341.745378 0.134223 35.519485 27.862854
10943.7 342.749893 0.093177 35.591141 28.512650
11703.7 344.226260 0.059641 34.849106 28.874756
12539.2 346.092736 0.029273 34.083328 28.942459
13480.5 357.293948 0.016668 21.313873 24.829544
14611.6 394.468887 0.003770 21.980148 13.367584
16030.8 417.372034 0.002673 12.157013 6.358719
31100.3 872.081972 0.003322 -9.471664 -0.595917
