987.675598 302.020844 16.707859
114.9 303.388104 16.254873 -0.281158 6.559540
345.2 303.261816 16.056509 0.206848 8.646545
579.8 303.559512 15.909167 1.484940 11.261932
819.3 304.217437 14.849158 3.894119 14.687485
1064.0 304.783793 13.615581 6.376160 17.017395
1313.9 305.247779 12.400123 9.042664 17.585907
1569.4 305.899098 11.206141 12.177078 16.524261
1831.0 306.557980 10.417975 15.007095 14.912613
2098.9 307.199561 9.531062 17.078827 14.566650
2373.5 308.006428 8.212371 18.246155 15.012039
2944.8 309.988024 5.682988 18.284012 15.100983
3549.3 311.735432 4.875193 17.642044 14.118423
4191.9 314.974607 3.779480 20.007095 13.893784
4883.0 319.549829 2.837951 23.950867 13.394547
5630.2 323.741947 2.514754 24.843658 13.321320
6443.6 328.236623 1.593389 23.699799 12.623245
7335.1 331.962110 0.999369 23.918686 12.431152
8320.4 335.512316 0.693478 26.050644 13.365677
9423.6 339.125665 0.439763 27.235229 13.371979
10680.3 342.192337 0.149258 22.732376 15.194885
11380.8 343.612805 0.077657 23.639969 14.789993
12143.7 345.940003 0.062468 25.940903 14.327881
12983.9 348.319827 0.032847 29.636063 12.786209
13925.7 354.068203 0.017054 19.968170 15.145950
15035.9 387.879393 0.005356 20.513351 11.805084
16442.9 415.477160 0.002677 11.143341 5.475906
31493.5 871.073629 0.003314 -8.116196 -1.387909
