960.285645 299.792419 16.310503
93.7 298.958983 16.047449 -0.369324 6.656311
325.1 299.808924 15.617343 0.328690 11.734589
562.0 301.329049 15.159579 2.097244 14.447250
804.8 302.703986 14.283629 5.565613 18.232239
1053.4 303.553728 13.454410 10.132507 19.810516
1307.7 304.332917 12.672893 14.438797 20.012543
1568.3 305.402636 11.796988 17.727798 20.143082
1835.5 306.531547 10.552924 19.520233 19.945557
2109.6 307.249430 8.781238 20.181702 19.041336
2679.5 309.079708 5.862040 19.748856 16.222076
3282.3 311.417345 4.651556 19.798294 14.544205
3925.7 315.555436 4.030058 22.108658 13.891830
4617.4 319.449042 3.662402 23.575867 14.226578
5364.6 323.633617 2.764139 23.699127 15.514679
6177.7 328.164241 1.119055 23.625580 15.183792
7068.1 331.554822 0.657357 24.735092 15.284668
8052.7 335.571633 0.727572 27.701035 17.967239
9156.9 339.417696 0.583172 30.244995 20.754791
10413.3 341.954346 0.253492 30.759720 22.073792
11113.1 342.956274 0.139683 31.077469 22.247025
11873.9 344.967129 0.066756 31.401840 22.421631
12711.1 346.594072 0.027978 34.841141 21.631912
13651.7 355.767554 0.018595 21.665436 20.466263
14775.0 392.377939 0.003927 19.757492 12.422272
16189.6 416.847880 0.002676 11.848419 6.045242
31250.2 870.778770 0.003317 -9.088852 -0.687714
