946.575623 299.996948 15.366418
199.8 299.699082 15.565368 3.492752 10.597870
436.4 300.767474 14.834376 6.942947 13.902328
678.6 301.857859 14.037581 10.555847 15.663879
926.4 302.941987 12.998076 14.003601 16.976532
1180.3 304.023395 12.067309 16.557938 17.844574
1440.6 305.094544 11.137523 17.430923 18.600113
1707.5 306.289970 10.005038 17.469452 19.343994
1981.6 307.463594 8.474154 17.668030 19.580399
2551.3 308.385495 5.630536 19.155106 17.054108
3152.3 310.831976 4.259596 21.780716 13.856705
3795.6 315.856021 3.303120 24.813736 12.251205
4487.5 319.623970 2.770002 25.743835 13.431656
5234.3 323.538381 1.938377 24.945221 16.856476
6046.4 327.739760 0.868835 24.514252 19.043167
6936.7 332.276776 0.603713 27.074936 21.073730
7925.3 337.323460 0.620880 28.720566 23.334427
9033.7 340.178080 0.341326 32.426636 22.579010
10290.9 342.106718 0.183844 33.996048 24.003479
10991.2 343.343612 0.127107 31.862625 24.899368
11752.3 344.715017 0.064845 30.206528 25.288818
12588.2 345.835640 0.026295 31.667313 25.456131
13525.9 355.750762 0.016677 22.102936 22.374466
14647.9 392.841414 0.004278 22.923508 14.605865
16064.7 416.559407 0.002665 12.211700 5.599930
31118.9 870.658643 0.003317 -10.041977 -0.787323
