953.225647 300.494446 15.860777
29.7 299.087810 15.575381 4.087708 6.156311
261.0 299.922759 14.929267 7.828690 10.761932
497.6 300.850000 14.059516 11.290604 13.166000
739.7 301.890325 13.165446 14.307800 14.681458
987.5 303.003366 12.486430 16.468445 15.640594
1241.5 304.153394 11.744014 17.565750 16.639496
1501.8 305.225691 10.898150 17.514908 17.729019
1768.8 306.458024 9.842437 17.404999 18.611572
2043.0 307.573857 8.512540 17.816467 18.758133
2612.7 308.413610 5.964083 19.401199 16.675201
3214.4 311.448270 4.282485 22.565872 14.104752
3858.6 316.215367 2.896139 25.753189 12.522690
4551.0 319.914744 2.361829 26.853210 13.062515
5298.3 323.794326 1.520667 25.560455 16.741241
6111.0 328.171602 0.622191 24.652924 18.646683
7002.6 332.798257 0.461020 26.766342 20.329590
7992.0 337.415731 0.463523 27.995956 21.338333
9100.6 340.456337 0.234366 31.959839 18.473541
10358.3 341.809229 0.134313 33.314407 20.605042
11057.8 342.814200 0.114098 32.032547 22.571243
11817.8 344.397944 0.064778 30.831528 24.331787
12653.4 345.782614 0.025747 31.075516 24.559647
13590.6 355.843118 0.015612 22.220123 21.261185
14710.1 391.259936 0.005289 23.573898 16.047272
16125.2 416.533010 0.002661 12.438263 5.355789
31173.0 870.600399 0.003316 -10.409164 -0.957245
