986.135620 305.955811 14.764258
101.2 303.740251 14.948817 4.059662 6.120087
331.5 304.074419 14.281245 5.175598 8.328186
566.7 304.376334 13.954612 5.598221 10.217010
806.7 304.847448 13.665648 6.179276 11.857407
1051.7 305.244394 13.444873 6.883972 12.933411
1302.1 305.544442 13.292285 7.845398 13.574188
1558.0 305.944495 13.137809 9.305984 14.020355
1819.9 306.603778 12.557067 11.511002 14.332535
2088.3 307.554574 11.293214 14.279999 14.203369
2363.5 308.371144 9.681983 16.498108 13.662430
2934.7 309.062407 6.609959 18.938309 12.600983
3537.7 311.633820 5.089055 21.278763 11.362564
4182.1 316.070724 4.142592 23.290298 10.315659
4875.6 320.496293 3.717239 23.445007 10.746109
5625.4 324.900248 2.884064 22.193268 10.834991
6441.5 329.076998 1.604356 21.848236 9.998245
7334.7 332.580022 1.081981 22.082748 10.321777
8322.2 336.185893 0.933685 24.517441 10.090286
9426.7 339.124287 0.582039 26.219604 9.512604
10682.1 341.916615 0.210458 24.939407 10.362854
11382.0 342.995157 0.098631 24.165359 11.747025
12143.5 345.506927 0.039043 25.358871 12.874756
12982.4 347.466591 0.030059 28.386063 11.094803
13922.2 354.837277 0.017701 19.985748 10.026810
15029.1 386.280225 0.006154 20.827805 13.582428
16431.5 413.725580 0.002501 12.539825 4.089188
31448.0 867.932112 0.003306 -9.770493 -2.338104
