960.205627 298.922241 14.514894
92.4 297.916472 15.392753 -1.888855 5.578186
323.2 298.978122 14.937850 -0.841232 11.943573
559.4 300.719167 14.473411 2.085526 15.658188
801.8 302.555863 13.720008 5.921082 19.482239
1050.2 303.482120 12.783977 10.507507 20.357391
1304.4 304.223552 12.119285 14.739578 20.211761
1564.8 305.242345 11.556663 18.194595 20.006363
1832.0 306.510540 10.517161 19.875702 19.144775
2106.1 307.325766 8.841319 20.091858 17.793289
2676.2 309.198654 6.071372 19.524246 15.852936
3279.2 311.355494 4.812966 19.276810 15.335220
3922.6 315.555436 4.191229 20.995377 14.966049
4614.3 319.491905 3.790672 22.474304 14.959000
5361.4 323.396719 2.931628 22.769440 15.465851
6173.7 327.858762 1.346983 23.473236 15.226761
7063.8 331.504069 0.633635 24.670639 14.966309
8047.9 335.251321 0.676670 27.077988 16.738724
9150.5 338.998934 0.594407 29.606323 19.024323
10406.2 341.861471 0.240066 29.919876 21.226135
11105.8 342.663153 0.138916 31.573563 21.825150
11865.9 344.600562 0.066868 33.806137 22.593506
12702.8 346.926690 0.028638 36.690750 21.436600
13645.5 356.222618 0.018829 21.247467 21.052200
14771.5 392.498230 0.003996 18.679367 11.822662
16186.5 417.324898 0.002678 11.278107 6.089188
31253.1 871.958204 0.003319 -8.803696 -0.717010
