992.895630 302.454834 16.165092
161.9 302.963166 15.600654 1.610443 8.471649
391.8 302.940739 15.435191 1.654114 9.603577
626.1 303.104169 15.341254 2.098221 11.531464
865.1 303.523016 14.685603 3.273026 14.720688
1109.2 304.124342 13.770553 5.335144 17.347473
1358.6 304.425305 13.236972 7.755554 17.664032
1613.7 305.032436 12.665263 11.163406 17.043793
1874.8 305.854365 11.826552 14.503189 16.490738
2142.3 306.546252 10.407966 17.221405 16.642822
2416.4 307.279116 8.610768 18.873108 16.762039
2986.2 309.179190 5.636734 18.657059 15.468170
3589.8 311.837043 4.734526 18.015091 14.333267
4233.3 315.489895 4.004309 20.727798 13.856674
4925.3 319.738658 3.416354 23.491882 13.503922
5673.0 323.941941 2.713595 24.349518 13.592804
6486.6 328.153199 1.699724 23.775970 13.113480
7377.5 331.657595 1.140155 24.252670 13.286621
8362.3 335.475407 0.926771 26.947128 14.883255
9465.8 339.244130 0.592917 28.276245 16.075104
10722.0 342.005136 0.248053 26.624954 16.851135
11422.1 343.331648 0.133991 26.993484 16.594681
12184.1 345.576529 0.073562 28.253403 16.281006
13023.4 348.049877 0.032404 31.706375 15.006912
13966.0 355.100912 0.018139 20.061920 16.556107
15080.5 389.082307 0.004873 20.193039 12.877350
16489.3 415.652507 0.002663 11.871857 5.473953
31537.9 869.562934 0.003313 -8.791977 -1.163300
