937.795654 307.293793 13.666139
120.8 304.370342 13.709041 6.775955 5.131073
360.5 304.620000 13.186427 8.872635 7.576157
605.3 305.177434 12.996646 9.674988 9.378723
855.6 305.796095 12.677642 10.015320 10.697235
1111.6 306.311794 12.097350 10.598953 12.159027
1373.9 307.486420 11.484183 10.975845 13.213394
1642.8 308.151165 10.559600 12.508514 14.459229
1918.3 308.786751 9.293361 14.419983 14.476883
2490.9 310.258357 6.398005 17.633621 12.001373
3096.5 312.828855 4.976044 19.438919 10.825455
3742.6 316.556632 4.428217 21.831314 10.559799
4436.6 320.517145 4.155452 21.644226 11.044937
5186.0 324.274075 3.208909 19.804596 10.948273
6001.0 328.924871 1.460709 20.127533 8.074417
6894.2 332.698021 1.003422 20.367905 8.378418
7882.2 336.359889 0.875630 23.322128 8.557083
8987.2 339.374993 0.528544 26.330933 7.774323
10243.2 341.977564 0.199908 23.455032 8.690979
10943.1 342.954778 0.093974 20.768875 10.629837
11703.6 344.753685 0.042061 22.401840 12.956787
12541.3 347.066486 0.030126 25.505203 10.934647
13479.1 354.771788 0.018053 21.028717 9.835403
14585.8 385.707072 0.007004 21.218430 14.410553
15987.6 412.963859 0.002486 12.979279 3.097977
30987.6 869.311758 0.003306 -10.530258 -3.291229
