969.775635 298.569031 14.524446
179.1 297.761879 15.269252 -3.150574 7.054749
409.7 299.267704 14.849158 -0.456467 12.252167
646.3 301.278729 14.123889 3.288651 16.999985
889.1 303.073278 13.169738 7.245300 19.802551
1137.8 303.784921 12.178870 10.853210 19.312469
1392.1 304.425773 11.595717 14.448563 18.842621
1652.5 305.275652 11.183299 17.755142 18.439957
1919.7 306.397104 10.160249 19.260468 17.396729
2193.6 307.183696 8.469386 19.220764 16.513992
2763.6 309.350040 5.863947 18.826981 15.684967
3366.8 311.452688 4.844676 18.526810 15.479752
4010.2 315.426614 4.201481 20.239517 15.223862
4701.7 319.445567 3.743703 22.185242 15.105484
5448.5 323.282436 2.907071 22.794830 15.159210
6260.6 327.758162 1.538672 23.547455 14.910355
7150.6 331.498994 0.767507 24.649155 14.556152
8134.7 335.180141 0.724472 26.558456 15.779739
9237.0 338.912151 0.557155 28.975464 17.356354
10492.7 341.832448 0.222915 28.115189 19.620667
11192.2 342.646702 0.131517 30.188797 19.993118
11952.6 344.874327 0.068298 33.169418 20.706787
12790.4 347.601566 0.029331 35.958328 19.208084
13734.1 355.777630 0.018605 20.741608 20.253372
14857.7 391.512902 0.004327 18.382492 11.600006
16271.2 417.257022 0.002679 10.957794 6.034500
31338.2 872.274904 0.003319 -8.600571 -0.880096
