976.845642 306.880676 14.218315
17.5 305.774444 12.975665 1.223724 6.996063
248.7 305.606474 12.728187 1.883606 11.535217
484.7 305.664475 12.684318 2.531815 13.250214
725.4 305.926316 12.633773 3.190994 14.351547
971.0 305.944426 12.663337 3.727722 14.827942
1221.6 305.879979 12.759658 5.009460 15.406219
1477.7 306.299413 12.602798 7.907547 15.444183
1739.9 307.303230 11.450805 11.292252 14.438004
2008.8 308.516682 9.647410 14.164764 12.927979
2284.7 309.505582 8.096976 16.658264 11.314774
2858.5 311.190462 5.899710 18.203934 10.024811
3465.6 313.403179 5.055676 20.349075 10.235611
4112.2 316.633473 4.305432 22.612564 10.411362
4806.6 320.811395 3.744180 23.290710 10.501968
5556.7 324.652636 3.135953 20.921783 9.770538
6372.2 329.005842 1.708664 19.555267 8.154495
7265.2 332.371936 0.993885 19.936264 8.675293
8251.6 335.628313 0.684955 23.074081 9.560989
9353.6 338.469971 0.478566 25.434448 6.934479
10607.5 341.697489 0.173443 23.427689 8.007385
11307.1 342.848597 0.083148 21.669266 10.911087
12068.4 345.590449 0.030814 24.604965 11.898193
12908.2 347.826525 0.025704 26.171219 8.612381
13849.2 355.109308 0.018301 19.011139 8.436966
14956.2 385.300204 0.007060 20.034836 13.562897
16354.2 412.564144 0.002408 12.604279 2.840164
31353.3 868.601914 0.003305 -10.159164 -3.358612
