985.835632 303.513367 16.221214
97.2 299.538089 16.110392 5.628021 5.233368
324.8 300.302751 14.826270 11.198059 8.937561
557.3 301.560396 13.857814 15.732986 11.343964
795.3 302.731980 13.142558 18.108963 13.208969
1038.7 303.539967 12.942763 17.977722 14.788879
1287.7 304.147055 12.603732 16.882507 16.240204
1542.5 304.854977 11.858455 16.141922 17.315277
1803.4 305.929306 10.844268 16.430923 17.463394
2070.9 306.899165 9.587567 17.156952 16.687744
2345.3 307.951297 8.138700 17.929749 15.375320
2916.8 310.446508 5.792899 20.479324 12.306061
3523.2 313.352374 4.246960 23.251419 9.868423
4169.4 316.400690 4.261563 24.792252 9.212143
4862.2 319.593850 3.859813 23.571960 12.349625
5610.2 324.743110 1.503501 21.095612 14.229523
6424.6 328.263613 0.273504 23.035736 11.158401
7315.7 332.333872 0.664629 23.004623 14.015137
8303.7 337.050602 0.443675 28.316269 13.721146
9411.5 340.012779 0.231296 31.209839 11.895416
10668.6 342.161862 0.175023 29.498001 15.440979
11369.1 343.165646 0.114254 25.487625 17.829056
12129.7 344.473732 0.051709 24.433090 19.218506
12965.5 346.067026 0.026434 28.063797 18.573318
13900.8 354.865824 0.015036 23.493561 15.212357
15013.7 387.752026 0.007069 22.767258 15.881256
16420.5 413.831165 0.002633 13.203888 4.426102
31437.6 869.602977 0.003310 -10.770493 -2.205292
