971.205627 299.678223 16.362951
192.6 298.976820 16.174765 -1.125183 7.574280
424.2 300.054569 15.597316 0.592361 11.633026
661.3 301.707458 14.881583 3.026932 15.603500
904.4 303.069220 13.748141 6.774597 18.927551
1153.1 303.795151 12.940379 10.882507 19.164032
1407.6 304.464979 12.347213 14.731766 18.907074
1668.1 305.415126 11.602439 18.028580 18.941910
1935.4 306.399205 10.277312 19.824921 18.562744
2209.3 307.270634 8.443398 20.218811 17.732742
2779.5 309.404107 5.707068 19.342606 15.679108
3382.8 311.613940 4.709492 18.956497 14.733658
4026.3 315.546396 4.016230 21.204361 14.378159
4718.1 319.561413 3.599698 23.136414 14.500015
5465.4 323.649092 2.749357 23.611237 15.028351
6278.5 328.095539 1.254119 23.680267 14.406448
7168.9 331.531983 0.727572 24.522202 14.206543
8153.0 335.253957 0.749864 27.035019 16.141068
9256.1 339.200050 0.574559 29.705933 18.379791
10512.4 341.997881 0.246027 28.830032 19.800354
11212.3 342.894958 0.136338 29.645828 19.946243
11973.0 345.004250 0.068294 31.353012 20.292725
12810.8 347.196640 0.029077 34.593094 19.260818
13753.0 355.619785 0.018687 20.882233 19.733841
14874.5 391.344848 0.004232 19.230148 12.238678
16287.6 416.845995 0.002679 11.592560 5.987625
31348.6 870.957142 0.003317 -8.797836 -0.800018
