974.405640 303.731445 16.354036
225.7 306.793668 12.464496 3.347473 11.591858
462.4 306.710965 12.359115 3.967361 12.820526
703.7 306.628788 12.315246 4.388260 13.701157
949.7 306.593732 12.291881 4.991394 14.521301
1200.8 306.594017 12.243243 5.759460 15.406219
1457.3 306.660522 12.019149 7.030594 16.444183
1719.4 307.147102 11.116065 10.864517 16.756363
1988.0 308.134359 9.209912 14.762421 15.334229
2263.4 308.962748 7.972760 16.558655 14.410477
2835.9 310.267007 5.711598 17.360184 14.270905
3440.7 312.013758 4.710684 16.979935 13.346939
4083.6 314.721483 3.727267 19.089127 13.186752
4774.3 319.570681 2.638395 23.038757 12.240250
5521.7 323.801469 2.520714 24.085846 12.198273
6335.0 328.239077 1.714863 22.287689 11.898636
7226.8 332.109292 0.992097 23.262436 11.263184
8212.7 335.663903 0.582315 25.827988 12.275833
9315.6 338.887356 0.406951 26.493042 11.551666
10572.1 342.293919 0.113302 21.363235 13.218323
11273.1 343.904430 0.053189 22.253250 12.383743
12036.9 346.377719 0.037784 24.280746 10.257568
12877.6 348.406597 0.032592 29.489578 9.428787
13819.5 354.048053 0.016796 18.409576 11.610794
14924.9 386.593336 0.005802 20.970383 12.281647
16327.8 414.068731 0.002634 11.574982 4.364578
31364.2 870.462071 0.003313 -8.249008 -1.506073
