951.865601 304.461884 14.666546
17.2 307.412039 11.949988 1.215637 5.623108
254.4 307.172299 11.583301 2.565018 11.834198
495.9 307.087710 11.503669 3.319901 13.246078
742.3 307.038100 11.440249 3.872253 14.261536
993.6 306.935691 11.357280 4.587585 15.388641
1250.3 306.932902 11.064044 6.157547 16.862152
1512.6 307.328210 10.099925 9.999283 17.617691
1781.3 308.781366 7.769148 14.885468 15.939697
2057.3 310.126872 6.418748 17.093811 14.490555
2631.7 311.517023 4.609389 17.957840 12.878326
3238.2 312.981272 3.695975 17.636185 11.608658
3882.8 315.623237 3.002951 18.059830 11.844955
4574.3 319.830177 2.197320 21.177429 11.169937
5322.0 323.907419 2.066527 21.667877 10.090851
6135.6 328.497937 1.386203 20.391205 10.304886
7027.7 332.279313 0.683941 22.944077 9.895996
8013.9 335.785174 0.329234 25.419785 11.309036
9116.2 338.267477 0.234962 25.594604 10.137604
10369.7 341.791815 0.113421 22.296829 11.882385
11070.2 343.926863 0.062100 21.864578 11.563431
11835.1 347.336672 0.024306 22.216293 7.581787
12678.3 349.078260 0.025589 24.102859 5.057693
13619.6 353.433466 0.016308 15.071686 6.370560
14722.4 385.049007 0.006473 19.679367 12.754303
16119.1 412.777200 0.002537 12.166779 2.430008
31127.7 868.117764 0.003308 -9.114243 -2.074432
