961.205627 303.834900 14.775810
103.6 307.451678 11.908980 2.151184 9.029358
340.8 307.148334 11.676284 3.039627 12.508026
582.3 307.031351 11.611434 3.665604 13.619125
828.6 307.005635 11.546107 4.247253 14.648254
1079.9 306.841578 11.455985 5.105164 15.878876
1336.5 306.854490 11.138431 6.983719 17.192230
1598.7 307.419805 9.992160 11.262955 17.516129
1867.5 308.854890 8.028310 15.807343 15.717041
2143.5 309.980561 6.822152 17.457092 14.359695
2717.4 311.158022 4.931969 17.813309 13.106842
3323.3 312.592499 4.054318 17.212357 12.036392
3967.4 315.519275 3.256390 18.499283 12.237534
4658.8 319.762986 2.407844 21.798523 11.365250
5406.4 323.826468 2.308402 22.308502 10.614288
6219.8 328.328635 1.616635 20.645111 10.931839
7111.8 332.262819 0.836767 22.893295 10.417480
8098.0 335.741675 0.421800 25.494003 11.625443
9200.3 338.424513 0.310183 25.852417 10.329010
10455.0 342.006588 0.111767 21.468704 12.175354
11155.8 343.952287 0.054843 21.878250 11.364212
11920.4 347.086107 0.026310 22.638168 7.601318
12762.7 348.776172 0.028466 26.575516 6.368240
13704.4 353.705496 0.016498 16.059967 8.081497
14807.3 385.480641 0.006307 20.255539 12.656647
16206.0 413.120351 0.002565 12.024200 3.060867
31225.0 869.053302 0.003310 -8.741196 -1.750214
