963.775635 299.973328 15.942749
126.0 299.343483 16.036005 3.720520 6.093811
357.7 300.198362 15.264007 6.797440 10.066620
594.6 301.107640 14.541598 9.767166 12.216782
837.0 302.269762 13.462993 12.788269 13.839661
1085.2 303.367546 12.543174 15.353210 15.261688
1339.3 304.365932 11.719218 16.667313 16.459808
1599.8 305.365165 10.916747 16.630142 17.553238
1867.0 306.462225 9.845775 16.461639 18.564697
2141.1 307.414824 8.279366 16.855530 18.996414
2710.2 308.087048 5.756182 19.192215 17.145905
3311.3 311.315734 4.362355 22.462357 14.386002
3955.4 316.179206 3.358671 25.354752 12.608627
4648.0 319.963400 2.811010 26.060242 13.066422
5395.6 323.803850 1.993332 24.917877 16.006866
6208.5 328.232943 0.977673 24.449799 17.724808
7100.4 332.791913 0.705160 26.332748 18.921387
8090.2 337.580500 0.680603 27.882675 20.412552
9198.9 340.280016 0.351876 31.010620 20.008698
10456.8 342.206849 0.186526 32.216751 21.562073
11157.3 343.343612 0.128232 29.979813 22.762650
11918.4 344.789259 0.066238 28.729965 23.093506
12754.5 345.956153 0.027259 30.759109 22.749100
13690.9 355.042140 0.017103 22.208405 20.110794
14807.5 391.114879 0.005139 23.056320 15.293365
16221.8 416.269048 0.002655 12.377716 5.339188
31268.5 870.061645 0.003315 -10.229477 -0.932831
