938.685608 298.985046 14.142705
126.7 298.588684 14.537784 5.527908 11.031464
362.3 299.640298 14.011832 9.187088 15.246078
603.3 300.762156 13.349505 12.452332 17.644348
850.2 301.961975 12.670489 14.736023 18.040985
1103.4 303.594191 12.000552 14.876297 17.385590
1363.4 304.946743 11.341132 15.825455 18.104019
1630.2 306.231151 10.445636 17.488983 19.015869
1904.2 307.366054 9.300036 18.607483 19.379227
2474.3 308.597436 7.155461 19.545731 17.599030
3076.2 310.580157 5.320082 20.882278 15.196548
3718.2 315.196090 2.664158 24.214127 13.444565
4408.1 318.785243 1.628692 26.421570 15.050797
5152.6 322.762212 0.874434 26.779205 19.565460
5961.8 326.295788 0.285306 25.033783 23.259964
6848.0 330.983856 0.131168 28.459702 26.966309
7832.1 335.870854 0.191428 28.947128 30.695755
8938.1 340.268996 0.101715 34.942261 25.887604
10196.5 342.137193 0.065320 39.142532 27.995667
10895.9 342.263850 0.050105 38.454422 29.797806
11654.1 343.344642 0.052495 38.257309 31.882568
12489.0 346.872057 0.029754 35.276688 31.612381
13434.7 359.723751 0.015990 20.167389 27.282669
14572.5 394.953590 0.004122 22.708664 14.432037
15994.0 417.445567 0.002675 11.965607 6.199539
31066.5 872.365910 0.003325 -9.682602 -0.846893
