951.765625 306.408356 14.743865
16.6 307.717261 11.175605 1.588684 5.757874
253.8 307.487844 10.864707 3.576736 12.021698
495.6 307.413785 10.798427 4.101151 13.306625
742.1 307.372899 10.747882 4.596863 14.216614
993.6 307.289642 10.694953 5.243835 14.996063
1250.4 307.306392 10.609141 6.598953 15.655121
1513.0 307.744551 9.926833 9.540298 15.900894
1781.9 309.022943 7.524054 14.408905 14.820557
2058.1 310.304989 6.371541 16.097717 13.670242
2632.7 311.681385 4.700465 17.051590 12.198639
3239.7 313.261807 3.787766 17.354935 11.341080
3885.0 316.036824 3.045628 18.448502 11.313705
4577.1 319.950657 2.381856 20.956726 10.466812
5325.0 324.022892 2.084646 21.226471 9.358429
6138.8 328.559278 1.376070 20.024017 9.433792
7030.8 332.104217 0.715412 22.151108 9.276855
8016.4 335.588769 0.350155 24.908066 10.838333
9117.9 337.998863 0.250906 25.600464 9.098541
10370.4 341.632187 0.117161 23.601517 11.085510
11070.6 343.736932 0.069156 22.532547 12.036087
11835.1 347.288724 0.024381 23.075668 8.784912
12678.7 349.259834 0.023475 23.313797 5.340897
13620.5 353.903642 0.016988 14.704498 6.015091
14724.9 384.277726 0.006891 19.003586 12.857819
16119.4 412.398225 0.002478 12.309357 2.073563
31117.6 867.586290 0.003304 -9.717758 -2.798065
