987.675598 302.949921 17.512093
113.7 299.148563 15.723678 7.081146 6.685516
341.1 299.973746 14.663192 11.841614 10.103577
573.3 301.270814 13.738128 16.098221 12.201385
811.0 302.371687 12.968989 18.761307 13.855453
1054.1 303.249808 12.605163 19.137878 15.288879
1302.8 303.809472 12.282344 18.196960 16.599579
1557.2 304.609423 11.549464 17.411453 17.453949
1818.0 305.950123 10.554828 17.427017 17.641129
2085.5 306.880259 9.419721 17.985077 16.902588
2359.9 307.891924 8.110566 18.687561 15.627274
2931.0 310.243218 5.772156 20.678543 12.684967
3537.3 313.518044 3.912936 23.421341 10.514908
4183.5 316.346449 3.792832 25.397720 9.604721
4875.9 319.522026 3.263051 25.064148 12.609390
5623.4 324.587162 1.157317 22.122955 15.772491
6437.4 328.181416 0.237026 24.066986 12.906448
7328.3 332.246324 0.527419 23.871811 15.612793
8316.2 337.227235 0.332155 29.349472 15.430130
9424.7 340.242823 0.176638 31.834839 12.539948
10682.0 342.000783 0.151628 30.927689 16.382385
11382.2 343.143213 0.114336 27.764969 19.122025
12142.8 344.469092 0.054988 26.476059 20.757568
12978.6 345.989897 0.025885 29.233719 20.108475
13914.6 355.278907 0.014944 23.249420 16.444778
15029.0 388.095210 0.007048 22.962570 16.187897
16436.8 414.406226 0.002640 13.336700 5.012039
31462.3 869.770427 0.003311 -10.739243 -1.777557
