992.335632 303.952087 15.771020
156.5 301.845737 16.157598 6.474701 7.348602
385.7 302.415520 15.235873 7.672668 9.613342
619.8 303.128134 14.649840 7.707596 10.939667
858.8 303.722285 14.247390 7.616776 12.033188
1103.0 304.128400 13.937446 7.862488 13.009583
1352.6 304.717876 13.463470 8.927429 13.740204
1608.0 305.484339 12.889377 10.311844 14.084808
1869.5 306.168702 12.117900 11.483658 14.670425
2137.4 306.800433 11.059087 13.227264 15.439697
2411.7 307.187937 9.536548 15.082092 16.082352
2980.3 307.648029 6.478829 18.801590 16.161530
3581.9 311.545463 4.768620 21.614700 14.292252
4226.2 316.115925 4.032919 23.852798 12.551987
4919.6 320.397823 3.629024 24.167664 12.431656
5669.0 324.672873 2.696429 23.458893 12.745148
6484.5 328.939593 1.470484 23.664642 12.216995
7377.5 332.741161 1.106419 24.307358 12.710449
8366.1 336.788289 1.021900 26.167831 13.084427
9472.4 339.560957 0.610381 27.336792 13.985260
10728.9 342.000783 0.210934 27.312454 14.741760
11429.0 343.319684 0.106565 27.345047 15.098587
12191.0 345.599729 0.056627 28.153793 15.441162
13030.1 347.583891 0.031246 29.302078 14.028397
13968.9 354.264670 0.017465 20.917389 13.376419
15076.4 387.281474 0.005625 21.347336 13.820709
16483.3 415.032195 0.002603 12.487091 4.821609
31515.2 868.376220 0.003308 -9.678696 -1.501190
