944.175598 299.370819 14.230707
177.2 298.926197 14.846297 5.893143 11.531464
413.1 299.924105 14.144393 9.497635 15.267563
654.4 300.948831 13.392898 12.581238 17.257629
901.4 302.127697 12.726756 14.650085 17.539032
1154.8 303.767523 12.056342 15.524734 17.407074
1414.9 304.963397 11.260070 16.876236 18.102066
1681.7 306.157628 10.246079 18.024139 18.728760
1955.6 307.308802 9.038491 18.949280 18.717117
2525.4 308.420098 6.796641 19.823074 16.434967
3127.2 310.938005 4.812489 21.780716 13.852798
3770.0 315.591597 2.452204 25.073502 12.778549
4460.6 319.149000 1.661117 26.902039 14.609390
5205.9 323.108631 0.913653 26.677643 19.194366
6016.1 326.824549 0.379719 25.190033 22.810745
6904.1 331.655058 0.215568 28.549545 26.187012
7889.8 336.336162 0.258543 29.023300 28.832474
8996.8 340.361289 0.142187 35.301636 22.946198
10254.9 341.906457 0.071296 38.132767 25.437073
10953.9 342.207021 0.058673 37.386063 27.086868
11712.0 343.389496 0.058042 37.116684 29.406006
12546.6 346.242172 0.029411 34.462234 30.169022
13489.5 358.722947 0.015502 21.128326 26.247513
14623.0 394.132778 0.004490 23.251633 15.293365
16043.5 417.283418 0.002674 11.996857 5.701492
31108.3 871.994607 0.003323 -10.030258 -0.892792
