990.785645 302.797363 16.260534
143.4 303.191373 15.606853 0.792084 7.856415
373.3 303.125061 15.475722 1.166809 8.591858
607.8 303.395748 15.342685 2.063065 11.181854
847.1 303.881297 14.718505 3.778885 14.656235
1091.6 304.483489 13.404819 5.979675 17.312317
1341.2 304.775163 12.717219 8.214539 17.677704
1596.4 305.368784 12.062541 11.505203 16.815277
1857.8 306.131231 11.445560 14.762955 15.641129
2125.4 306.838245 10.290425 17.317108 15.562744
2399.8 307.667157 8.706613 18.816467 15.859695
2970.6 309.747969 5.793375 18.407059 15.263092
3574.8 311.781819 4.885445 17.493607 14.268814
4217.8 315.234511 3.894398 20.151627 13.981674
4909.3 319.613544 3.198440 23.634460 13.445328
5656.7 323.832421 2.702031 24.640533 13.323273
6470.2 328.183870 1.656570 23.707611 12.693558
7361.3 331.745143 1.071490 23.926498 12.661621
8346.1 335.404227 0.849344 26.382675 13.859818
9449.4 339.226223 0.552863 27.731323 14.454010
10706.0 342.106718 0.201517 24.593704 15.773010
11406.3 343.413901 0.109933 25.264969 15.528275
12168.6 345.697171 0.068976 27.608871 15.327881
13008.5 348.310186 0.032207 30.934891 13.708084
13951.2 354.697904 0.017854 19.729889 15.772903
15063.3 388.242036 0.005257 20.263351 12.473053
16470.9 415.582745 0.002670 11.555450 5.497391
31520.7 870.174492 0.003313 -8.403305 -1.278534
