990.985596 303.140198 17.440472
143.7 299.565631 15.859576 8.767670 4.687469
371.2 300.158068 14.675590 12.543762 6.183655
603.5 301.242855 13.831111 15.482986 8.101776
841.1 302.476353 13.274642 17.060135 9.591782
1084.5 303.511559 13.078185 17.005066 11.075989
1333.4 304.165469 12.847873 16.001648 12.539032
1588.2 305.009738 12.446395 14.794266 13.985199
1849.4 306.102088 11.738814 14.042252 15.357925
2117.3 307.195359 10.686677 14.158905 16.238525
2392.1 308.019151 9.197993 15.041077 16.404617
2962.9 309.317601 6.371302 18.364090 14.556061
3566.5 311.969579 4.465590 23.005325 11.598892
4211.0 316.061684 3.895590 25.587173 10.464096
4903.6 319.774570 3.771598 24.601257 12.324234
5651.8 324.456213 2.262507 22.992096 13.565460
6467.1 328.994800 0.584998 23.787689 11.336136
7360.3 333.243610 0.844874 22.942123 13.103027
8350.8 337.450003 0.716903 26.136581 12.447708
9458.8 340.032064 0.384063 29.213745 13.067291
10716.6 342.153155 0.196942 26.650345 14.866760
11416.3 342.530052 0.115439 24.288406 15.942337
12175.8 344.150472 0.045913 25.376450 17.503662
13011.6 346.242172 0.027802 30.722000 16.575272
13948.2 355.233569 0.016145 21.975983 13.768997
15057.9 387.454835 0.006683 22.118820 14.932037
16464.6 414.589114 0.002585 13.229279 4.831375
31488.8 868.674718 0.003308 -10.395493 -1.804901
