961.205627 307.428040 13.684734
103.3 304.262706 15.780898 3.239075 3.709045
338.2 304.661921 14.132949 6.332596 5.963104
578.3 305.080934 13.492557 7.396072 7.859360
823.5 305.688762 13.179751 7.956238 9.443176
1074.2 306.012966 12.932273 8.169617 10.712860
1330.4 306.241636 12.695304 8.548172 12.071136
1592.5 306.930605 12.169875 9.870377 13.129410
1861.1 307.693218 11.180203 12.350311 13.949463
2136.4 308.534419 9.835048 14.949280 13.789383
2708.6 309.778247 6.758017 18.209793 11.938873
3312.9 312.060145 4.972945 21.114700 10.702408
3957.8 316.280908 4.116843 23.637955 10.204330
4651.6 320.579702 3.898914 23.683289 11.111343
5401.5 324.721682 2.985630 21.865143 10.987335
6217.4 329.202134 1.260557 21.508392 8.896683
7110.8 332.731010 0.952639 21.334702 9.546387
8098.9 336.394161 0.849583 24.021347 9.324661
9203.9 339.260660 0.516832 26.491089 8.567291
10459.5 341.913713 0.208669 23.738235 9.319885
11159.1 342.709514 0.102773 22.057938 11.024368
11919.6 344.936195 0.036667 23.952621 13.054443
12757.5 347.088981 0.028912 27.296219 11.170975
13696.2 355.050536 0.017609 20.800201 9.946732
14803.4 386.025490 0.006825 20.982101 13.935944
16205.1 413.239134 0.002467 12.778107 3.681961
31212.8 868.328897 0.003306 -10.198227 -2.866425
