992.195618 303.379059 16.028921
155.6 303.490404 15.089961 3.472748 9.365204
385.8 303.654244 14.701339 3.750793 11.402405
620.4 303.779195 14.502498 3.695877 12.707245
859.9 304.167117 14.176341 3.849197 14.285141
1104.3 304.371889 13.863059 4.647644 15.728333
1354.0 304.760841 13.410541 6.568054 16.437469
1609.4 305.416244 12.857429 9.429031 16.162933
1870.8 306.093761 12.078799 12.073502 15.828629
2138.5 306.663889 10.834973 14.637421 16.144775
2412.6 307.007699 9.175820 16.755920 16.517899
2981.2 308.082723 6.035609 18.703934 16.077545
3583.8 311.962952 4.710684 19.362747 14.598892
4228.1 315.901222 4.068444 21.706314 13.391830
4921.0 320.140645 3.548200 23.564148 12.929703
5669.7 324.291932 2.735648 23.826080 13.108429
6483.9 328.313913 1.711883 23.733002 12.968948
7375.3 332.012863 1.191057 24.610092 13.337402
8361.6 336.034305 0.990309 27.101425 14.551224
9466.1 339.194540 0.632465 27.903198 15.614166
10721.7 341.942736 0.234627 27.871048 16.144104
11422.0 343.509614 0.122584 28.270828 15.993118
12184.4 345.729652 0.070008 28.919418 15.620850
13023.8 348.085227 0.033514 30.163406 14.506912
13965.0 354.679432 0.018278 20.497467 15.593216
15076.9 388.233191 0.005243 20.853195 13.420319
16484.7 415.315012 0.002638 12.092560 5.060867
31525.0 868.820328 0.003311 -9.237289 -1.288300
