951.265625 307.730255 13.981663
12.0 304.948463 13.397666 2.431458 5.449280
246.1 305.502708 13.085338 4.774002 8.060760
486.7 305.769317 12.830230 6.003494 9.898422
732.2 306.019502 12.629958 6.577332 11.062317
983.0 306.115264 12.554141 7.077820 12.031219
1239.2 306.289096 12.258521 7.934891 13.010590
1501.4 307.267841 11.438884 9.614517 13.447769
1770.2 308.207883 10.235112 12.539764 13.644775
2045.9 309.085734 8.834882 15.123108 12.894852
2619.1 310.690888 6.158394 18.168777 10.763092
3225.5 313.171241 4.975091 19.976028 10.335220
3872.0 316.606353 4.347870 22.614517 10.569565
4566.2 320.722193 3.966148 22.874695 10.960953
5316.1 324.478831 3.190193 20.820221 10.415070
6131.5 329.053688 1.661815 20.092377 8.004105
7024.9 332.613011 1.018561 20.121811 8.278809
8012.2 336.015851 0.800588 23.165878 8.771927
9115.8 338.910773 0.526220 25.563354 7.016510
10370.7 341.842606 0.190505 23.117142 7.823792
11070.3 342.859065 0.087909 20.985672 10.438431
11831.0 345.041371 0.037386 23.579575 12.421631
12669.5 347.341257 0.028580 25.841141 9.672928
13608.9 355.042140 0.018355 20.272858 9.028763
14715.7 385.577935 0.007042 20.689133 13.945709
16115.7 412.784742 0.002440 12.793732 2.995438
31115.2 868.929534 0.003306 -10.338852 -3.364471
