986.525635 302.284119 16.669277
103.1 298.938061 15.831443 6.803802 5.877899
330.2 299.587264 14.933558 10.883606 8.707092
562.1 300.461981 14.131042 14.199783 10.603729
799.2 301.681292 13.297053 17.276932 12.406235
1041.9 302.706015 12.867423 18.544128 13.718567
1290.2 303.457568 12.552234 18.439148 15.138641
1544.5 304.409265 12.016288 17.380203 16.205902
1805.2 305.783587 11.148967 16.565689 17.115738
2072.7 306.934876 9.975236 16.569061 17.574463
2347.1 307.773179 8.514447 17.210999 17.183914
2917.5 309.334902 6.193442 19.598465 14.829498
3522.0 312.672021 4.196177 23.532669 12.206314
4167.2 316.213107 3.335068 26.087173 10.926987
4859.5 319.656407 3.031547 25.810242 12.796890
5607.0 324.203839 1.614127 23.439362 15.930695
6421.0 328.545783 0.344076 24.293549 13.916214
7313.3 332.841397 0.603356 23.721420 16.079590
8302.8 337.493502 0.397303 27.913925 15.771927
9411.7 340.357156 0.206620 31.252808 14.172760
10669.5 342.095109 0.166589 30.374954 17.077698
11369.6 342.933841 0.117928 27.729813 19.196243
12129.6 344.155112 0.059503 27.233871 20.577881
12964.8 345.845281 0.026220 30.641922 19.985428
13900.9 355.438431 0.015511 22.669342 16.647903
15014.4 388.519768 0.006637 22.960617 15.980865
16423.8 415.309355 0.002632 13.227325 5.263992
31456.8 869.595696 0.003311 -10.586899 -1.402557
