989.065613 302.083679 16.393517
127.0 302.130996 15.825244 1.997162 7.155243
356.5 302.304530 15.459510 2.232239 10.115295
590.3 302.517016 15.371295 2.436111 11.736542
829.0 303.247261 14.863940 3.388260 14.460922
1073.0 303.838241 14.144870 5.368347 16.640442
1322.3 304.331191 13.514491 8.275085 17.175751
1577.3 305.015929 12.809745 11.389969 17.037933
1838.4 305.760688 11.826552 14.184830 17.244644
2105.8 306.350889 10.363620 16.563202 17.644775
2379.6 306.941965 8.473201 18.240295 17.586258
2948.2 308.333591 5.542082 19.006668 15.817780
3550.8 311.938654 4.610072 19.362747 14.274673
4195.0 315.804040 4.045794 21.825455 13.559799
4887.5 319.915903 3.516490 23.716492 13.517593
5635.5 323.995511 2.693568 24.091705 14.102570
6449.2 328.145838 1.646795 23.926361 14.017776
7340.1 331.789552 1.133002 24.891342 14.462402
8325.7 335.872172 0.946857 27.607285 16.353958
9430.2 339.350198 0.601173 28.801636 18.047760
10686.1 341.951443 0.265219 28.515579 18.554260
11386.4 343.470731 0.142269 28.423172 18.247025
12148.5 345.669330 0.073230 27.823715 17.542725
12987.2 347.474625 0.031208 31.362625 16.788162
13927.9 354.998481 0.018125 20.964264 17.481888
15043.7 389.968572 0.004558 20.550461 13.285553
16454.1 415.743008 0.002659 12.106232 5.423172
31501.4 869.286277 0.003313 -9.213852 -1.059784
