938.575623 299.024902 14.266996
125.6 298.612650 14.743300 3.348221 11.449432
361.4 300.014682 14.299842 7.073807 16.124985
602.8 301.224786 13.696643 11.126160 18.663879
850.0 302.293420 12.910338 14.566101 19.656219
1103.4 303.602445 12.135020 16.499344 19.307465
1363.4 305.011276 11.459388 16.973892 19.055191
1630.3 306.460124 10.552447 17.869843 19.771729
1904.6 307.616266 9.295268 18.591858 20.197586
2475.0 308.664478 7.047934 19.401199 18.091217
3076.7 310.502845 5.189667 21.270950 15.116470
3718.7 315.218691 3.070900 24.659439 12.848862
4409.0 318.897614 2.203519 26.212585 14.482437
5154.1 323.038395 1.374040 25.919830 18.803741
5964.5 326.807374 0.350394 24.381439 21.422073
6851.8 331.321360 0.194706 27.801498 25.685059
7837.4 336.485114 0.296750 28.410019 29.488724
8944.5 340.317209 0.152886 33.805542 26.696198
10202.3 341.862922 0.090831 37.181595 27.679260
10901.4 342.458267 0.067085 37.016922 29.262650
11660.4 343.847319 0.056441 36.804184 30.417725
12495.9 346.502482 0.029526 34.360672 30.319412
13439.3 358.371994 0.016311 20.526764 26.054153
14573.3 394.652862 0.003932 22.435226 13.975006
15993.5 417.341867 0.002674 12.121857 6.328445
31064.4 872.231221 0.003323 -9.586899 -0.705292
