989.185608 301.998749 16.910170
127.2 299.484972 16.043158 8.021576 5.748993
354.7 300.013385 15.037986 11.367004 7.585999
586.9 300.851419 14.233085 13.832596 9.142792
824.3 302.017432 13.522120 15.722244 10.572250
1067.3 302.919068 13.140174 16.516785 11.849426
1315.8 303.688761 12.786838 16.413757 13.296844
1570.3 304.607359 12.348643 15.407547 14.618011
1831.1 305.831466 11.631049 14.622330 15.883316
2098.8 306.953782 10.615390 14.543671 16.959229
2373.2 307.641712 9.189172 15.310608 17.388992
2943.2 308.718544 6.601376 18.793777 15.991608
3546.1 311.856923 4.565964 23.436966 13.114517
4190.5 316.138525 3.530094 26.186783 11.567612
4883.1 319.882307 3.280933 25.503601 12.896500
5631.1 324.225267 2.173577 23.703033 14.786163
6445.9 328.962903 0.644722 24.283783 13.265823
7339.3 333.255029 0.773348 23.692123 14.794434
8330.0 337.655635 0.668444 26.587753 14.477005
9438.7 340.274506 0.333637 29.754761 14.778229
10697.0 342.250384 0.185692 28.414017 16.651917
11397.1 342.799245 0.116952 26.050125 17.840775
12156.9 344.233994 0.053017 26.626450 18.796631
12992.6 346.007573 0.027081 31.173172 17.928787
13928.7 355.102591 0.016023 22.165436 15.138138
15039.2 388.238498 0.006347 22.482101 15.318756
16448.3 415.286730 0.002615 13.035919 5.080399
31480.2 869.046022 0.003310 -10.377914 -1.414276
