959.425598 305.296295 14.089048
88.0 307.772755 11.089297 2.459778 8.923889
325.4 307.358031 10.919066 3.787674 13.095917
567.0 307.313145 10.866614 4.337479 14.289047
813.5 307.312026 10.810824 4.913269 14.990051
1065.0 307.230309 10.773631 5.761414 15.681610
1321.7 307.213535 10.682574 7.374344 16.340668
1584.2 307.759123 9.650268 11.237564 16.391129
1853.3 309.241413 7.426302 15.811249 14.613525
2129.5 310.224413 6.643100 16.837952 13.488602
2703.8 311.335360 4.922909 17.129715 12.227936
3310.1 312.855363 4.074584 17.060013 11.653580
3954.9 315.901222 3.142664 18.761002 11.630112
4646.8 319.870723 2.472932 21.718445 10.683609
5394.6 323.891943 2.463970 21.566315 9.948273
6208.2 328.409605 1.685180 20.127533 10.377151
7100.2 332.125787 0.851668 22.303452 10.083496
8085.9 335.543951 0.416674 25.083847 11.232864
9187.5 338.161409 0.319570 25.946167 9.067291
10441.1 341.839704 0.114405 23.167923 11.452698
11141.5 343.853583 0.058152 22.948563 11.668900
11906.2 347.197469 0.024656 23.126450 8.370850
12748.9 348.928823 0.026028 25.880203 6.452225
13691.2 354.123617 0.017087 15.477936 7.376419
14795.3 384.537768 0.006873 19.468430 12.976959
16191.5 412.750804 0.002488 12.266388 2.760086
31200.3 867.972154 0.003307 -9.276352 -2.362518
