991.335632 305.261444 15.024590
147.9 302.219525 15.718909 6.361420 6.990204
377.5 302.905063 14.804336 7.917786 9.121155
611.8 303.515575 14.268371 7.961502 10.361542
851.1 304.161078 13.899776 8.023026 11.744125
1095.6 304.595088 13.645144 8.337097 12.759583
1345.5 304.985896 13.408633 9.155945 13.339813
1601.0 305.634973 13.063899 10.358719 13.612152
1862.7 306.345647 12.406386 11.759048 14.064957
2130.8 307.184856 11.337321 13.696014 14.525635
2405.6 307.807106 9.807868 15.554749 14.715164
2975.6 308.203832 6.683392 18.774246 14.403717
3577.5 311.417345 4.956255 21.513138 12.835220
4221.5 316.005183 4.113505 23.620377 11.385971
4914.9 320.432577 3.719384 23.730164 11.546890
5664.6 324.868106 2.793703 22.820221 11.739288
6480.7 329.110122 1.494088 22.893158 10.955276
7374.0 332.769074 1.077689 23.289780 11.308105
8362.3 336.561567 1.011409 25.247910 11.197708
9468.0 339.409431 0.597507 26.657104 11.524323
10724.0 341.932578 0.207418 26.003860 12.405823
11424.0 343.141717 0.099174 25.802078 13.270462
12185.7 345.522394 0.045209 26.536606 14.163818
13024.6 347.439274 0.030886 29.177078 12.635818
13963.7 354.509833 0.017322 20.565826 11.376419
15070.2 386.805615 0.005863 21.196945 13.625397
16475.0 414.402455 0.002557 12.549591 4.510086
31499.4 868.063160 0.003307 -9.698227 -1.872284
