991.385620 302.032318 16.622692
147.7 301.505393 16.487570 4.431732 6.540009
376.8 301.967597 15.691253 5.561340 9.566467
610.5 302.550967 15.166732 5.723221 11.234589
849.2 303.287517 14.757129 5.983963 12.599594
1093.2 303.856503 14.244052 7.049988 13.874817
1342.7 304.613533 13.369533 8.974304 14.798798
1597.9 305.362593 12.588969 10.796219 15.338715
1859.2 305.977186 11.675872 12.280533 16.090347
2126.7 306.493735 10.433715 14.049530 16.927979
2400.6 306.785052 8.743567 15.826233 17.414383
2968.3 307.423113 5.913538 19.030106 16.815826
3570.0 311.876804 4.575978 21.436966 14.809830
4214.7 316.289948 3.977606 23.653580 13.171127
4908.3 320.352643 3.519590 24.359070 13.019547
5657.2 324.365739 2.614651 23.833893 13.692413
6471.7 328.543329 1.535453 23.998627 13.779495
7363.9 332.505162 1.144089 25.119858 14.405762
8352.1 336.757972 0.990726 27.177597 15.512161
9458.4 339.609170 0.601083 28.248901 16.926666
10714.9 342.060281 0.233405 28.611282 17.507385
11415.4 343.545507 0.126935 28.261063 17.426712
12177.7 345.698718 0.069468 28.054184 16.933350
13016.5 347.400710 0.030862 29.274734 15.971756
13954.9 354.239482 0.017911 21.253326 16.007278
15065.5 388.503847 0.005144 21.415695 14.045319
16474.7 415.514869 0.002634 12.381622 5.057938
31514.0 868.798486 0.003311 -9.666977 -1.217010
