991.365601 303.794250 16.487610
147.8 300.419441 15.830489 7.888763 4.102509
376.3 301.190669 14.730426 11.075012 6.203186
609.4 302.165523 14.009925 12.447830 7.541229
847.8 303.233171 13.524981 12.919510 8.917953
1091.7 304.022888 13.276549 12.839050 10.202942
1341.1 304.568522 13.052436 12.316101 11.505829
1596.2 305.259419 12.763492 11.925125 12.903168
1857.6 306.154130 12.158431 12.282486 14.188004
2125.5 307.165950 11.152070 13.108124 15.203369
2400.4 307.879201 9.693189 14.531311 15.805008
2970.7 308.534719 6.726069 18.250809 14.923248
3572.8 311.311316 4.800091 22.528763 12.428970
4216.6 315.969023 3.938982 25.085220 11.009018
4909.6 320.148754 3.712947 24.470398 11.955093
5658.7 324.644303 2.635632 23.154205 12.489288
6474.6 329.238938 1.006999 23.553314 11.052933
7368.3 333.219503 0.953473 23.332748 11.993652
8358.4 337.215371 0.873305 25.296738 11.560989
9465.8 339.879161 0.479192 27.494995 12.371979
10723.1 342.053025 0.205615 25.781204 13.444885
11422.8 342.722973 0.110730 24.616531 14.266556
12183.2 344.762965 0.043417 25.640121 15.734131
13020.3 346.690483 0.028889 30.222000 14.553787
13957.8 354.832240 0.016746 21.266998 12.310013
15065.1 387.118727 0.006312 21.659836 14.258209
16471.0 414.549520 0.002565 12.910919 4.653641
31495.0 868.263373 0.003307 -10.077133 -1.841034
