966.765625 304.478424 14.005255
153.7 300.576261 15.470954 7.197083 5.718811
386.2 301.324737 14.462920 11.816971 8.633026
624.0 302.434084 13.598891 14.782791 10.873032
867.5 303.590694 13.341876 15.606628 12.806458
1116.7 304.541924 12.923690 15.302429 14.790985
1371.9 305.308943 12.093535 14.817703 16.332855
1633.2 306.106251 11.176623 15.167252 16.992691
1900.9 306.999997 9.982865 15.936249 16.523682
2175.5 307.934333 8.648677 16.810608 15.388992
2747.1 310.275658 6.224436 19.252762 12.645905
3353.0 312.866407 4.672537 22.313919 10.007095
3998.8 316.353229 4.481146 23.567642 9.288315
4692.0 319.835969 4.159982 22.095398 11.783218
5440.5 324.672873 2.114449 19.958893 12.788116
6255.3 328.453771 0.525989 21.609955 9.758011
7146.7 332.487398 0.766791 22.026108 12.300293
8135.0 336.846288 0.618138 26.306503 12.172318
9242.1 339.821306 0.310779 30.270386 11.055573
10499.0 342.167667 0.186496 28.097610 13.812073
11199.5 343.147700 0.109546 23.751297 15.735306
11960.0 344.529413 0.048897 22.698715 17.300537
12796.3 346.290378 0.027699 26.532547 16.626053
13731.2 354.479608 0.015581 23.448639 13.813919
14842.1 387.196562 0.007021 22.534836 15.758209
16248.2 413.518181 0.002619 13.049591 3.819656
31257.0 869.737665 0.003309 -10.791977 -2.641815
