983.025635 302.020111 17.376034
72.3 298.556404 16.039820 5.200287 5.741180
299.3 299.369248 15.042754 9.940247 9.775452
531.0 300.398074 14.141532 13.834549 12.111542
768.1 301.600779 13.165446 17.267166 13.726547
1010.7 302.775003 12.543174 19.073425 14.874817
1259.1 303.563958 12.164088 19.146179 16.322235
1513.3 304.444345 11.454097 18.438797 17.244965
1774.0 305.914734 10.504283 18.210220 17.725113
2041.5 306.888661 9.452861 18.555389 17.394775
2315.8 307.739252 8.251472 19.111389 16.324539
2886.4 309.771759 6.092352 20.350418 13.780670
3492.0 313.279479 3.977309 23.366653 11.749283
4137.9 316.280908 3.323385 25.800064 10.540268
4830.1 319.615861 2.714689 26.343445 12.730484
5577.3 324.312169 1.073036 23.253815 16.977570
6390.8 328.113941 0.296630 24.432220 14.904495
7281.8 332.292001 0.415601 24.776108 17.349121
8269.7 337.254916 0.276186 29.269394 17.447708
9378.6 340.428787 0.128180 32.422729 13.450104
10636.0 341.823741 0.134581 32.005814 17.112854
11335.9 343.044509 0.114254 30.196609 19.836868
12096.3 344.442798 0.060572 28.384262 22.050537
12931.9 345.883845 0.025261 29.942703 21.669022
13868.5 355.643293 0.014857 23.042389 17.974075
14984.7 388.703743 0.006771 23.275070 16.633209
16394.3 415.245250 0.002661 13.280060 5.398758
31428.3 870.145371 0.003313 -10.700180 -1.417206
