979.495605 306.548950 14.513480
41.4 305.630831 13.771983 1.780365 6.546844
272.7 305.443953 13.454410 2.280090 9.554749
508.8 305.478743 13.412448 3.074783 11.310760
749.4 305.626407 13.260814 3.825760 12.652328
994.9 305.847030 13.130637 4.686707 13.574036
1245.6 305.898392 13.126346 5.800476 14.146454
1501.8 306.231319 13.044826 8.011063 14.588715
1763.9 306.986811 12.317695 11.024673 14.420425
2032.6 307.983111 10.758203 14.436249 13.599854
2308.1 308.888533 9.129567 17.113342 12.373367
2880.6 310.102645 6.351037 18.969559 11.026764
3485.5 312.362770 5.113373 21.204544 10.509048
4130.8 316.387129 4.129479 23.137955 10.126205
4824.8 320.649210 3.663594 23.470398 10.605484
5574.7 324.822869 2.971206 21.589752 10.278351
6390.7 329.050007 1.670756 20.766205 9.115433
7283.6 332.387162 1.066007 20.897202 9.626465
8270.3 335.829991 0.807323 23.882675 9.701614
9373.4 338.767513 0.553101 25.959839 7.957916
10628.1 341.874532 0.200369 24.158157 8.858948
11327.9 342.875516 0.092588 22.796219 10.977493
12089.2 345.517754 0.033277 24.907700 12.109131
12928.5 347.588711 0.028172 27.579422 9.606522
13869.0 355.136175 0.018120 19.515045 9.052200
14976.3 385.735375 0.006627 20.372726 13.582428
16376.2 413.065673 0.002445 12.563263 3.550125
31384.2 868.088642 0.003305 -9.922836 -2.864471
