977.765625 304.425568 15.746765
25.2 299.311849 16.175241 6.128998 3.833954
251.5 300.068880 15.060874 10.504700 5.886780
483.9 301.192927 14.010879 14.678299 8.629120
721.6 302.367661 13.372394 17.130447 10.726547
965.0 303.602868 13.115378 17.333191 12.449036
1214.2 304.423259 12.787314 16.456726 14.216766
1469.2 305.242911 12.287608 15.663406 15.637543
1730.6 306.231153 11.404075 15.200455 16.588394
1998.4 307.128138 10.216754 15.653046 16.625244
2273.1 308.091246 8.675857 16.480530 15.842117
2844.6 310.100483 5.818409 19.178543 13.040436
3449.9 312.817811 4.214774 22.913528 10.214127
4095.6 316.364529 4.100869 24.710220 9.501205
4788.6 319.730549 4.049356 23.411804 12.044937
5536.9 324.658588 2.051506 21.515533 13.311554
6351.7 328.593629 0.436463 22.649017 10.373245
7243.8 332.816021 0.782050 22.289780 12.804199
8233.0 337.102010 0.609674 26.603378 12.273880
9340.6 339.924619 0.329077 30.375854 12.098541
10598.0 342.196690 0.188881 27.080032 14.601135
11298.1 342.808218 0.112131 23.612625 16.086868
12058.0 344.328343 0.047898 23.933090 17.640381
12894.0 346.269489 0.028159 28.417313 16.850662
13829.8 354.951463 0.015873 22.686920 14.038528
14940.5 387.228404 0.007027 22.228195 15.203522
16346.2 413.833050 0.002577 13.369904 4.464188
31362.5 869.027821 0.003308 -10.649399 -2.241425
