980.395630 300.717316 16.712149
49.0 299.058067 16.657801 4.586029 4.532196
275.8 299.735911 15.766593 7.781067 7.595764
507.9 300.535875 14.928790 10.510330 9.746307
745.0 301.536369 14.163943 12.767166 11.240219
987.7 302.628910 13.397189 14.921082 12.722473
1236.1 303.631474 12.577983 16.304382 14.181610
1490.5 304.553709 11.940948 16.188797 15.442230
1751.2 305.610806 11.186637 15.581314 16.645035
2018.5 306.649185 10.145944 15.387421 17.816650
2292.7 307.385138 8.611960 16.011780 18.355789
2861.9 308.151928 6.193680 19.149246 17.026764
3463.7 311.713342 4.486571 23.224075 14.339127
4108.3 316.274128 3.437111 26.071548 12.446518
4801.1 320.045651 3.004367 26.103210 12.966812
5549.1 324.037177 2.053533 24.435455 15.446320
6363.0 328.713858 0.864305 24.342377 15.568558
7256.0 333.125611 0.736632 25.022202 16.690918
8246.5 337.691225 0.660099 27.023300 17.223099
9355.5 340.372309 0.329018 30.104370 17.172760
10613.8 342.282309 0.189641 30.328079 18.882385
11314.3 343.140222 0.126563 28.073563 20.184525
12074.9 344.589735 0.064644 27.692856 20.679443
12910.9 346.007573 0.026974 30.665359 19.963943
13846.8 354.835598 0.016521 22.222076 17.329544
14959.2 389.374191 0.005763 22.839523 15.529694
16370.7 415.867448 0.002642 12.699982 5.204422
31410.0 869.526532 0.003312 -10.334946 -1.132050
