970.825623 306.865753 13.792487
193.4 307.170240 11.177989 2.164856 11.785217
430.0 306.886711 11.055442 2.940018 14.027557
671.2 306.830069 11.020633 3.386307 15.123032
917.2 306.823018 10.990115 4.274597 16.019348
1168.3 306.855899 10.831328 5.816101 16.519501
1424.8 307.370360 10.053626 9.223953 15.957855
1687.5 308.471065 8.957900 12.641861 14.438004
1956.9 309.585923 7.541220 15.473358 13.017822
2233.4 310.349519 6.593509 16.041077 12.168289
2807.9 311.584066 4.988713 16.657059 11.415436
3414.8 313.244136 4.114161 17.722122 11.210220
4060.7 316.529512 3.167460 19.702408 10.926987
4753.8 320.266917 2.733285 21.712585 10.029312
5502.4 324.222886 2.409134 20.835846 9.163116
6316.6 328.562958 1.510419 19.461517 9.146683
7208.5 332.019207 0.830449 21.258530 9.290527
8193.9 335.435863 0.437118 24.220566 10.715286
9294.9 337.965803 0.332743 25.684448 8.004791
10547.6 341.629284 0.129559 23.773392 10.198792
11247.5 343.418388 0.071831 22.749344 11.922806
12011.1 346.902049 0.024649 23.989731 9.702881
12853.8 348.925609 0.023685 25.055984 6.629959
13796.2 354.514871 0.017679 15.733795 7.122513
14901.9 384.339641 0.006995 19.079758 13.017975
16296.7 412.349203 0.002434 12.397247 2.360672
31295.2 867.913911 0.003304 -9.868149 -3.059784
