990.805603 303.964722 15.927952
144.2 304.828171 13.748618 3.089935 10.943329
375.2 304.734412 13.606997 3.270325 12.242249
610.5 304.617985 13.613673 3.399002 13.388885
850.4 304.728692 13.433906 3.739822 14.945297
1095.2 304.856839 13.268443 4.508972 16.572083
1345.1 304.938839 13.098212 5.905945 17.394501
1600.4 305.449259 12.666694 9.038406 17.049652
1861.9 306.335238 11.804141 12.575455 15.645035
2129.9 307.058816 10.673564 15.324921 15.302979
2404.4 307.542051 9.160800 17.451233 15.603836
2974.4 309.029967 6.034894 18.233231 15.419342
3578.1 311.945281 4.810820 17.638138 14.286392
4221.6 315.428874 4.060099 20.212173 13.544174
4913.6 319.803532 3.432328 23.204773 12.853531
5661.7 324.081223 2.793346 24.058502 12.811554
6475.6 328.209633 1.802840 23.422455 12.455276
7366.8 331.778133 1.183666 23.912827 12.509277
8352.0 335.574269 0.930108 26.615097 13.656693
9455.4 339.095359 0.614166 27.578979 14.250885
10711.3 342.022550 0.212529 26.251907 15.073792
11411.7 343.490172 0.107288 26.950516 14.903275
12174.0 345.646130 0.065448 28.767075 14.659912
13013.7 348.356785 0.034500 31.305984 13.256912
13956.4 354.964897 0.018187 19.759186 14.888138
15068.1 387.822785 0.005348 20.589523 13.031647
16474.5 415.077445 0.002643 11.830841 5.079422
31516.2 869.173430 0.003311 -8.797836 -1.363495
