982.495605 299.624664 16.027155
67.2 298.827892 16.230555 -1.742096 3.563446
294.1 299.016459 16.024561 -2.026550 7.207092
525.9 300.444007 15.346976 0.949783 12.435760
763.4 302.424020 14.318915 4.546463 17.138657
1006.9 303.562286 12.933703 8.272644 19.111145
1255.9 304.157285 12.175056 11.575867 18.109344
1510.5 304.669264 11.814109 14.839188 17.395355
1771.1 305.440106 11.228599 17.844986 17.180191
2038.2 306.313077 9.834331 19.299530 16.728760
2312.1 307.323645 8.028312 19.377014 16.478836
2882.4 309.572794 5.548520 18.694168 15.468170
3486.0 311.618358 4.768620 18.310013 14.915298
4129.4 315.462775 3.939698 20.610611 14.610580
4821.1 319.572998 3.462369 23.034851 14.585953
5568.2 323.570523 2.701674 23.697174 14.626007
6381.1 328.026836 1.414456 23.869720 14.033401
7271.5 331.589080 0.816502 24.508530 13.770996
8255.8 335.217049 0.764050 26.531113 15.062943
9358.5 339.093982 0.538051 28.957886 16.489166
10614.6 341.939834 0.227937 26.837845 18.210510
11314.4 342.868038 0.131495 28.143875 18.215775
12075.3 345.174387 0.070451 30.581528 18.589600
12913.9 347.725293 0.030260 33.763016 17.278397
13856.8 355.225173 0.018376 20.501373 19.026810
14976.2 390.393130 0.004659 19.103195 11.945709
16388.0 416.832796 0.002680 11.217560 5.955399
31449.6 871.372128 0.003317 -8.510727 -0.952362
