990.705627 300.691284 16.295216
141.6 300.976189 16.787024 -1.954010 5.011688
370.0 301.089589 16.538591 -1.306824 7.437561
603.5 302.365235 15.523883 1.512283 12.859589
842.3 303.718259 14.252158 5.163651 16.689438
1086.6 304.426675 12.775393 8.257019 17.997864
1336.2 304.969529 11.614772 11.052429 17.173798
1591.3 305.441006 11.048308 13.823563 15.598480
1852.4 306.010493 10.622539 16.368423 14.734879
2119.9 306.661789 9.561103 18.010468 14.754150
2394.1 307.660796 8.085532 18.468811 15.318680
2964.9 309.827988 5.545420 18.360184 15.183014
3568.9 311.571970 4.877577 17.892044 14.481705
4211.7 315.180270 3.845522 20.354752 14.139877
4903.0 319.512758 3.036554 23.802429 13.933609
5650.0 323.632426 2.536211 24.538971 13.797882
6463.1 328.154426 1.562514 23.914642 13.170120
7354.3 331.868218 0.985302 24.233139 13.017090
8339.3 335.409500 0.729598 26.109238 13.939896
9442.4 339.095359 0.454635 27.739136 14.325104
10698.7 342.060281 0.178137 23.742142 16.210510
11398.9 343.324170 0.096097 24.979813 15.891556
12161.2 345.717278 0.067974 27.208481 15.952881
13000.9 348.204134 0.032399 30.645828 14.315506
13943.1 354.262991 0.017378 20.403717 16.811966
15056.5 388.701974 0.005181 19.929367 11.609772
16465.6 416.184203 0.002681 10.932404 5.805984
31522.1 871.441292 0.003316 -8.163071 -1.256073
