967.975647 303.851135 15.386827
167.2 307.263392 11.994334 2.984192 10.882874
404.2 307.070446 11.853190 3.566971 12.832245
645.6 306.979018 11.789294 4.134354 13.906235
891.9 306.989403 11.730166 4.674988 14.728333
1143.3 306.851807 11.680099 5.429382 15.722626
1399.8 306.757506 11.526576 6.802078 16.733246
1662.0 307.194981 10.523356 10.819595 17.178238
1930.6 308.506178 8.373540 15.426483 15.566650
2206.3 309.547991 7.257981 17.169983 14.297195
2779.6 310.697376 5.339665 17.549637 13.593170
3384.8 312.272203 4.466544 16.905716 12.616470
4028.4 315.209651 3.503153 18.780533 12.669174
4719.5 319.648298 2.519424 22.372742 11.709000
5467.0 323.796707 2.481375 23.181549 11.372101
6280.3 328.234170 1.760640 21.301361 11.466995
7172.2 332.187959 0.955381 22.942123 10.812012
8158.2 335.702130 0.487246 25.611191 11.877396
9260.8 338.647669 0.359774 26.116089 10.856354
10516.5 342.182179 0.103154 21.144485 12.573792
11217.4 343.931349 0.047490 21.950516 11.614212
11981.6 346.719539 0.028162 23.468246 8.558350
12823.0 348.575316 0.030782 28.317703 7.803787
13765.0 353.938905 0.016665 17.198639 9.847122
14868.8 385.981265 0.006121 20.720383 12.498444
16269.7 413.537035 0.002593 11.813263 3.704422
31297.9 869.886914 0.003312 -8.448227 -1.572479
