974.095642 300.663666 16.748543
218.4 298.798444 15.154334 7.745911 9.218811
449.7 299.733033 14.304610 11.377518 12.183807
686.3 300.902333 13.442012 14.751541 13.984360
928.4 302.164250 12.719127 17.325378 14.822083
1176.4 303.283662 12.243243 18.618835 15.880829
1430.5 304.297837 11.599532 18.675125 17.092621
1691.0 305.585826 10.674037 18.512955 17.900894
1958.3 306.726910 9.645026 18.811249 18.039307
2232.5 307.561135 8.500619 19.285217 17.279617
2802.5 309.155401 6.417317 20.108231 14.987701
3406.8 312.687484 4.102717 23.163528 13.026627
4052.1 316.360009 2.702782 25.962173 11.749252
4744.5 319.776887 2.305801 27.198914 12.875015
5491.7 324.072890 1.058254 24.626862 17.487335
6304.8 328.094312 0.327625 24.375580 17.138870
7196.0 332.474710 0.330724 26.008530 19.253418
8183.9 337.091465 0.286676 28.505722 19.682083
9292.5 340.399859 0.125617 32.664917 15.055573
10549.9 341.668466 0.106045 32.806595 18.237854
11249.2 342.776812 0.097893 32.348953 20.688431
12009.1 344.309782 0.062807 30.526840 23.390381
12844.5 345.768152 0.025309 30.645828 23.594803
13781.8 356.066452 0.014859 22.849030 19.968216
14900.6 389.830591 0.006348 23.652023 16.920319
16313.0 416.137066 0.002666 12.967560 5.496414
31355.0 870.622241 0.003315 -10.635727 -1.158417
