978.945618 298.056122 15.440152
35.1 297.043547 15.522452 -2.900299 3.041962
260.6 297.995750 15.130969 -2.710144 7.660217
491.8 300.202356 14.375182 0.479080 12.754120
729.1 302.389802 13.736697 4.819901 17.253891
972.5 303.448658 12.833568 8.139832 18.679504
1221.3 304.081584 11.716815 10.486023 17.794891
1475.8 304.764184 10.692588 13.065750 16.782074
1736.2 305.394309 10.106601 15.716080 16.225113
2003.1 306.247956 9.412330 17.256561 15.664307
2276.8 306.956808 8.330626 17.435608 15.933914
2846.6 309.317601 5.834860 18.504715 16.321686
3449.8 311.287017 5.048762 18.626419 15.766861
4092.4 314.938446 4.385302 20.065689 14.786362
4783.3 319.276431 3.679092 22.446960 14.427750
5530.0 323.341958 2.824936 22.794830 14.311554
6342.5 327.859988 1.806535 22.531830 14.558792
7233.4 331.902476 1.059212 24.094467 14.390137
8218.5 335.268457 0.717737 25.515488 15.221146
9320.7 338.801950 0.410974 27.496948 15.422760
10576.1 341.800522 0.170105 24.621048 17.733948
11275.7 342.930850 0.092365 27.610672 17.270462
12037.1 345.394018 0.064670 30.747543 17.894287
12876.6 348.459623 0.030307 33.280594 15.838943
13819.5 354.409081 0.017440 21.516998 18.569778
14937.8 389.887199 0.004896 18.484055 10.641022
16349.0 417.098644 0.002678 10.100372 6.142899
31416.6 873.312369 0.003320 -8.303696 -1.255096
