946.105652 299.073181 14.778401
195.0 298.710508 14.785262 -0.710373 12.924042
431.0 300.445424 14.626952 2.030838 16.511703
673.1 301.888295 14.193984 6.128113 19.269348
921.0 302.984953 13.412925 11.320007 21.208954
1175.0 304.006887 12.584201 15.741531 21.526215
1435.3 305.165322 11.743106 18.579361 21.334488
1702.4 306.678594 10.735314 19.479218 21.023682
1976.8 307.584460 9.274049 19.779358 20.398758
2546.9 308.750984 6.490988 19.938309 17.270905
3148.8 310.891618 4.762898 21.104935 15.229752
3792.0 315.693298 4.021952 23.448502 13.651596
4483.8 319.439775 3.635223 24.081726 14.187515
5231.0 323.591951 2.732430 23.310455 16.344757
6043.8 328.083270 0.833907 23.236908 16.783401
6933.8 331.609381 0.425138 24.863998 17.800293
7919.0 336.013214 0.563540 27.919785 21.244583
9024.3 339.493459 0.549972 30.371948 24.180573
10279.9 341.680075 0.235804 32.800735 25.823792
10979.2 342.646702 0.133626 33.653641 25.899368
11739.2 344.345356 0.064793 33.491684 26.148193
12574.8 345.925623 0.027759 35.749344 25.737381
13514.9 356.452668 0.018161 22.380280 22.696732
14643.7 394.035484 0.003651 20.280930 12.266022
16061.2 417.453108 0.002676 11.789825 6.265945
31128.5 871.816235 0.003320 -9.182602 -0.536346
