974.345642 304.236572 13.849306
225.2 307.009701 11.631461 2.640442 13.570374
461.7 306.784858 11.480781 3.225174 15.146698
702.9 306.731442 11.395427 3.808182 16.257797
948.9 306.784465 11.250945 5.130066 16.908020
1200.0 306.919324 10.989161 7.259460 16.906219
1456.6 307.370360 10.624400 10.204422 16.110199
1719.3 308.231669 9.906329 13.532486 14.842300
1988.6 309.390561 8.260530 16.488983 13.092041
2264.9 310.069620 7.303281 17.029358 12.256180
2838.8 311.069353 5.328459 17.141434 11.571686
3444.9 312.824438 4.421483 17.700638 11.401627
4090.3 316.323848 3.333637 20.028580 10.993393
4783.2 320.182349 2.881105 21.991882 10.267593
5531.8 324.184792 2.637420 21.074127 9.854523
6346.0 328.450091 1.777687 19.803314 10.207230
7237.8 331.996368 0.978388 21.446030 10.108887
8223.1 335.368637 0.565924 24.445175 10.937943
9324.3 338.164164 0.413418 26.026245 8.317291
10578.0 341.833899 0.140169 23.996048 10.620667
11278.1 343.523074 0.067353 23.485672 11.688431
12041.8 346.744286 0.027279 24.278793 9.738037
12883.6 348.657265 0.026781 27.237625 7.510818
13826.5 354.723092 0.017799 16.468170 8.136185
14932.1 384.612066 0.006748 19.448898 13.189850
16328.9 412.780971 0.002463 12.344513 3.091141
31337.6 867.913911 0.003306 -9.459946 -2.609589
