985.155640 305.056122 14.164953
92.2 306.199382 12.684318 3.127045 11.044891
324.2 306.016740 12.382480 3.890442 14.314514
560.4 305.928095 12.298556 4.342361 15.830292
801.0 305.990726 12.172194 4.792557 16.966782
1046.6 305.952543 12.106868 5.751160 17.865051
1297.2 306.117310 11.799785 7.818054 17.808563
1553.2 306.551158 11.603824 10.481766 16.692230
1815.4 307.386498 10.950126 13.755142 14.879410
2084.2 308.222588 9.844583 15.715546 13.582275
2359.7 308.757065 8.756442 16.757874 13.217117
2931.5 309.631186 6.001992 17.381668 13.315826
3535.7 312.088862 4.795800 17.380325 13.057877
4179.8 315.584817 3.974030 19.759048 12.042221
4872.0 319.962241 3.391082 22.237976 11.253922
5620.7 324.325264 2.877507 22.466705 11.252960
6435.2 328.369120 1.974620 21.461517 11.279495
7326.8 331.939272 1.184381 22.406967 10.952637
8312.2 335.470135 0.839331 25.308456 11.422318
9414.6 338.624252 0.579268 26.543823 10.766510
10669.5 341.997881 0.164070 25.058548 12.159729
11370.0 343.645706 0.069424 25.671219 12.262650
12133.3 346.144167 0.042009 26.811996 11.534912
12973.9 348.594598 0.033350 29.513016 9.899490
13916.6 354.724771 0.017723 18.667389 10.921341
15023.7 385.903430 0.006019 20.407883 13.156647
16425.6 413.874530 0.002563 11.985138 4.204422
31452.1 868.507268 0.003308 -8.932602 -1.826385
