944.165649 299.665558 15.205916
177.5 299.231756 15.314075 0.510330 12.658417
413.9 300.741308 14.994117 3.247635 15.753891
656.1 302.022215 14.379951 7.473816 18.089661
904.1 303.156813 13.534995 12.116882 19.488251
1158.2 304.122442 12.591353 15.870438 20.133636
1418.5 305.134096 11.650599 18.026627 20.355972
1685.5 306.441218 10.555070 18.594452 20.601807
1959.6 307.476317 8.994145 18.812561 20.486649
2529.6 308.657990 6.098074 19.506668 17.309967
3131.3 310.860692 4.546414 21.255325 14.178970
3774.3 315.695558 3.681967 24.149673 12.514877
4466.0 319.363316 3.274734 24.894226 13.767593
5212.8 323.564571 2.381478 24.046783 16.879913
6025.3 327.888205 0.806131 23.678314 17.859573
6915.1 331.727380 0.517882 26.115952 19.813965
7901.7 336.706564 0.620582 28.615097 23.115677
9008.7 339.744165 0.428051 31.514526 24.770416
10264.9 341.926773 0.207239 33.867142 25.901917
10964.9 343.232944 0.132598 32.757156 26.000931
11726.0 344.784619 0.064603 31.046371 25.886475
12562.1 345.864563 0.026792 33.468094 25.862381
13500.8 355.990888 0.017201 22.313873 22.499466
14626.1 393.690530 0.003815 21.704758 13.195709
16043.3 416.864849 0.002672 12.149200 6.054031
31104.3 871.033586 0.003319 -9.588852 -0.625214
