974.445618 299.940186 16.367191
222.6 299.811225 16.167135 3.567200 7.195374
455.0 300.663690 15.445205 5.402908 10.533417
692.4 301.691356 14.856311 7.380447 12.523422
935.3 302.811527 13.812037 10.110535 14.029114
1184.0 303.870851 12.804481 13.087585 15.394501
1438.5 304.727041 11.919967 14.770828 16.610199
1699.3 305.556682 11.054076 15.370377 17.660660
1966.5 306.401306 9.872239 15.885468 18.560791
2240.3 307.075553 8.113189 16.738342 18.814774
2808.5 307.706421 5.569262 19.323074 16.933014
3409.6 311.627194 4.431019 22.124466 14.348892
4054.2 316.278648 3.725836 24.528580 12.811752
4747.2 320.046809 3.217036 25.144226 13.236343
5495.2 323.906228 2.367649 24.240143 15.391632
6308.5 328.240304 1.253285 24.117767 16.605667
7200.2 332.555914 0.891246 25.901108 17.485840
8189.2 337.236462 0.824012 27.880722 19.342239
9297.0 339.959057 0.464648 30.028198 20.696198
10554.3 342.234421 0.232169 31.017532 21.706604
11255.1 343.659166 0.139400 29.057938 22.043900
12017.0 345.274922 0.067892 27.368637 21.323975
12854.0 346.251813 0.028036 30.483719 20.774490
13790.5 354.571964 0.017858 22.255280 19.157669
14905.7 390.893755 0.004865 22.275070 14.558990
16319.0 416.040909 0.002654 12.348419 5.355789
31365.1 869.602977 0.003314 -9.961899 -0.938690
