990.055603 304.866852 15.031399
136.6 305.908221 13.013812 3.665131 11.993134
368.4 305.584672 12.849780 4.144348 14.056702
604.3 305.530668 12.801620 4.500565 15.429901
844.8 305.650560 12.694808 4.810135 16.474594
1090.1 305.556872 12.675258 5.268738 17.169739
1340.4 305.581269 12.446853 6.575867 17.597626
1596.1 305.991955 12.177459 9.208328 17.016449
1858.0 306.851500 11.609115 12.608658 15.176285
2126.4 307.657507 10.697167 14.885468 14.176025
2401.5 308.129414 9.408755 16.640686 14.203445
2972.2 309.170540 6.249709 17.705887 14.559967
3575.9 312.007131 4.902850 17.395950 13.844986
4219.7 315.449214 4.097531 19.887955 12.882065
4911.7 319.852187 3.483350 22.702820 12.064468
5660.2 324.238362 2.865229 23.335846 12.047882
6474.5 328.289377 1.894154 22.547455 11.810745
7365.8 331.865681 1.203097 23.221420 11.620605
8351.2 335.568996 0.932671 25.994003 12.391068
9454.3 338.876336 0.629723 26.936401 12.465729
10709.8 342.035611 0.179448 25.804642 13.421448
11410.3 343.605327 0.079080 26.694656 13.379837
12173.1 345.836374 0.053408 28.538559 13.089600
13013.2 348.572102 0.035289 30.679031 11.581131
13956.0 354.796976 0.017878 19.405670 12.915482
15065.0 386.720704 0.005683 20.681320 13.068756
16469.1 414.485415 0.002609 11.848419 4.679031
31503.5 868.856730 0.003309 -8.829086 -1.569550
