991.445618 304.278687 15.129253
149.4 304.116006 14.360877 4.574310 10.766571
379.8 304.244868 13.948890 4.890442 12.519592
615.0 304.502152 13.694259 5.010330 13.867401
854.9 304.760897 13.441058 5.069901 15.035141
1099.7 304.814229 13.272735 5.481628 15.913879
1349.6 305.125021 12.760612 7.171570 16.240204
1605.2 305.793861 12.368670 9.694656 15.514496
1867.0 306.476794 11.884727 11.829361 14.719254
2135.1 307.105030 10.859054 14.076874 14.724854
2409.7 307.495401 9.423776 16.072327 15.029617
2979.0 308.229784 6.250424 18.469559 15.304108
3581.7 311.841461 4.802237 19.405716 14.167252
4225.9 315.856021 4.105875 21.639908 12.729721
4918.8 320.231005 3.599698 23.210632 12.166031
5668.0 324.576448 2.807293 23.232330 12.243195
6483.0 328.572773 1.802840 23.059174 11.912308
7375.0 332.175271 1.210369 23.828842 12.044434
8361.6 336.038259 0.993111 26.234238 12.685989
9465.7 339.048524 0.648111 27.078979 13.184479
10721.2 341.919518 0.201666 27.134720 13.905823
11421.4 343.479704 0.094443 27.829422 14.161087
12183.9 345.813173 0.057990 29.093246 14.238037
13023.9 348.345537 0.034300 29.655594 12.690506
13965.2 354.516550 0.017970 20.231842 13.200638
15074.0 387.023201 0.005577 20.923508 13.295319
16479.4 414.794628 0.002605 12.115997 4.762039
31512.5 868.452665 0.003309 -9.247055 -1.547089
