946.725647 305.742706 13.714972
203.4 301.885927 14.743300 8.482986 6.677948
441.5 302.466289 14.319392 11.218338 9.136703
684.9 303.690118 13.936969 12.477722 11.208801
934.4 304.912242 13.207408 13.163757 13.404266
1189.9 305.698941 12.658111 13.354813 15.260590
1451.6 306.374791 11.867560 14.055923 16.291519
1719.6 307.184856 10.684054 15.151093 15.912354
1994.4 308.004308 9.295745 16.082092 14.814774
2566.2 310.093995 6.667656 17.979324 12.501373
3171.5 312.411366 5.152236 20.835403 10.372330
3816.7 316.172426 4.534552 21.841080 9.516830
4510.0 320.060711 4.196698 20.739929 10.912125
5258.7 324.446689 2.730999 18.882721 11.452179
6073.7 328.632887 0.813403 20.301361 8.718948
6965.6 332.591441 0.863709 21.283920 10.290527
7954.1 336.677564 0.872828 24.548691 10.334427
9060.5 339.676668 0.424028 28.598511 9.762604
10317.1 342.111072 0.204348 26.798782 11.562073
11017.5 343.134240 0.108056 22.405594 13.200150
11778.0 344.560347 0.046356 21.474106 15.214600
12614.6 346.500875 0.028627 25.190750 14.282303
13549.8 354.370460 0.016008 23.034576 11.991653
14659.2 386.519039 0.007269 22.193039 15.738678
16064.0 413.346605 0.002620 13.014435 3.285477
31065.3 870.214535 0.003309 -10.795883 -3.026581
