975.625610 298.312134 15.278050
5.6 297.254049 15.332671 -2.283112 3.045868
231.3 297.858995 15.382739 -3.273621 7.724670
462.1 299.794944 14.636012 0.076736 12.535370
699.2 302.007367 13.908359 4.263260 17.683578
942.4 303.420251 12.863608 7.987488 19.347473
1191.2 304.038619 11.801692 10.741882 18.312469
1445.6 304.652756 11.018268 13.850906 17.588715
1706.1 305.350593 10.582484 16.844986 17.012222
1973.2 306.350889 9.762805 18.227264 16.103760
2246.9 307.058590 8.391662 18.115295 15.924149
2816.8 309.384643 5.810780 18.383621 15.921295
3420.2 311.406300 4.938374 18.306107 15.651627
4063.1 315.135069 4.283974 19.981705 15.169174
4754.2 319.308868 3.689344 22.286804 14.919937
5500.8 323.249104 2.835903 22.925690 14.751007
6313.0 327.758162 1.697936 23.287689 14.709183
7203.3 331.646176 0.936903 24.446030 14.415527
8187.8 335.217049 0.759043 26.001816 15.385208
9290.1 338.881846 0.492007 28.244995 16.188385
10545.7 341.828094 0.199043 26.287064 18.523010
11245.2 342.740919 0.112787 28.821609 18.539993
12006.1 345.163560 0.067423 32.032700 19.152100
12844.8 348.146288 0.029783 34.723953 17.294022
13788.6 355.110987 0.018000 20.809967 19.411575
14909.3 390.591257 0.004671 18.366867 11.217194
16321.6 417.196688 0.002679 10.553497 6.049149
31388.9 872.744494 0.003319 -8.422836 -1.067596
