991.085632 299.808533 15.726248
144.9 300.873889 16.606779 -1.080963 5.487274
373.3 300.734818 16.486616 -0.732605 7.209045
606.4 301.841990 15.762778 1.627518 11.804901
844.9 303.174799 14.561625 4.562088 16.408188
1088.8 303.976219 13.132545 7.846863 18.456848
1338.1 304.488729 12.363406 10.829773 17.617157
1593.0 305.005611 11.970511 13.932938 16.535980
1853.9 305.700319 11.289634 16.891861 16.150894
2121.2 306.445420 9.845298 18.822968 16.148682
2395.3 307.486919 8.110566 19.408264 16.287430
2965.8 309.734993 5.446715 18.573074 15.202545
3569.7 311.682417 4.746924 17.958450 14.501236
4212.9 315.446954 3.813097 20.594986 14.223862
4904.7 319.648298 3.271396 23.554382 14.042984
5652.0 323.757423 2.643857 24.308502 13.973663
6465.3 328.127436 1.546540 23.832611 13.275589
7356.0 331.652520 0.967898 24.235092 13.196777
8340.6 335.300093 0.822761 26.486191 14.527786
9443.6 339.193162 0.547677 28.321167 15.625885
10700.0 342.021099 0.225314 25.484329 16.983948
11400.0 343.143213 0.125721 26.313797 16.813431
12161.7 345.480633 0.071670 28.616684 16.859131
13001.0 348.080407 0.031268 31.763016 15.379959
13943.7 354.847352 0.018126 20.097076 17.497513
15059.2 389.243286 0.004944 19.732101 12.238678
16469.0 416.265277 0.002678 11.430450 5.797195
31525.0 870.655003 0.003315 -8.440414 -1.105682
