984.705627 301.107697 16.548319
87.6 299.892204 16.690226 5.027435 4.972626
315.6 300.489055 15.827151 7.289856 8.029358
548.3 301.318745 15.088054 8.549393 9.933807
786.1 302.238841 14.542552 9.599197 11.156235
1029.4 303.219372 13.846847 11.229675 12.497864
1278.3 304.190020 12.909385 12.816101 13.833954
1533.2 304.999421 12.209884 13.427078 15.069183
1794.2 305.818976 11.438884 13.680923 16.273941
2061.6 306.558856 10.387223 14.285858 17.422119
2335.6 306.999217 8.803649 15.419983 18.074539
2903.7 307.539896 6.133599 19.084793 17.255280
3505.0 311.697880 4.572402 22.813919 14.764908
4149.7 316.389389 3.737757 25.276627 12.846909
4843.1 320.279660 3.285224 25.294617 13.056656
5591.8 324.232410 2.404008 24.083893 14.524445
6406.1 328.740848 1.216092 24.184174 14.728714
7299.1 332.982235 0.947870 25.145248 15.526855
8289.1 337.423640 0.860490 26.927597 16.385208
9397.2 340.091297 0.473470 28.965698 17.610260
10655.1 342.273602 0.211724 29.154251 18.593323
11355.6 343.388477 0.126846 27.638016 18.965775
12117.2 345.205321 0.066231 27.374496 18.730225
12954.6 346.576397 0.028887 29.807938 17.803787
13891.0 354.283141 0.017345 21.823639 16.425247
15001.3 388.889487 0.005454 22.140305 14.801178
16411.8 415.678903 0.002636 12.580841 5.107742
31450.8 869.060583 0.003311 -10.043930 -1.161346
