988.015625 304.687927 14.161716
117.4 305.410493 13.427707 3.074310 10.603485
349.1 305.332964 12.970420 3.393372 13.144592
584.9 305.452780 12.752505 3.514236 14.935760
825.4 305.614330 12.575122 4.163651 16.171860
1070.8 305.704995 12.415858 5.569519 16.820129
1321.3 305.990460 12.021514 8.095398 16.484344
1577.5 306.596555 11.692515 10.835281 15.436371
1839.8 307.324047 11.100329 13.331314 14.492691
2108.6 308.178474 9.945195 15.862030 13.474854
2384.1 308.860967 8.720202 17.421936 12.642899
2956.0 309.635511 6.100220 18.477371 12.104889
3560.1 312.128622 4.886637 19.530716 11.653580
4204.9 316.109145 3.869126 21.550064 10.688705
4898.2 320.445320 3.455455 22.511414 10.550797
5647.9 324.753824 2.875242 21.650299 10.577179
6463.4 328.717538 1.835742 20.926361 10.447464
7355.7 332.160045 1.122273 21.666733 10.401855
8341.7 335.594041 0.832178 24.550644 10.473099
9444.2 338.618742 0.543594 26.182495 9.184479
10698.7 341.884690 0.178912 25.087845 10.534729
11398.7 343.300242 0.080839 24.729813 11.731400
12161.3 346.026618 0.035992 25.770981 11.683350
13001.5 348.099689 0.029994 28.409500 9.588943
13943.2 354.849032 0.017883 18.759186 9.597122
15050.1 385.776062 0.006249 20.282883 13.363678
16451.0 413.514410 0.002499 12.311310 3.915359
31468.1 867.932112 0.003306 -9.436508 -2.293182
