940.365601 299.651306 14.769407
142.5 299.151872 15.237304 1.738846 11.853729
378.8 300.554116 14.800998 5.194901 15.980453
620.7 301.727998 14.129611 9.563660 18.060364
868.4 302.790587 13.268920 13.573914 19.144501
1122.2 303.889268 12.372962 16.643875 19.590668
1382.3 305.021684 11.491813 18.018814 19.725113
1649.2 306.325681 10.440867 18.281952 20.189697
1923.3 307.546292 8.956475 18.429749 20.293289
2493.5 308.634201 6.253762 19.293777 17.388092
3094.9 310.644217 4.565964 21.556107 14.005142
3737.6 315.562216 3.330538 24.776627 12.163315
4428.8 319.261371 2.800042 25.648132 13.822281
5175.1 323.403861 1.930032 24.818268 17.627960
5986.8 327.478446 0.629582 24.180267 19.461136
6875.9 331.806046 0.422515 27.194077 22.563965
7863.2 337.012375 0.524201 28.783066 25.564896
8971.2 340.100940 0.297457 33.049683 24.848541
10227.9 341.977564 0.154474 35.283157 25.925354
10927.8 343.128258 0.111818 33.954422 26.641556
11688.5 344.520133 0.063198 32.446762 27.163818
12524.3 345.875811 0.027122 32.983719 27.514725
13463.7 356.561816 0.016452 21.759186 23.749466
14590.7 393.839126 0.003977 22.509445 13.904694
16008.8 416.898787 0.002672 12.184357 5.979813
31070.7 871.335725 0.003320 -9.780258 -0.678925
