987.395630 299.287292 16.252100
110.7 298.841663 16.466589 -2.534088 3.609344
337.8 299.400960 15.719863 -2.095886 7.585999
570.0 301.236863 14.890643 1.436111 13.564667
808.1 303.192915 13.869258 5.690994 17.751938
1052.0 304.033033 12.545558 8.977722 18.492004
1301.2 304.529649 11.575194 11.528992 17.121063
1556.0 304.970532 11.060229 14.280594 16.022308
1816.7 305.583744 10.644473 16.917252 15.535660
2083.9 306.342487 9.567779 18.151093 15.234619
2357.7 307.342729 8.083625 18.169983 15.640945
2928.0 309.574957 5.598349 18.276199 15.567780
3531.6 311.457105 4.910241 18.102982 15.048111
4174.5 315.146370 4.014561 20.364517 14.548080
4865.7 319.416605 3.319556 23.228210 14.425797
5612.5 323.472907 2.618585 23.919830 14.299835
6425.2 328.018249 1.539268 23.885345 13.890823
7316.1 331.769251 0.924625 24.471420 13.659668
8300.8 335.309320 0.730016 26.140488 14.560989
9403.5 339.018219 0.460506 28.213745 15.180573
10659.5 341.939834 0.192472 25.040970 17.276917
11359.3 343.001139 0.106700 26.827469 17.067337
12120.9 345.455886 0.067933 29.280746 17.456787
12960.1 348.096475 0.031141 32.677078 15.803787
13902.9 354.634094 0.017670 20.671295 18.222122
15020.0 389.630695 0.004981 19.185226 11.414459
16430.8 416.768691 0.002681 10.735138 5.983719
31492.8 872.009168 0.003317 -8.274399 -1.124237
