973.595642 306.017761 15.456141
215.5 302.413538 15.679332 7.460754 3.943420
449.6 303.104169 14.281245 9.815018 5.836151
688.7 303.963822 13.623687 10.685135 7.791000
933.1 304.824374 13.286086 10.924988 9.499817
1183.2 305.407363 12.993785 10.661804 11.011688
1439.0 305.812432 12.758246 10.499344 12.463715
1700.7 306.489284 12.343921 11.321548 13.740738
1969.0 307.378118 11.487763 12.826874 14.693604
2244.1 308.226954 10.102553 14.750061 14.939774
2815.4 309.112148 6.851239 18.092606 13.403717
3418.4 311.410718 4.905234 21.770950 11.255142
4062.3 315.962243 4.092047 24.344986 10.106674
4755.4 320.256491 3.909642 24.036804 11.144547
5504.8 324.727634 2.835903 22.597565 11.479523
6320.8 329.208268 1.161017 22.609955 9.832230
7214.3 332.987310 0.947751 22.457748 10.651855
8203.5 336.827834 0.920512 24.634628 10.209427
9309.9 339.620190 0.528902 26.996948 10.426666
10566.5 341.979015 0.214377 24.613235 11.276917
11266.1 342.652684 0.109575 23.239578 12.379837
12026.4 344.851127 0.040198 24.546371 14.296631
12863.9 346.912228 0.029862 28.751297 13.016678
13801.9 354.939709 0.017161 21.052155 11.075638
14909.2 386.556187 0.006478 21.333664 14.025787
16312.9 413.872645 0.002519 12.842560 4.242508
31328.8 868.135965 0.003306 -10.112289 -2.327362
