982.445618 304.365814 13.861489
68.5 306.396112 12.192698 2.119232 9.603485
300.4 306.413131 11.856051 3.254700 14.484436
536.7 306.423380 11.771174 3.859940 15.771698
777.6 306.425494 11.690112 4.398026 16.853500
1023.4 306.407057 11.589499 5.723816 17.562317
1274.3 306.632890 11.259528 8.181335 17.339813
1530.7 307.087663 10.947696 10.839188 16.285980
1793.3 307.861126 10.112323 14.053970 14.855972
2062.4 308.842286 8.871835 16.408905 13.261963
2338.3 309.446210 7.949634 17.127014 12.617508
2911.2 310.368652 5.708737 17.244949 12.204498
3516.3 312.369397 4.723320 17.483841 12.089127
4160.9 315.862801 3.694365 19.876236 11.309799
4853.4 320.095465 3.185804 22.040710 10.609390
5602.1 324.294313 2.859745 21.646393 10.526398
6416.6 328.405925 1.975216 20.461517 10.859573
7308.4 331.986218 1.122035 21.768295 10.552246
8293.7 335.376546 0.701465 24.775253 11.000443
9395.4 338.370790 0.497103 26.254761 9.305573
10649.7 341.931127 0.148662 24.374954 11.253479
11350.0 343.606823 0.064857 24.446609 11.719681
12113.6 346.447320 0.032014 25.218246 10.378662
12954.6 348.572102 0.029929 28.497391 8.522537
13897.6 354.766751 0.017826 17.501373 9.351028
15003.7 385.151608 0.006442 19.919601 13.250397
16403.0 413.310781 0.002504 12.170685 3.678055
31421.0 868.150526 0.003307 -9.141586 -2.175018
