943.445618 298.805481 14.609119
170.4 298.614647 14.726611 -0.222092 13.508026
406.2 300.282386 14.524909 3.208572 17.832016
648.1 301.746260 14.111491 7.874207 19.917786
895.9 302.786495 13.336154 12.767273 21.064423
1149.7 303.909903 12.474528 16.612625 21.344574
1409.8 305.104952 11.632003 18.807877 21.072769
1676.9 306.609272 10.645907 19.154999 21.029541
1951.3 307.713807 9.240670 19.296936 20.877274
2521.5 308.627713 6.656451 19.762527 17.843170
3123.1 310.721529 4.801283 21.671341 15.096939
3766.1 315.686518 3.771612 24.430923 12.936752
4457.7 319.357524 3.302390 24.954773 14.029312
5204.5 323.595522 2.394948 23.826080 17.163116
6017.1 327.891886 0.608482 23.180267 18.097855
6906.6 331.600499 0.343598 25.572983 20.501465
7892.4 336.474568 0.492551 28.097519 24.367630
8999.0 339.676668 0.421465 31.061401 26.403229
10254.6 341.665564 0.195199 34.087845 27.460510
10953.9 342.760361 0.118002 34.458328 27.418900
11714.1 344.342263 0.062893 33.614731 27.491943
12549.5 345.859742 0.028135 34.661453 27.440506
13489.6 356.669285 0.017422 22.106842 23.692825
14619.1 394.339750 0.003672 21.243820 12.742584
16037.6 417.436139 0.002674 12.024200 6.329422
31105.8 871.929082 0.003321 -9.336899 -0.536346
