989.675598 298.774750 16.391159
131.0 298.566241 16.525240 -3.139557 3.887665
358.0 299.779514 15.428039 -1.792175 9.109436
590.6 302.063670 14.466258 1.856033 14.564667
829.3 303.597490 13.591739 6.034744 17.734360
1073.3 304.242028 12.425872 9.112488 18.068176
1322.7 304.744474 11.269065 11.415710 16.763641
1577.6 305.286245 10.471812 13.608719 15.256683
1838.5 305.781506 10.035075 15.757095 14.590347
2105.7 306.409708 9.238523 16.992889 14.510010
2379.5 307.325766 8.053823 17.265686 15.263992
2949.8 309.514402 5.648417 18.317215 15.835358
3553.3 311.315734 5.014191 18.362747 15.136002
4195.7 314.859345 4.107783 20.403580 14.182846
4886.6 319.313502 3.220136 23.433289 14.027359
5633.3 323.489573 2.535973 23.867096 14.026398
6446.2 328.088178 1.622238 23.350189 13.838089
7337.6 332.026820 0.992455 24.289780 13.642090
8322.9 335.383137 0.652112 25.818222 14.355911
9425.5 338.880468 0.375271 27.549683 14.461823
10681.2 341.941285 0.157380 23.507767 16.718323
11381.2 343.212007 0.084080 25.657547 16.145462
12143.3 345.670877 0.064770 27.860825 16.562256
12983.1 348.332682 0.031951 31.456375 14.704178
13925.1 354.026223 0.017000 21.282623 17.378372
15040.3 389.144222 0.005130 19.296555 10.639069
16450.2 416.623512 0.002681 10.227325 6.077469
31512.4 872.769975 0.003318 -8.129868 -1.295135
