952.195618 304.027679 14.979130
20.7 306.452771 12.354823 1.001770 6.955139
256.9 306.563178 11.972400 1.873611 11.634979
498.1 306.461724 11.905166 2.632401 13.353500
743.9 306.457784 11.860820 3.530457 14.618958
994.9 306.546960 11.762115 4.669617 15.718719
1251.3 306.718300 11.441222 6.255203 16.690277
1513.5 307.059671 10.737933 8.866470 17.121597
1781.9 308.294010 8.624356 13.176483 16.039307
2057.7 309.974200 6.255670 16.509827 14.732742
2632.1 311.735452 4.369778 18.203934 13.243561
3239.0 313.233091 3.424893 18.227982 11.231705
3883.7 315.562216 3.251383 17.329361 11.176987
4575.2 320.016689 2.208526 19.198914 11.105484
5323.6 324.343121 1.593504 20.441315 9.866241
6138.0 328.762931 0.909009 20.524017 9.406448
7030.1 332.248862 0.501908 23.307358 8.870605
8016.4 335.959170 0.315525 25.115097 10.750443
9119.5 338.380433 0.166178 24.342651 11.387604
10371.7 341.344856 0.123658 22.978470 11.843323
11071.5 343.642715 0.075869 20.987625 11.668900
11835.7 347.072186 0.028508 21.948715 9.230225
12679.2 349.563528 0.023227 20.472000 3.065506
13620.1 352.840708 0.015647 14.532623 3.528763
14722.5 384.974709 0.006463 19.068039 12.646881
16118.0 412.622593 0.002595 11.989044 1.596024
31116.1 867.251389 0.003306 -9.332993 -2.247284
