949.155640 299.811340 15.119726
223.2 299.317632 14.609786 6.891190 11.939667
459.4 300.209925 13.883563 10.374588 14.974594
700.9 301.238990 13.168307 13.325378 16.363098
948.2 302.461188 12.573691 15.269226 16.554657
1201.8 303.930538 11.816016 16.567703 17.071136
1462.0 305.040420 10.864295 17.712173 17.947769
1728.9 306.258460 9.778779 18.438202 18.564697
2002.8 307.402102 8.588357 19.185608 18.291336
2572.5 308.439562 6.162686 19.936356 15.882233
3174.6 311.503493 4.175673 22.458450 13.466080
3818.5 316.109145 2.386639 25.606705 12.577377
4510.3 319.655249 1.780088 27.230164 14.013687
5256.7 323.538381 1.017723 26.386627 18.491241
6068.2 327.498075 0.461974 24.916595 21.623245
6958.1 332.293270 0.296511 28.033920 24.278809
7945.4 336.688109 0.343480 28.605331 25.908646
9052.6 340.317209 0.154287 34.407104 20.227448
10310.1 341.661210 0.079000 36.021439 22.765198
11008.8 342.210012 0.070095 35.583328 24.442337
11767.2 343.649342 0.062151 35.183090 26.945068
12601.9 345.832426 0.027615 33.034500 28.184647
13542.1 357.619712 0.015191 21.979889 24.601028
14670.4 392.931633 0.004981 23.732101 16.156647
16089.0 417.140124 0.002672 12.168732 5.433914
31146.0 871.590541 0.003320 -10.317368 -0.925995
