938.895630 299.892639 14.485149
129.0 299.103941 15.204879 3.789627 11.175995
365.2 300.356860 14.604064 7.579666 15.466782
606.9 301.378996 13.822051 11.370300 17.734192
854.3 302.373212 12.949439 14.425476 18.658173
1107.7 303.705619 12.162200 16.423172 18.682465
1367.7 304.967560 11.366405 17.382095 18.895035
1634.6 306.226950 10.353129 17.957733 19.498291
1908.6 307.452992 8.969827 18.480530 19.637039
2478.7 308.532556 6.526036 19.403152 17.063873
3080.1 310.639799 4.690419 21.675247 13.887955
3722.7 315.507975 2.920696 25.063736 12.270737
4413.5 319.186071 2.207095 26.372742 14.115250
5159.2 323.213390 1.379523 25.869049 18.360382
5970.0 327.109172 0.477829 24.879486 21.172073
6858.5 331.822541 0.323214 28.102280 24.837402
7845.6 336.877924 0.407376 28.876816 27.490677
8953.7 340.472867 0.166863 34.379761 23.856354
10211.4 341.855666 0.089550 36.706985 25.323792
10910.6 342.615296 0.076785 35.692703 26.848587
11670.0 344.025190 0.061567 34.948715 28.406006
12505.4 346.046137 0.028200 33.372391 28.977615
13446.4 357.545828 0.015837 21.224030 25.026810
14576.2 393.941727 0.004220 22.995773 14.660553
15995.5 417.017570 0.002672 12.114044 5.865555
31058.7 871.666986 0.003321 -9.926743 -0.773651
