977.495605 302.200623 16.991604
22.5 305.154743 15.196296 -0.149323 5.154266
253.8 305.073327 14.676543 0.453918 9.574280
489.5 304.911561 14.583083 1.074783 11.558807
729.8 305.046716 14.200183 2.577713 13.630844
975.0 305.291063 13.631316 4.600769 15.499817
1225.4 305.787911 12.627574 7.200867 16.843719
1481.4 306.431476 11.363021 10.222000 17.244965
1743.4 307.217880 9.947337 13.493423 16.350113
2011.8 308.073440 8.780759 15.992889 15.015869
2287.1 308.805835 7.813497 17.181702 14.728836
2859.4 310.344863 5.733056 18.129715 14.831451
3464.3 311.867968 4.883776 17.993607 13.636002
4106.8 314.610741 3.965685 19.667252 13.442612
4797.4 319.647140 2.400691 23.786804 12.978531
5544.7 323.799088 2.287421 24.529205 13.098663
6358.2 328.389976 1.543321 22.895111 12.371292
7250.4 332.265356 0.905909 23.707748 11.655762
8236.5 335.729811 0.493028 25.839706 12.707474
9339.5 338.903886 0.315219 26.506714 12.149323
10595.8 342.203946 0.099787 20.175735 13.999573
11296.6 343.707022 0.046536 20.862625 13.243118
12059.9 346.221502 0.040448 23.038559 11.163818
12900.3 348.332682 0.032683 28.466141 10.122147
13841.4 353.569481 0.016247 19.534576 12.806107
14948.1 387.796251 0.005381 21.040695 11.080475
16353.5 414.532551 0.002672 11.082794 4.879227
31397.0 871.841717 0.003315 -8.034164 -1.478729
