983.225647 303.062347 16.903706
74.8 305.668210 14.160129 1.423920 7.198212
306.4 305.545033 13.815852 2.408020 10.818420
542.4 305.364907 13.760062 2.906815 11.779510
782.8 305.411036 13.394328 3.882401 13.427719
1028.2 305.585279 12.994739 5.251160 15.306458
1278.6 305.849289 12.345763 6.905945 16.503876
1534.6 306.342746 11.468402 9.356766 16.887543
1796.6 307.088815 10.437526 12.882095 15.871597
2065.0 307.783547 9.595912 15.481171 14.845947
2340.1 308.453842 8.534236 17.052795 14.713211
2911.9 310.048579 6.065650 17.723465 14.880280
3516.5 311.825998 5.033741 17.313919 13.856705
4159.0 314.603961 4.076312 19.516861 13.620346
4849.7 319.570681 2.774293 23.659851 12.837906
5597.1 323.791946 2.566014 24.701080 12.860382
6410.6 328.273428 1.670160 23.193939 12.236526
7302.2 332.040777 1.020707 23.629623 11.827637
8287.9 335.599314 0.656821 25.988144 12.805130
9391.1 339.069187 0.432491 26.854370 12.387604
10647.8 342.292467 0.121065 21.939407 14.136292
11348.7 343.816195 0.056788 22.809891 13.555618
12112.1 346.134887 0.049631 25.050278 12.339600
12952.5 348.331075 0.033591 29.745438 11.129959
13894.3 354.043015 0.016881 19.368561 13.354935
15001.7 387.217790 0.005632 20.888351 12.033600
16406.7 414.732408 0.002659 11.350372 4.980789
31450.6 870.804252 0.003314 -8.143539 -1.467987
