986.795654 300.266602 16.463312
106.3 300.681093 16.584368 0.001068 6.095673
334.6 300.641666 16.397448 0.147278 8.669983
567.4 301.538428 15.902968 1.641190 11.398651
805.5 302.631340 14.877769 3.692947 15.589828
1049.1 303.562286 13.750525 6.911316 18.365051
1298.1 304.099998 13.050052 10.321960 18.130829
1552.9 304.745613 12.451163 13.747391 17.592621
1813.7 305.579580 11.544265 16.895767 17.621597
2080.9 306.346688 10.001224 19.010468 17.674072
2354.9 307.268514 8.118911 19.853577 17.363602
2924.9 309.382480 5.410952 18.971512 15.356842
3528.3 311.728805 4.658471 18.509232 14.356705
4171.8 315.535096 3.938267 21.141861 14.024643
4863.7 319.672626 3.451164 23.511414 14.037125
5611.3 323.837182 2.668295 24.134674 14.401398
6424.7 328.140931 1.467623 23.738861 13.746292
7315.3 331.554822 0.958718 24.399155 13.804199
8299.6 335.340956 0.848152 27.060410 15.719193
9403.0 339.278568 0.579894 28.942261 17.547760
10659.3 342.013843 0.255548 27.496048 18.437073
11359.3 343.132744 0.134617 27.893875 18.278275
12120.7 345.387831 0.070608 29.181137 18.156006
12959.6 347.673874 0.030111 32.731766 17.014725
13901.8 355.263794 0.018344 20.390045 18.163528
15019.5 390.187927 0.004456 19.700851 12.590240
16430.6 416.265277 0.002675 11.811310 5.800125
31485.5 870.138090 0.003315 -8.791977 -0.965057
