956.365601 303.329834 15.507240
59.4 306.115837 12.901755 0.395325 7.378967
295.6 306.049919 12.326690 1.404861 12.531464
536.4 306.202071 12.011500 2.507401 14.552719
782.2 306.429376 11.794063 3.921082 16.312317
1033.1 306.536730 11.623832 5.609070 17.322235
1289.5 306.825601 11.182776 7.714188 18.065277
1551.8 307.369844 10.197677 10.858658 18.092300
1820.4 308.583903 8.229297 14.846405 16.574463
2096.3 309.942393 6.610436 17.421936 15.053055
2670.4 311.411053 4.619164 18.727371 13.702545
3276.7 312.824438 3.771315 17.999466 11.999283
3921.0 315.589337 3.073284 18.167252 12.247299
4612.6 319.918220 2.156074 20.634460 11.830093
5360.3 323.815754 2.056871 21.816315 10.805695
6173.5 328.407152 1.355686 20.818939 10.789261
7065.7 332.384625 0.674762 23.416733 10.069824
8052.2 335.960488 0.317432 25.658066 11.596146
9155.1 338.480991 0.217617 25.354370 11.246979
10409.4 341.875983 0.108593 20.564407 12.261292
11109.8 343.717491 0.059247 20.216141 11.348587
11874.0 347.033519 0.025383 21.731918 7.249756
12716.5 348.869369 0.027587 24.987625 5.014725
13657.4 353.228603 0.015977 16.093170 7.251419
14759.7 386.554419 0.005875 20.460617 12.281647
16159.4 413.069444 0.002597 11.949982 2.772781
31177.9 869.592056 0.003312 -8.649399 -1.496307
