973.215637 305.357056 16.362375
211.5 300.790313 15.624496 9.144348 3.250061
444.4 301.792062 14.101478 13.203690 5.746307
682.5 302.907095 13.372394 14.982010 7.814438
926.3 304.152749 13.086768 15.233582 9.706848
1175.8 305.030907 12.788268 14.650085 11.494110
1431.3 305.742274 12.439719 13.817703 13.008636
1693.0 306.555899 11.922397 13.161392 14.488785
1961.2 307.352910 11.020225 13.461639 15.558838
2236.3 308.222713 9.604974 14.668030 15.738602
2807.8 309.624698 6.495041 17.862137 13.630280
3411.8 311.945281 4.569064 22.085403 10.860611
4056.3 316.109145 4.048417 24.663345 9.846909
4749.3 319.955291 3.968532 23.839539 11.619156
5498.0 324.591923 2.461109 22.273346 12.387726
6313.4 328.989893 0.737228 22.742767 9.965042
7206.5 333.088815 0.838675 22.363998 11.554199
8196.3 337.127055 0.763394 25.226425 10.998489
9303.6 339.862631 0.433356 28.680542 11.524323
10561.0 342.077695 0.205659 25.201126 12.991760
11260.6 342.528556 0.114307 22.852859 13.981400
12020.2 344.376290 0.042705 23.995590 15.972412
12856.7 346.534619 0.028768 28.860672 15.010818
13793.4 355.023669 0.016556 21.919342 12.593216
14902.1 386.821536 0.006850 21.777023 14.592194
16306.9 413.899041 0.002539 13.178497 4.386063
31322.7 868.518189 0.003307 -10.420883 -2.287323
