956.525635 299.877411 15.998654
59.5 299.030333 16.100855 0.866028 5.209045
291.0 299.894800 15.709849 2.430252 11.342010
527.9 301.121729 15.088531 4.999588 14.009750
770.4 302.271792 14.343234 8.450378 15.909973
1018.7 303.402327 13.257476 12.515320 17.310516
1272.9 304.314345 12.263289 15.475906 18.291840
1533.3 305.238181 11.289634 16.852798 19.020035
1800.4 306.306775 10.074418 17.397186 19.615479
2074.3 307.268514 8.362336 17.914124 19.601883
2643.5 308.266549 5.481286 19.410965 16.839264
3244.7 311.178779 4.347334 21.419388 13.813736
3888.5 315.917042 3.680775 24.042252 12.493393
4580.6 319.634396 3.212745 24.925476 13.490250
5327.8 323.639569 2.338443 24.204987 16.272491
6140.4 327.932371 1.114525 24.002533 17.640823
7031.0 332.066153 0.759162 26.219467 18.974121
8018.7 336.962286 0.744440 28.558456 21.639114
9126.1 339.818551 0.451595 31.106323 23.059479
10382.7 342.096560 0.232288 32.701126 24.233948
11083.2 343.591867 0.139154 30.751297 24.489212
11845.0 345.093958 0.066190 28.636215 23.909912
12681.5 345.964188 0.026753 31.977859 23.690506
13618.9 355.283945 0.017413 22.434967 21.175247
14739.6 392.708740 0.004034 22.075851 13.850006
16155.3 416.397258 0.002665 12.217560 5.700516
31208.9 870.250937 0.003316 -9.805649 -0.761932
