987.785645 300.723511 16.764332
115.3 300.938810 16.947241 -2.341705 4.887665
343.9 301.418594 16.440840 -1.741394 9.082092
577.6 302.982345 15.127631 1.258377 14.342010
816.8 303.983951 13.968440 5.169510 17.095688
1061.2 304.660019 12.637111 8.415222 17.921692
1310.9 305.311203 11.179420 11.361023 17.162079
1566.3 305.884654 10.205737 13.798172 15.184418
1827.7 306.410180 9.845294 15.790298 13.908707
2095.4 306.960084 9.139579 17.102264 13.873291
2369.7 307.802865 7.950826 17.550842 14.658524
2940.7 309.830150 5.597634 18.356277 15.251373
3544.7 311.465941 4.937659 18.157669 14.417252
4187.0 314.909066 3.907511 20.350845 13.792221
4878.0 319.421239 2.846057 24.009460 13.695328
5624.8 323.618141 2.394233 24.486237 13.758820
6438.0 328.252572 1.566448 23.590424 13.218948
7329.8 332.120712 0.978030 24.180405 12.966309
8315.4 335.493862 0.610270 25.874863 13.734818
9418.2 338.938324 0.356555 27.184448 13.684479
10674.2 342.057378 0.137129 22.240189 15.815979
11374.5 343.482695 0.071287 23.774734 15.192337
12137.3 345.871948 0.062945 25.534653 15.070068
12977.2 348.249126 0.033326 29.628250 13.460037
13918.5 353.747476 0.016666 20.948639 16.069778
15030.7 388.586990 0.005216 20.046555 10.674225
16439.3 415.986231 0.002683 10.436310 5.850906
31495.7 872.373190 0.003316 -8.012680 -1.394745
