990.285645 303.275848 16.943977
136.8 299.229222 15.513869 8.639740 6.154266
364.0 299.856810 14.526816 12.685364 8.236389
596.1 301.005198 13.726207 16.174393 10.365448
833.6 302.172418 13.110610 18.673416 12.111313
1076.7 303.237634 12.902709 18.776550 13.636536
1325.4 303.848346 12.670489 17.671570 15.046844
1580.0 304.716724 12.128821 16.561844 16.221527
1840.9 305.958450 11.221446 15.907486 17.068863
2108.6 307.035708 9.974759 16.264374 17.090088
2383.1 307.978862 8.402867 16.982483 16.314774
2954.1 309.888542 5.855603 19.629715 13.524811
3559.4 312.963601 4.063378 23.454544 10.764908
4205.0 316.276388 3.762791 25.530533 9.915268
4897.5 319.556779 3.583724 24.581726 12.521500
5645.2 324.500259 1.681838 22.454987 14.706085
6459.8 328.559278 0.274219 23.811127 11.896683
7351.9 332.822365 0.706233 22.897202 14.397949
8341.3 337.347187 0.453748 27.775253 13.805130
9449.5 340.091297 0.261396 30.889526 13.075104
10707.1 342.163314 0.179612 28.718704 15.987854
11407.1 342.814200 0.116162 25.489578 17.840775
12166.9 344.150472 0.052998 25.720200 19.214600
13002.5 346.070240 0.026965 29.999344 18.436600
13938.5 355.317529 0.015620 22.641998 15.229935
15050.8 387.750257 0.006953 22.550461 15.549225
16458.0 414.509926 0.002606 13.426544 4.979813
31482.7 869.206192 0.003309 -10.618149 -1.781464
