940.985596 300.395782 14.894173
148.5 299.609212 15.288325 5.094315 10.740448
385.0 300.584308 14.491054 8.907791 14.222641
626.9 301.543352 13.630363 12.245300 16.023254
874.4 302.565532 12.788268 14.870789 16.941376
1128.1 303.854189 12.012473 16.772781 17.483246
1388.2 305.009194 11.076011 17.557877 18.254410
1655.1 306.241654 9.959262 17.750702 19.004150
1929.1 307.495401 8.581681 18.160217 19.121414
2499.0 308.422260 5.898280 19.334793 16.679108
3100.2 310.933587 4.235278 22.079544 13.729752
3743.6 315.930602 2.860377 25.350845 12.305893
4435.4 319.655249 2.238805 26.570007 13.619156
5182.0 323.499097 1.452837 25.835846 17.536163
5993.6 327.629345 0.624456 24.975189 20.379105
6883.9 332.392237 0.432052 27.740952 22.935059
7872.3 337.211417 0.473239 28.734238 24.680130
8980.6 340.489397 0.236631 33.457886 21.188385
10238.3 341.787462 0.115358 35.121048 23.015198
10937.5 342.700541 0.098862 33.786453 24.602493
11697.3 344.240181 0.063493 32.774887 26.323975
12532.7 345.801896 0.026283 32.030594 27.020584
13471.4 356.612192 0.015737 21.831451 23.544388
14596.2 392.871487 0.004615 23.450851 15.420319
16014.0 416.798858 0.002667 12.186310 5.507156
31069.4 871.128232 0.003319 -10.209946 -0.846893
