909.943726 305.469757 12.646721
96.4 306.367877 10.467689 2.631729 4.276566
342.0 306.231288 10.311763 2.917038 4.995743
592.5 306.199659 10.263602 3.012833 5.334976
848.4 306.215842 10.180344 3.225784 5.769760
1109.9 306.273568 9.881631 3.683319 6.257645
1377.3 307.130501 7.611164 5.468430 7.275803
1651.8 308.584779 5.645842 6.244202 7.614380
2222.8 309.467094 4.770468 5.861435 7.217499
2824.5 309.614300 4.083084 6.540054 7.338409
3461.7 311.687596 2.307236 8.985184 7.969238
4142.4 314.148713 1.364690 11.039978 7.192581
4874.6 316.749657 0.634784 12.589691 5.936951
5667.0 319.154063 0.308659 15.884415 4.312271
6531.1 321.215711 0.270932 21.158325 2.783691
7481.7 322.871235 0.172705 26.238159 2.153427
8541.1 325.755986 0.103242 25.116547 2.083481
9754.8 334.112311 0.041954 22.404495 1.574051
10444.2 340.872367 0.041134 18.631592 0.784790
11206.0 347.303998 0.031881 14.769424 4.364120
12059.3 362.410356 -0.001965 21.357910 7.712570
13061.1 381.930022 0.003204 17.984955 8.814911
14249.7 403.361662 0.002659 15.688019 4.559158
15696.5 425.858284 0.002688 9.649582 2.308060
30845.0 884.160306 0.003490 -15.058456 -1.593094
