900.983765 299.911743 10.767936
9.3 296.728512 10.981242 0.114151 -4.119919
247.2 296.544460 10.112445 0.198288 -8.164413
490.1 297.770325 9.655158 2.575333 -6.758774
739.6 299.850006 9.653915 3.518753 -4.087662
996.3 301.747947 9.395257 4.441132 -0.668137
1260.3 303.279970 8.618721 5.444992 1.703537
1531.6 305.052119 7.117838 6.863342 2.864380
2097.1 306.614549 5.025814 9.480576 6.194061
2694.4 308.445772 3.740476 10.932632 8.734894
3329.5 310.788102 2.468645 12.024246 9.828613
4008.6 313.367909 1.563532 12.668884 10.839066
4738.8 315.669925 0.849838 13.548676 11.040466
5528.2 317.804557 0.562336 14.591446 10.874771
6388.7 319.825093 0.448912 17.246216 11.389160
7335.4 321.666441 0.292868 21.304565 12.020615
8391.2 324.470771 0.137455 24.595062 12.095200
9600.6 333.842394 0.059180 18.728714 10.077957
10289.6 340.163493 0.050716 13.225342 9.546509
11050.3 349.127556 0.021197 12.247940 12.799667
11920.4 369.539942 0.004495 18.307129 11.036789
12932.4 384.751079 0.002887 16.277924 7.186005
14124.5 403.906512 0.002658 14.553253 5.006424
15577.2 427.943588 0.002679 9.813644 2.575638
30745.0 884.975717 0.003493 -13.503769 -4.175125
