899.393738 300.183929 9.908186
232.0 297.098399 9.755771 0.911179 -7.199570
475.1 297.668027 9.423892 1.965958 -7.352524
724.3 299.274295 8.887161 2.327347 -5.374771
980.2 300.546805 8.495465 2.728241 -4.041183
1242.9 302.206527 7.589706 3.306320 -2.360916
1513.1 303.661108 6.699652 4.595764 -0.168823
2076.3 305.561335 5.376766 6.609482 5.262421
2672.1 307.654972 4.352259 9.297867 8.705597
3305.7 309.974489 3.057539 12.139481 9.777832
3983.3 312.734229 1.795274 13.776306 10.671097
4712.2 315.155653 1.047248 15.277191 11.724060
5500.6 317.372715 0.739124 16.458633 12.456802
6359.9 319.360708 0.527471 18.935669 13.146973
7305.1 321.124680 0.300497 22.622925 13.458115
8359.0 323.921146 0.123030 25.653656 13.462387
9565.7 332.688717 0.063784 23.658401 12.249832
10251.5 337.772165 0.061549 19.002686 12.163696
11012.0 353.365511 0.023388 19.540909 13.526230
11894.2 373.639012 0.003530 19.990723 8.189133
12914.0 386.300981 0.002788 14.150970 4.371552
14105.8 403.029092 0.002670 12.879425 5.756424
15557.9 428.773185 0.002677 9.977707 2.831497
30727.1 884.495207 0.003493 -12.452988 -4.716141
