871.593750 310.252533 6.655248
216.9 308.847125 5.008380 3.546036 3.124039
474.4 308.826145 4.947056 4.729691 4.045151
737.1 308.642545 4.922524 4.810272 4.226395
1005.7 308.829944 4.898914 5.173508 4.467209
1280.7 308.709885 4.860968 5.851624 4.846802
1850.9 308.932918 4.619072 7.365341 5.549530
2451.5 309.360272 4.158663 9.795914 5.834503
3088.3 311.520353 2.574742 15.145340 6.518066
3768.9 314.149871 1.186830 17.159119 7.581253
4501.4 317.093695 0.679130 18.779144 8.505310
5294.9 319.504935 0.680353 20.392227 8.698990
6160.2 321.733386 0.473707 23.636841 7.465332
7112.6 323.557993 0.217408 26.169800 6.426865
8173.9 325.806954 0.107026 25.718109 4.169418
9381.9 331.105494 0.041492 26.713089 0.632645
10065.1 337.977050 0.025428 28.049561 1.476196
10825.3 349.860691 0.010483 23.898331 -0.120255
11689.0 364.221274 0.005258 21.635254 8.771164
12694.3 384.616743 0.002872 17.256439 4.566864
13883.2 401.896937 0.002662 14.004425 6.537674
15330.7 427.506165 0.002681 10.071457 1.183060
30475.9 884.946596 0.003492 -14.324081 -2.720047
