888.883728 308.972687 9.306416
137.0 308.100070 7.733027 2.467819 3.407852
388.7 307.889618 7.618110 3.126114 4.057632
645.4 307.862500 7.591118 3.229691 4.220932
907.9 307.878560 7.570401 3.927460 4.659988
1176.2 307.745998 7.531055 4.525070 5.125412
1450.8 307.948646 7.032961 5.593811 5.778442
2020.8 308.556615 5.410145 7.882919 6.438202
2620.9 309.254243 4.263567 11.024429 5.834503
3258.0 311.545214 2.880394 12.334793 5.496582
3938.9 314.177674 1.600010 14.202087 6.081253
4671.3 316.790132 0.879879 16.181488 6.509216
5464.2 319.406789 0.630405 18.821915 7.269302
6329.4 321.775257 0.402778 22.847778 6.914551
7281.8 323.507903 0.227899 26.240112 6.415146
8342.4 325.301408 0.156916 23.973969 6.032700
9549.3 331.446519 0.041314 26.420120 2.613113
10233.7 339.070272 0.024579 27.717529 0.925415
10996.6 350.055575 0.017047 20.880753 0.381699
11859.3 364.512113 0.005469 22.420410 8.196945
12864.4 383.369097 0.002966 15.443939 5.100067
14049.5 401.518373 0.002656 15.703644 7.147049
15498.0 426.753871 0.002684 8.514816 1.198685
30642.2 884.487927 0.003491 -14.527206 -2.259109
