920.083740 302.435913 12.313055
188.7 298.701069 11.251132 3.223526 -7.877731
428.3 299.196467 10.790507 3.040085 -8.369492
673.7 300.563053 10.491530 2.167130 -4.739243
925.3 301.593646 10.655750 1.561722 -1.566177
1183.4 303.003214 10.136739 1.142303 1.466629
1448.6 304.494158 9.385475 1.177414 5.172287
1720.9 305.658566 8.445829 1.990295 8.596802
2288.4 308.035415 5.878160 4.712997 12.647186
2889.0 309.850656 4.231857 6.704117 13.105988
3526.6 311.640135 3.161490 7.922684 12.490723
4207.2 313.778004 1.900894 9.981384 11.774612
4938.5 316.334192 1.112575 12.339691 10.313904
5730.0 318.732036 0.717547 14.456680 8.544693
6593.2 321.011432 0.457137 16.748169 6.469238
7544.1 323.510540 0.296802 18.591675 4.356552
8607.0 326.991610 0.180549 18.356781 3.075668
9821.7 332.923806 0.103541 14.627151 5.507645
10506.6 338.400281 0.086821 13.740967 8.734009
11261.9 344.592635 0.054345 12.423721 14.362167
12113.2 362.942222 0.010234 19.178223 11.882492
13126.2 387.563740 0.002835 16.320892 5.199677
14320.2 402.330340 0.002647 13.252472 4.025955
15770.1 428.324449 0.002683 7.380051 0.573685
30933.9 884.546170 0.003492 -14.691269 -2.774734
