889.143738 301.170624 10.153366
135.3 298.530929 10.091941 0.553757 -6.467148
379.7 298.942657 9.896914 0.741348 -8.416977
629.8 300.281273 9.653439 0.837112 -6.601334
886.7 301.789581 9.338037 0.960663 -4.228683
1150.6 303.317782 8.621105 2.075851 -1.294510
1421.8 304.655596 7.481665 3.562561 1.547974
1986.6 306.292313 5.662153 6.068466 6.252655
2583.5 307.995149 4.398512 9.028336 9.594269
3217.7 310.279593 2.838433 12.951981 10.506348
3896.2 313.318095 1.412851 15.325134 11.022659
4626.4 315.761589 0.906105 16.531097 11.392029
5416.3 318.000849 0.720408 18.183243 11.958755
6277.3 319.973544 0.500768 21.035278 12.031738
7224.3 321.736304 0.253886 24.454956 11.805771
8280.5 324.747650 0.100708 26.573578 11.130356
9489.5 332.926708 0.054337 24.841995 8.613113
10175.1 337.495494 0.057436 21.209717 8.851196
10932.1 349.693647 0.022248 19.708878 11.916855
11806.9 372.626697 0.003593 21.600098 11.066086
12826.6 387.122110 0.002777 15.109955 4.451630
14020.0 402.942411 0.002668 12.707550 4.941971
15470.2 428.047288 0.002677 10.446457 2.493607
30633.2 885.070363 0.003493 -12.980331 -4.524734
