876.543762 301.961151 10.560941
14.3 301.556287 10.457198 0.086960 -4.037460
260.7 302.097520 9.724299 -0.098495 -5.989243
513.2 302.893639 9.475101 0.380081 -5.167740
772.2 304.071127 8.948461 0.689178 -2.970871
1037.7 304.895387 8.433231 1.622726 -0.425369
1310.0 305.813359 7.490248 3.218811 2.212036
1876.4 307.200629 5.269239 6.388779 6.160858
2474.7 308.423683 4.069733 9.098648 8.893097
3109.2 310.659279 2.764761 13.547684 10.176270
3788.7 313.898485 1.126987 16.731384 11.315628
4520.1 316.341335 0.818128 17.603363 11.179138
5311.4 318.606900 0.695374 19.778946 11.413834
6174.0 320.528015 0.471085 23.273560 10.717285
7122.6 322.349245 0.201494 26.335815 10.001083
8181.3 325.651295 0.078774 27.241547 7.989731
9393.2 333.173406 0.040270 25.213089 4.300613
10079.7 338.569274 0.038705 23.272217 4.757446
10837.5 347.291624 0.020139 19.538956 7.756699
11701.1 369.213751 0.004169 22.092285 12.851242
12716.0 387.056621 0.002778 16.967377 5.416473
13911.1 403.361662 0.002664 12.836456 4.844315
15360.9 427.788982 0.002677 10.866379 1.942825
30517.8 885.434386 0.003493 -13.445175 -4.216141
