900.223755 299.877380 10.091207
2.0 296.408474 10.300319 -0.046005 -4.584763
239.9 297.047672 9.872119 0.612350 -7.627304
483.1 297.790784 9.599368 2.260880 -6.899399
732.5 299.319691 9.249557 2.717972 -5.077896
988.4 300.538478 8.885041 3.060272 -3.486496
1251.2 302.446004 7.986912 3.632492 -1.607010
1521.7 304.034306 6.805510 5.148499 0.583130
2085.7 305.903035 5.200575 7.449326 5.778046
2682.0 307.950970 4.146503 9.875992 8.955597
3316.3 310.338354 2.851307 12.186356 9.746582
3994.6 313.058599 1.704914 13.526306 10.579300
4724.0 315.319935 1.007909 14.579926 11.280701
5512.7 317.479449 0.691440 15.587540 11.917740
6372.3 319.479976 0.512689 18.132935 12.758301
7318.0 321.307903 0.309795 22.072144 13.274521
8372.4 323.987266 0.132895 25.266937 13.431137
9579.1 332.714838 0.060149 23.060745 11.808426
10265.8 338.805565 0.058971 18.705811 11.097290
11026.8 352.451412 0.024371 16.919815 13.141464
11907.0 372.928785 0.004010 18.857910 8.644211
12924.2 385.394213 0.002826 14.502533 5.363739
14114.7 403.128155 0.002667 13.811066 5.801346
15567.3 428.514879 0.002678 9.788254 2.704544
30735.8 884.735462 0.003493 -12.831894 -4.571609
