911.193726 305.873474 12.036665
109.1 306.991849 9.865920 2.780167 4.395706
355.0 306.846099 9.702842 3.065475 4.880508
605.9 306.831859 9.620349 3.227676 5.127945
862.2 306.845204 9.512295 3.647659 5.468979
1124.1 306.968856 9.142056 4.530975 5.833817
1392.0 307.861535 6.572136 6.638351 6.125412
1666.8 308.856196 5.265802 6.570374 5.813599
2238.1 309.698499 4.547546 5.830185 6.170624
2840.3 310.170952 3.463911 7.061539 6.627472
3478.6 312.218704 2.077162 9.573074 7.002441
4160.3 314.546065 1.306278 10.971619 6.114456
4893.0 316.848463 0.597591 12.122894 4.794373
5685.5 319.150383 0.316765 15.071915 3.109146
6549.6 321.241087 0.292151 20.746216 1.756348
7500.4 322.946369 0.184924 26.697144 1.856552
8559.6 325.418496 0.126249 26.350922 3.243637
9771.0 333.633426 0.045411 23.556839 2.824051
10460.7 341.114640 0.041745 18.494873 1.359009
11222.2 347.775741 0.025146 15.599503 4.840683
12079.7 363.422670 0.004845 22.545410 7.821945
13081.1 381.280171 0.003244 17.613861 7.266083
14266.5 402.632838 0.002672 16.422394 4.924393
15711.5 424.834486 0.002691 9.301926 2.968216
30853.5 883.614272 0.003489 -14.972519 -1.206375
