890.343750 306.485779 10.653139
150.3 305.813297 9.100120 0.585007 0.101212
400.4 305.917317 8.915107 0.848770 0.854507
655.9 306.061081 8.717884 0.917191 1.808823
917.0 306.317284 8.537904 1.114960 3.034988
1184.4 306.643145 8.032688 2.388351 4.822678
1458.1 306.998687 7.127375 4.169983 6.338989
2026.7 308.253843 5.465219 7.218857 7.994843
2626.9 309.567912 4.194902 10.280289 7.754425
3264.3 311.766697 2.755224 13.270340 7.314941
3945.4 314.224013 1.563055 14.979431 7.548050
4677.7 316.691325 0.895376 16.468597 7.958435
5470.0 319.021567 0.658538 18.950821 8.583755
6333.9 321.171303 0.432699 22.742310 8.258301
7284.4 323.007005 0.233084 25.863159 7.895615
8344.8 325.893737 0.118649 25.315765 6.739731
9557.1 333.363509 0.036590 25.713089 2.574051
10245.2 340.559804 0.027961 25.858154 1.421509
11008.7 349.022380 0.023187 19.787003 2.700058
11863.7 359.877963 0.007615 18.740723 8.736008
12868.1 384.915640 0.002896 15.752533 6.269989
14058.0 402.862807 0.002656 15.262238 6.686111
15509.5 427.311964 0.002681 9.090988 1.245560
30659.6 885.157729 0.003492 -14.468613 -2.995438
