906.393738 301.855896 11.287979
61.0 299.321016 11.076133 1.920792 -5.500778
300.9 299.257340 10.707061 2.424850 -7.760117
545.9 299.775361 10.346572 2.950333 -6.129868
796.9 301.211903 10.229458 3.514847 -2.210709
1054.9 303.275917 10.203019 3.919647 1.954910
1320.2 304.662212 9.373554 4.757492 4.830490
1592.9 306.339229 7.542223 6.712952 6.241333
2160.7 307.730480 5.086611 9.744247 8.264374
2759.9 309.249825 3.703045 10.625992 9.596222
3396.5 311.371191 2.524674 11.182449 9.990723
4076.4 313.672584 1.673204 11.524353 10.257034
4807.5 316.159197 0.872726 12.829926 9.688904
5598.3 318.414289 0.508930 14.853165 8.868912
6460.5 320.498832 0.415414 18.156372 8.484863
7409.3 322.421744 0.276357 22.527222 8.223740
8467.4 325.034172 0.149852 24.528656 7.649887
9678.9 334.309670 0.073128 16.881058 4.601395
10368.0 339.658009 0.062890 9.752686 5.038696
11127.0 346.256883 0.029385 8.648331 11.639511
11985.7 366.183236 0.004573 20.869629 12.095383
12994.7 384.477369 0.002946 17.113861 8.033661
14187.9 404.339915 0.002648 14.897003 4.266190
15639.5 426.940530 0.002681 9.710129 2.317825
30801.2 885.099485 0.003493 -14.421738 -3.368484
