912.373779 300.551453 11.468413
116.3 297.006280 11.210124 1.420792 -7.360153
354.4 297.138980 10.466735 1.352585 -9.764023
597.7 297.856255 9.617488 2.130020 -6.743149
847.0 299.691118 9.444107 3.165237 -2.433365
1104.0 302.491115 9.991780 4.044647 1.833817
1368.8 304.162252 9.432682 4.821945 4.521896
1641.0 305.626760 7.922262 6.812561 6.688599
2207.2 306.861092 5.051086 10.347763 8.762421
2805.8 309.369108 3.582405 10.856461 10.479034
3442.6 311.515833 2.410233 10.881668 11.473145
4122.8 313.798857 1.575452 11.795837 11.632034
4854.2 316.437761 0.778074 13.351410 10.509216
5645.7 318.658427 0.535514 15.077774 8.865005
6508.4 320.722143 0.405400 17.191528 7.637207
7458.1 322.847508 0.267476 19.622925 6.731552
8518.3 325.897869 0.154144 20.079437 6.454575
9730.4 333.161797 0.098907 13.377151 7.191238
10416.2 337.739263 0.077687 9.135498 9.386353
11169.7 344.261641 0.037343 6.648331 15.883652
12027.1 366.904710 0.003530 20.873535 11.939133
13040.0 386.655292 0.002892 17.856049 7.258270
14236.2 403.881746 0.002647 13.428253 3.830643
15687.4 428.232062 0.002681 9.499191 1.964310
30854.0 884.910193 0.003493 -14.245956 -3.473953
