902.873779 306.851105 11.411800
27.7 307.356169 9.679000 2.045792 3.341019
273.9 307.132199 9.323756 2.616257 4.261368
525.1 307.050776 9.252707 3.073380 4.645523
781.5 307.014409 9.182323 3.507034 4.935776
1043.6 307.081268 9.048596 4.255585 5.236160
1311.5 307.489716 7.319817 6.357101 5.443771
1586.1 308.328205 6.510347 7.224670 5.358521
2156.9 309.568739 4.873941 7.511826 6.110077
2758.8 310.181997 3.623651 8.256851 6.254425
3397.0 312.013041 2.534449 10.004715 6.420410
4078.1 314.176516 1.701099 11.088806 6.124222
4810.2 316.444903 0.818367 12.699066 5.226013
5601.7 318.811780 0.461485 15.964493 4.601334
6465.4 321.269001 0.333517 21.945435 4.357910
7416.7 323.224500 0.204236 27.558472 4.629990
8476.4 325.316561 0.156618 26.097015 5.368637
9686.8 333.372216 0.041671 25.291214 2.581863
10376.2 341.491510 0.034205 20.737061 -0.250366
11139.2 347.857716 0.021182 15.314346 2.424667
11997.8 363.591389 0.004664 21.959473 7.896164
13000.2 381.382603 0.003176 15.936127 6.590302
14183.9 402.305574 0.002657 17.193878 6.084549
15631.7 425.205919 0.002688 8.383957 2.468216
30774.6 883.992856 0.003490 -14.753769 -1.626297
