908.413757 305.277405 12.364696
81.4 304.073269 11.098544 3.233292 0.391800
325.3 304.137277 10.835807 3.780319 1.079727
574.3 304.296921 10.784785 3.735489 2.112320
828.8 304.690930 10.805954 3.620316 3.357651
1089.2 305.124468 10.518685 3.724335 4.824051
1355.9 305.886904 9.319672 4.757492 6.797287
1629.5 307.405812 6.858915 6.339905 8.075317
2199.0 308.846412 4.943560 6.859482 9.033905
2800.0 309.402242 4.180120 6.977554 9.412628
3436.6 311.312430 2.741873 8.660965 9.791504
4116.5 313.632038 1.615984 11.038025 9.182816
4847.7 316.430618 0.771636 13.093597 7.884216
5639.5 318.927101 0.399019 16.030899 6.419693
6503.1 321.149733 0.327557 20.296997 4.896973
7454.0 323.174410 0.217170 24.681519 3.438583
8514.8 326.185768 0.131613 24.431000 1.501450
9729.6 334.113762 0.054948 20.193558 -0.105637
10419.0 340.965089 0.052489 16.514404 -0.195679
11180.6 346.643557 0.037588 11.609268 4.662949
12031.0 360.213794 0.002731 18.557129 9.304367
13033.3 383.904762 0.003065 18.076752 9.461395
14226.1 403.996730 0.002647 15.156769 3.967361
15674.8 426.514419 0.002685 9.665207 1.899857
30829.5 884.604414 0.003491 -14.956894 -2.249344
