911.173767 305.161346 12.612090
108.1 304.594588 10.990779 3.168839 1.745316
352.4 304.681070 10.762374 3.356491 2.423477
601.8 304.882064 10.646502 3.311661 3.381851
856.8 305.140769 10.548939 3.161331 4.631088
1117.5 305.492930 10.327950 3.021210 5.771317
1384.4 306.082266 9.323963 3.638351 7.766037
1658.2 307.454582 6.932825 5.017639 9.366333
2228.0 309.036725 4.932831 5.923935 9.612030
2829.2 309.377943 4.395889 6.342789 9.191925
3465.8 311.314690 2.713024 8.305496 9.574707
4145.8 313.774529 1.490814 11.014587 8.952347
4877.3 316.571090 0.740880 13.027191 7.698669
5669.4 319.046103 0.369455 16.079727 6.036880
6533.3 321.227130 0.292628 20.289185 4.035645
7484.3 323.285135 0.195831 24.226440 2.141708
8546.0 326.530145 0.113792 23.522797 0.341293
9761.8 334.209539 0.050999 20.619339 0.019363
10450.9 340.657013 0.049926 18.084717 0.237915
11212.1 347.042606 0.039287 14.486221 4.434433
12062.2 359.334848 0.002336 18.783691 8.800461
13062.4 384.339675 0.003064 18.291595 9.553192
14255.7 403.711923 0.002649 14.801300 3.899002
15703.7 426.784038 0.002686 9.442551 1.542435
30857.7 884.444244 0.003491 -15.042831 -2.016922
