911.973755 306.019287 11.828979
116.6 307.293771 9.644668 2.817276 4.665237
362.8 307.146403 9.495894 3.073288 5.187149
614.0 307.142844 9.408633 3.256973 5.530289
870.5 307.099012 9.304871 3.450394 5.828354
1132.5 307.231151 9.026662 3.878632 6.169754
1400.7 307.953964 7.371315 5.466476 6.781662
1675.5 308.847714 5.447477 5.806702 6.688599
2246.8 309.704987 4.548500 5.570419 6.203827
2849.2 310.281399 3.519701 6.788101 6.273956
3487.7 312.381427 1.919567 9.422684 6.861816
4169.7 314.667704 1.207573 10.971619 5.860550
4902.7 316.978222 0.609750 12.111176 4.649841
5695.4 319.246075 0.298049 14.937149 2.640396
6559.7 321.239818 0.266760 20.154419 0.609863
7510.3 322.851462 0.176221 25.865112 0.383896
8569.3 325.501147 0.112987 26.102875 2.192856
9781.3 333.623268 0.049494 22.404495 3.636551
10470.4 340.657013 0.043205 18.385498 2.886353
11231.3 347.959798 0.024908 16.861221 5.883652
12088.6 363.172002 0.004951 22.631348 7.687180
13089.8 381.718443 0.003225 18.285736 7.436005
14276.4 402.509008 0.002682 15.777863 4.525955
15719.7 424.883508 0.002692 9.778488 2.890091
30861.1 883.330334 0.003489 -15.077988 -0.999344
