897.093750 301.336426 10.656840
211.8 298.551220 10.414760 0.153366 -8.648788
456.2 299.040863 10.180156 1.231583 -8.061508
706.7 300.809524 9.871830 1.786331 -4.886490
964.0 302.278781 9.525434 2.191132 -1.506027
1228.4 303.989997 8.569130 3.044601 1.271896
1500.4 305.650085 6.986231 4.955139 3.311646
2066.7 306.975713 5.537699 7.435654 7.061249
2664.8 308.728516 4.266190 10.305679 9.223175
3300.6 311.066086 2.733290 12.918777 9.449707
3980.4 313.723557 1.536590 14.155212 9.907425
4711.1 315.812778 0.974769 14.814301 10.173279
5501.1 318.010664 0.654843 16.343399 10.814224
6362.1 320.058555 0.482648 19.380981 11.396973
7309.7 322.011798 0.287622 23.413940 11.559677
8366.8 324.866116 0.128752 25.766937 11.270981
9576.7 333.467993 0.048496 23.080276 8.831863
10264.8 339.791110 0.049062 20.002686 8.120728
11025.0 349.107449 0.024282 15.896378 12.285995
11893.7 368.802398 0.005148 18.639160 10.878586
12907.0 385.254839 0.002852 15.213470 5.498505
14097.7 403.205991 0.002662 14.820831 5.186111
15549.8 427.694709 0.002678 9.821457 2.233841
30711.9 885.266936 0.003493 -13.699081 -4.108719
