891.043762 303.013641 11.113835
155.1 301.132210 10.669391 -0.168900 -5.877304
401.8 301.475549 10.240237 -0.244980 -5.846664
654.0 302.530467 9.756435 -0.180466 -3.238052
912.7 303.860875 9.265080 0.073944 -0.146652
1178.4 305.031930 8.360275 1.446945 2.773849
1451.0 305.968151 7.152647 3.439514 4.753052
2018.0 307.572606 5.383680 6.754013 7.824921
2617.6 309.501644 4.016327 10.389664 9.127472
3254.7 311.784778 2.528965 13.629715 9.002441
3935.9 314.351444 1.369220 15.473572 9.344925
4667.9 316.393714 0.968093 16.113129 9.423279
5459.4 318.654746 0.670697 18.366837 10.093521
6322.0 320.619369 0.449269 21.681763 10.043457
7271.1 322.565423 0.239104 24.995972 9.692490
8330.4 325.864809 0.111467 25.710297 8.556137
9544.4 334.139883 0.038244 24.435745 5.663895
10234.0 340.861898 0.038541 23.006592 5.382446
10995.3 347.338025 0.029289 16.749893 9.422714
11850.8 362.797606 0.007538 17.865723 10.480148
12860.4 386.050780 0.002842 15.842377 5.539520
14052.6 403.244909 0.002659 14.846222 5.514236
15504.6 427.594781 0.002679 9.833176 1.638138
30660.5 885.427106 0.003493 -14.085800 -3.729813
