896.393738 307.918518 10.812369
211.9 307.566422 8.797328 2.659225 3.833633
463.2 307.376083 8.743445 2.895645 4.040054
719.7 307.375518 8.716930 3.327347 4.424057
981.9 307.389360 8.689061 3.808319 4.728348
1250.0 307.418293 8.603939 4.538742 5.187912
1524.5 307.861708 8.023352 6.107483 5.956177
2094.5 308.766393 5.553434 8.343857 6.549530
2695.0 309.583375 4.136251 10.583023 5.701691
3332.5 311.800598 2.864897 11.129715 5.414551
4013.7 314.190417 1.809341 12.557556 5.794144
4745.9 316.566328 0.979537 14.624847 5.809998
5538.0 319.122166 0.628140 17.769180 6.357193
6402.6 321.569709 0.379174 22.687622 6.355957
7354.6 323.386633 0.227541 26.884644 6.188583
8414.6 325.170545 0.168091 24.431000 6.364731
9622.7 332.122762 0.041254 25.998245 3.062332
10308.8 340.028897 0.024624 25.846436 0.312134
11072.4 349.294599 0.017643 18.525284 0.825058
11933.6 364.558712 0.005597 22.365723 8.114914
12938.1 382.588269 0.003036 15.191986 5.541473
14122.0 401.658123 0.002656 16.520050 7.004471
15570.7 426.180695 0.002685 8.157394 1.522903
30714.4 884.298635 0.003491 -14.593613 -2.046219
