843.003723 311.217438 5.648774
186.5 309.490586 4.596104 5.811722 3.724838
449.7 309.460654 4.525319 6.636444 4.113113
718.9 309.193360 4.487404 7.437180 4.435959
994.3 309.250599 4.454702 7.691467 4.467896
1565.1 309.190274 4.376123 8.640732 4.703827
2165.9 309.503853 3.818201 11.022476 5.143097
2803.9 312.634551 1.184761 16.844559 6.533691
3486.1 314.865801 0.686390 17.620056 7.782425
4219.6 317.444875 0.406856 19.003754 8.575623
5013.6 319.550328 0.636723 20.698868 8.195084
5878.7 321.605236 0.495522 24.668091 6.678223
6831.0 323.600174 0.199527 27.595581 5.161240
7892.5 325.914399 0.086135 28.167328 0.989731
9100.8 330.494553 0.044890 27.631058 -1.535324
9782.0 336.666979 0.028394 28.420654 2.062134
10539.0 348.771815 0.011675 26.609268 1.196152
11402.8 364.759568 0.005366 22.037598 9.009445
12409.3 385.278348 0.002852 18.930267 3.389130
13600.6 402.183514 0.002662 13.121613 5.059158
15044.2 426.789695 0.002681 11.522629 1.505325
30184.5 884.466085 0.003491 -14.105331 -2.466141
