856.613770 310.715210 5.567996
66.8 308.806206 4.386107 3.243301 2.051773
323.9 309.079953 4.204621 4.743362 3.183823
586.9 309.031823 4.172936 5.769257 3.835770
855.7 308.890864 4.160770 6.050461 4.010178
1130.8 309.017350 4.144758 6.486389 4.276489
1701.2 309.101605 4.113386 7.689560 4.895233
2301.9 309.353645 3.883051 9.834976 5.510284
2938.6 311.671776 1.918614 15.506668 6.686035
3619.3 314.251816 0.924808 17.569275 8.270706
4351.7 317.059172 0.530357 19.015472 9.270935
5144.9 319.360170 0.673082 20.605118 9.101334
6009.7 321.426334 0.496357 24.306763 7.652832
6961.2 323.311498 0.205785 27.054565 6.454208
8021.9 325.767006 0.082171 27.251312 3.196762
9230.8 331.234648 0.040866 27.166214 -0.043137
9913.9 337.745245 0.025398 27.971436 1.706665
10673.3 349.566818 0.010148 24.636612 0.096542
11537.6 364.859193 0.005208 21.385254 9.296555
12543.3 384.890452 0.002842 18.315033 4.541473
13734.0 402.381641 0.002663 13.371613 5.934158
15181.1 427.591010 0.002680 10.923019 1.460403
30327.1 885.186851 0.003492 -14.160019 -2.972000
