901.093750 303.674011 11.454866
10.3 302.481134 11.139552 0.805557 -3.715622
253.0 302.684456 10.722320 1.266647 -4.271835
500.7 302.776777 10.574023 1.317520 -3.592758
754.1 303.706650 10.372032 1.624222 -0.962662
1013.8 304.406281 10.225907 1.827850 1.814285
1279.8 305.298716 9.364971 2.982101 4.500412
1552.9 306.816329 7.325262 5.582092 6.155396
2121.3 308.119759 5.290936 8.130966 8.196014
2721.0 309.362481 3.916906 10.393570 8.359894
3357.9 311.565554 2.619087 12.034012 8.131348
4038.4 313.871840 1.663667 12.352478 8.358597
4769.6 316.097294 0.900144 13.937347 8.520935
5560.3 318.356628 0.551846 16.450821 8.790787
6422.4 320.514058 0.424712 20.652466 8.920410
7371.3 322.490288 0.259906 25.091675 8.727646
8429.8 325.260083 0.132686 25.710297 7.903793
9642.4 334.414154 0.041373 22.060745 4.230301
10332.3 340.977053 0.033624 18.822998 3.640259
11095.5 348.153135 0.027471 15.851456 8.557480
11952.3 362.201465 0.007523 19.170410 10.421555
12958.3 384.361504 0.002943 15.330658 6.889130
14149.1 403.862287 0.002652 15.674347 5.490799
15601.8 426.802893 0.002681 9.092941 1.794388
30757.5 885.172290 0.003493 -14.499863 -3.216141
