915.663757 300.595032 11.888612
147.6 297.368586 11.106650 2.078995 -8.127731
386.1 297.688861 10.563056 1.979538 -9.916367
629.9 298.404571 9.965102 1.991348 -6.897446
879.6 300.085242 9.824623 2.157425 -2.837662
1136.9 302.695122 10.071412 2.587616 1.117020
1401.8 304.300897 9.500393 3.456711 4.476974
1674.0 305.573749 8.182138 5.130920 7.397583
2240.4 307.081683 5.340050 8.611435 10.297577
2839.5 309.592210 3.711151 9.426773 11.590363
3476.8 311.655955 2.685368 9.864090 12.164551
4157.3 313.840561 1.676780 11.325134 11.788284
4888.8 316.457998 0.930185 13.353363 10.378357
5680.4 318.728356 0.590470 15.249649 8.540787
6543.5 320.887089 0.410169 17.363403 6.865723
7493.8 323.206046 0.263900 19.353394 5.360458
8555.5 326.436474 0.154889 19.173187 4.704575
9768.3 332.761275 0.094436 13.767776 6.351395
10453.3 337.821517 0.080086 11.147217 9.167603
11206.8 343.799178 0.045710 7.646378 15.899277
12060.8 365.529248 0.004996 20.342285 11.792648
13074.7 387.259804 0.002861 17.559174 6.555145
14270.9 403.404118 0.002646 13.135284 3.777908
15721.6 428.413065 0.002682 8.905441 1.522903
30887.0 884.808267 0.003492 -14.421738 -3.239578
