904.563721 303.563812 11.690491
43.9 303.493579 10.923068 2.856339 -2.182419
287.2 303.343907 10.696094 3.553757 -1.769882
535.6 303.572653 10.684649 3.715958 -0.641586
789.4 303.925379 10.826458 3.473831 0.765854
1049.1 304.552000 10.563508 3.657928 2.743973
1315.4 305.632722 9.184727 5.058273 5.367599
1588.9 307.183166 6.808847 7.224670 6.465942
2158.0 308.695026 4.684637 8.654404 8.168671
2758.6 309.459674 3.644632 9.071304 8.988800
3395.3 311.375711 2.581656 10.006668 9.057129
4075.2 313.562530 1.749021 10.940369 8.915237
4806.1 316.147293 0.835294 12.704926 8.073669
5597.1 318.576229 0.431921 15.620743 7.433365
6459.9 320.795734 0.370710 20.109497 6.939941
7409.7 322.743374 0.243455 25.040894 6.442490
8468.4 325.196718 0.140882 25.538422 5.290512
9680.3 334.042655 0.053607 19.884964 1.601395
10369.9 340.903773 0.048167 14.580811 1.034790
11131.3 346.170268 0.028447 9.685440 6.907089
11986.3 364.078264 0.003122 20.709473 10.966476
12993.0 383.283458 0.003046 16.734955 8.488739
14183.8 404.115253 0.002647 15.693878 4.715408
15634.6 426.227832 0.002683 9.424973 2.093216
30790.2 884.895632 0.003492 -14.757675 -2.720047
