881.593750 310.860687 6.698238
65.5 308.881266 5.613963 3.700241 3.007462
317.7 308.736643 5.476634 5.161270 3.926773
574.8 308.681701 5.464901 5.184769 3.926010
837.6 308.777856 5.468026 5.683319 4.208817
1106.5 308.626179 5.473503 6.101242 4.428146
1381.5 308.646272 5.486578 6.271545 4.469849
1951.8 308.701513 5.460213 7.595810 4.748749
2552.2 309.455256 4.236149 11.596695 4.449738
3190.0 312.044682 2.964079 13.203934 4.902832
3871.8 314.585453 1.583082 15.245056 5.673050
4605.0 317.172264 0.878448 17.374847 6.208435
5398.8 319.834951 0.592854 19.583633 6.859146
6265.1 322.115298 0.419229 23.015747 6.068848
7218.7 323.920486 0.228912 25.978394 4.922958
8280.1 325.461199 0.161684 23.628265 3.505356
9485.4 330.044692 0.047453 25.865433 1.949051
10166.6 337.441656 0.026576 28.869873 2.116821
10927.3 350.307687 0.011683 23.537003 1.049667
11792.5 365.577454 0.005298 22.959473 7.261398
12799.5 383.835915 0.002965 15.320892 3.303192
13983.7 400.395064 0.002659 15.211456 6.613846
15428.0 426.486138 0.002685 9.010910 0.936966
30566.0 883.694357 0.003490 -14.343613 -1.833328
