889.433777 309.715820 7.944050
143.0 308.664154 6.755988 4.081100 3.513321
394.8 308.466577 6.680171 4.637833 3.874039
652.0 308.458846 6.668915 5.057816 4.164291
914.8 308.438538 6.665841 5.421600 4.423660
1183.5 308.390904 6.656536 5.737961 4.631271
1458.4 308.362133 6.634325 6.212952 4.876099
2028.6 308.651772 5.633543 8.021591 5.129608
2629.2 309.667314 4.113840 10.866226 4.455597
3267.5 312.218704 2.934754 11.643387 4.756348
3949.4 314.563442 1.795990 13.500916 5.253128
4682.5 316.948461 0.986690 15.683441 5.532654
5475.7 319.519657 0.599649 18.374649 6.050552
6341.2 321.889450 0.396936 22.543091 5.641113
7294.2 323.768898 0.229210 26.396362 4.864365
8355.3 325.338601 0.172592 23.891937 4.165512
9560.9 330.498907 0.047408 25.920120 2.784988
10244.0 338.750231 0.026516 27.959717 0.913696
11006.8 350.521131 0.012204 21.437393 0.848495
11871.3 365.023091 0.005495 22.381348 6.786789
12876.7 382.873733 0.003036 14.900970 3.896942
14059.0 400.386219 0.002659 16.285675 6.768143
15504.1 426.018547 0.002686 8.323410 1.192825
30641.4 883.519626 0.003490 -14.402206 -1.651688
