906.223755 304.294769 12.051344
59.6 303.825693 10.885398 3.282120 -0.944138
303.1 303.741606 10.734241 3.989304 -0.320663
551.8 303.928649 10.731856 4.014786 0.768570
805.9 304.325694 10.856499 3.800003 1.947495
1066.0 304.874664 10.544435 4.027069 3.722488
1332.6 305.798675 9.202847 5.364914 5.918381
1606.1 307.295549 6.619543 7.127014 6.944458
2175.4 308.764231 4.835794 7.861435 8.483124
2776.2 309.483972 3.967689 7.950211 9.326691
3413.0 311.348591 2.609789 9.178543 9.600098
4092.8 313.540520 1.667959 10.942322 9.149612
4823.7 316.274670 0.798101 12.874847 7.989685
5615.1 318.757799 0.399496 15.796524 6.876724
6478.3 320.982250 0.341146 20.164185 5.877441
7428.7 322.960869 0.228316 24.915894 4.934677
8488.5 325.663693 0.136263 25.161469 3.321762
9701.6 333.997669 0.055127 19.849808 0.511551
10391.0 341.044351 0.052519 15.076904 0.112915
11152.5 346.120773 0.033140 9.472549 5.641464
12004.6 362.116302 -0.000950 19.396973 10.165695
13009.9 383.468170 0.003086 17.547455 9.090302
14201.7 404.124098 0.002647 15.486847 4.264236
15651.3 426.288166 0.002684 9.639816 2.085403
30806.6 884.750023 0.003492 -14.863144 -2.483719
