832.973755 310.670197 5.373562
79.4 309.108842 4.573693 3.657425 2.017807
342.6 309.541840 4.358426 6.118866 3.421707
611.8 309.172354 4.289993 7.128586 3.930099
887.1 309.244237 4.264921 7.378967 4.044067
1457.8 309.151346 4.235456 8.404404 4.508514
2058.2 309.179139 4.074501 10.614273 5.369659
2694.7 311.723757 1.690924 15.451981 6.859863
3375.6 314.361870 0.767929 17.366150 8.774612
4107.9 316.943699 0.517244 18.572113 9.733826
4900.8 319.184734 0.674512 20.528946 9.214615
5764.8 321.119281 0.477283 24.966919 7.725098
6715.5 323.042595 0.178010 28.185425 6.422958
7775.6 325.671958 0.086403 28.671234 2.321762
8984.5 331.289793 0.040270 28.470901 -0.461105
9667.5 337.674956 0.025175 28.502686 2.030884
10426.8 349.610126 0.009984 25.451065 0.551620
11291.9 365.262511 0.005093 20.971191 9.505539
12297.9 384.972733 0.002824 19.203705 4.727020
13490.3 403.013171 0.002663 13.037628 5.332596
14937.3 427.521248 0.002679 11.602707 1.876419
30083.9 885.390703 0.003493 -13.952988 -3.229813
