884.253723 302.309082 10.761427
89.2 300.959738 10.574977 -0.266556 -5.437851
335.8 301.418263 9.852092 -0.395370 -6.329086
587.9 302.243643 9.472717 -0.342575 -4.458755
846.4 303.661032 8.919850 -0.000275 -1.744308
1111.8 304.744138 8.256802 1.245773 1.232834
1384.2 305.713698 7.113070 3.023499 3.542114
1950.8 307.397431 5.289028 6.521591 7.080780
2549.9 309.064274 4.144596 9.920914 9.279816
3185.8 311.364411 2.772867 13.825027 9.701660
3866.5 314.257608 1.200658 16.434509 10.430862
4598.4 316.423475 0.903005 16.945160 10.231873
5390.0 318.725902 0.676062 19.198868 10.808365
6252.8 320.659971 0.465363 22.400513 10.424316
7201.9 322.528514 0.224501 25.488159 9.899521
8261.0 325.773893 0.095016 26.220062 8.462387
9474.0 333.646487 0.038572 24.845901 5.238113
10162.3 339.870372 0.035904 23.170654 5.323853
10921.5 346.818334 0.021771 17.007706 9.006699
11780.5 366.752060 0.004744 20.154785 11.861008
12793.4 386.586445 0.002809 16.381439 5.318817
13986.7 403.085700 0.002662 13.902863 5.231033
15437.3 427.764471 0.002678 10.424973 1.747513
30593.7 885.470788 0.003493 -13.788925 -3.979813
