911.603760 302.448944 11.929884
110.4 299.832271 11.039416 3.391495 -5.262497
351.0 300.160280 10.836761 3.756882 -6.271835
596.8 300.736960 10.751884 3.477676 -4.256821
848.5 301.948565 11.020531 3.301956 -1.386490
1107.2 303.769280 10.696069 3.384491 1.952957
1373.0 304.882783 9.842285 3.749680 4.934006
1645.7 306.131425 8.116335 5.212952 7.229614
2213.5 307.875378 5.154083 8.050888 9.653046
2813.4 309.583375 3.789829 8.500992 10.898956
3450.5 311.551994 2.764046 9.297684 11.381348
4130.8 313.715447 1.725895 11.086853 10.903519
4862.1 316.409190 0.958080 13.132660 9.511169
5653.7 318.810553 0.533011 15.427383 7.818130
6517.1 320.998744 0.400990 18.392700 6.223145
7467.6 323.132229 0.268430 21.857300 4.731552
8528.5 326.119648 0.163711 23.177094 3.407700
9741.8 333.512979 0.084274 16.912308 2.374832
10429.7 339.786623 0.079221 12.248779 3.421509
11187.6 344.829280 0.043676 7.341690 10.135605
12038.5 362.384646 0.007050 18.729004 11.601242
13047.5 385.738449 0.002935 18.188080 8.346161
14242.9 404.005575 0.002644 14.184113 3.525955
15692.5 427.215806 0.002683 9.606613 1.935013
30853.0 884.859230 0.003492 -14.714706 -2.888016
