897.223755 303.453369 11.324630
215.0 301.956016 10.657470 0.348679 -5.308945
462.1 302.128209 10.465304 0.297989 -4.877914
714.9 303.306335 10.144581 0.614456 -1.991959
974.3 304.295951 9.867326 0.825897 1.159988
1240.2 305.271407 8.923420 2.091476 3.838303
1513.1 306.419806 7.218927 4.386780 5.622192
2080.8 307.786709 5.447100 7.281357 8.174530
2680.4 309.521524 4.053759 10.499039 8.631378
3317.8 311.775737 2.583086 12.944168 8.361816
3998.8 314.149871 1.546127 13.920837 8.557816
4730.4 316.240147 0.948781 15.083832 8.882263
5521.4 318.465815 0.624206 17.390274 9.431412
6383.6 320.517864 0.439733 21.121216 9.578613
7332.5 322.510060 0.253886 24.958862 9.333115
8391.6 325.663693 0.124073 25.653656 8.384262
9605.3 334.414154 0.037946 23.513870 5.277176
10295.4 341.159506 0.035487 21.655029 4.765259
11058.3 348.187163 0.029594 17.218643 9.110214
11913.5 360.882243 0.007861 17.455566 9.907883
12920.4 385.298498 0.002890 15.379486 6.102020
14112.0 403.586324 0.002656 15.420441 5.609940
15564.7 427.251629 0.002680 9.323410 1.659622
30720.5 885.310618 0.003493 -14.320175 -3.473953
