893.913757 301.095795 10.310558
181.2 298.595860 10.200660 0.213913 -8.023788
425.7 299.040863 10.047118 0.862442 -8.307602
676.0 300.425717 9.878029 1.153519 -5.706802
932.9 301.827052 9.529248 1.409882 -3.011887
1197.0 303.601373 8.801350 2.400070 -0.040604
1468.5 305.124214 7.394403 4.127014 2.477661
2034.2 306.690242 5.611370 6.720810 6.729218
2631.8 308.403802 4.371809 9.825211 9.594269
3266.8 310.733861 2.733767 13.086746 9.988770
3946.2 313.605393 1.379711 14.940369 10.428909
4676.8 315.802064 0.936145 15.679535 10.628357
5466.8 318.047468 0.682141 17.280899 11.368912
6327.9 320.071243 0.488251 20.086060 11.760254
7275.3 321.914254 0.267357 23.777222 11.766708
8331.9 324.755915 0.112301 25.987640 11.446762
9540.8 332.952829 0.052877 24.466995 9.070145
10227.5 338.676951 0.055260 21.416748 8.706665
10986.0 349.358014 0.023030 17.288956 12.434433
11858.7 371.471373 0.003912 20.107910 10.861008
12875.6 386.102835 0.002809 14.957611 4.840302
14067.0 402.848655 0.002666 13.898956 5.184158
15518.0 427.936047 0.002677 10.143723 2.335403
30680.4 885.215972 0.003493 -13.359238 -4.329422
