910.793762 305.470520 12.521159
104.4 306.909324 10.179679 2.631729 4.979691
350.3 306.722325 10.042350 2.698288 5.585587
601.3 306.700918 9.986083 2.762833 5.938492
857.5 306.663618 9.906639 2.764847 6.250229
1119.3 306.727379 9.759084 2.923553 6.656082
1387.0 307.290152 8.439907 4.036789 7.873459
1661.6 308.451191 5.899042 4.976624 8.596802
2232.6 309.599016 4.701803 5.521591 7.231171
2834.6 309.718120 4.139828 6.303726 6.717316
3472.1 311.861619 2.144634 8.768387 7.570801
4153.1 314.276143 1.255972 10.932556 6.837112
4885.5 316.844892 0.637645 12.454926 5.808044
5678.1 319.215405 0.290062 15.675430 3.966568
6542.3 321.209367 0.241249 20.582153 1.811035
7492.7 322.786873 0.161380 25.296753 0.872177
8552.1 325.798688 0.090695 24.690765 1.560043
9765.7 333.951232 0.045352 22.060745 2.734207
10454.8 340.631589 0.042624 19.155029 2.331665
11216.0 347.517442 0.032366 16.486221 5.297714
12069.7 362.114696 -0.002595 21.432129 7.482101
13071.3 382.338068 0.003184 18.492767 8.795380
14260.5 403.030861 0.002667 15.188019 4.406815
15706.0 426.044943 0.002689 9.704269 1.999466
30853.7 883.927332 0.003490 -15.148300 -1.364578
