901.523743 305.789307 11.792752
14.6 306.577210 10.614078 1.838760 1.575394
260.2 306.129834 10.171096 2.520554 2.620743
510.6 306.070764 10.102908 2.805801 3.141617
766.3 306.017748 10.035862 3.001175 3.551010
1027.5 305.977966 9.951726 3.355194 4.070145
1294.7 306.561219 8.684525 5.400070 5.471115
1568.8 307.976212 6.377310 7.736389 6.155396
2138.9 309.216226 4.541824 8.322372 7.319061
2740.1 309.729164 3.571199 9.067398 7.223175
3377.2 311.549734 2.596438 10.303543 7.164551
4057.5 313.752518 1.757604 11.120056 7.132034
4788.7 316.202053 0.764007 13.083832 6.421326
5579.8 318.667014 0.426676 16.577774 6.261490
6443.1 321.045690 0.346988 22.218872 6.184082
7393.5 322.956915 0.218004 27.212769 6.153427
8452.6 325.196718 0.139660 25.606781 5.856918
9664.5 333.986060 0.037380 23.209183 2.023270
10353.9 341.060802 0.028379 19.842529 0.155884
11116.5 346.878656 0.023246 13.546768 3.655136
11972.8 364.044520 0.003798 21.689941 9.546555
12977.6 382.264183 0.003095 15.736908 7.557098
14164.5 403.269675 0.002650 16.566925 5.904861
15614.8 425.867711 0.002685 8.766769 2.022903
30764.3 884.626255 0.003491 -14.773300 -2.274734
