915.803772 304.229065 12.394401
150.1 301.160728 11.312644 3.627823 -3.448044
391.9 301.649625 10.999839 3.821335 -3.226913
639.2 302.645836 10.859649 3.454239 -0.686508
892.5 303.326970 10.974277 2.876175 1.679916
1152.0 304.366729 10.489598 2.468475 3.794754
1418.1 305.206286 9.850868 2.341476 6.730881
1691.0 306.269254 8.375257 3.185608 9.405396
2259.4 308.496061 5.388210 5.461044 11.875702
2860.4 309.623135 4.297422 6.500992 11.588409
3497.4 311.391531 3.076613 7.832840 11.375488
4177.6 313.733983 1.698238 10.446228 10.712112
4909.0 316.443713 0.957126 12.743988 9.239685
5700.8 318.938142 0.546243 15.292618 7.460709
6564.5 321.230937 0.382154 18.453247 5.168457
7516.0 323.663445 0.256688 21.230347 2.579208
8579.4 327.152778 0.156469 21.407562 0.528793
9796.2 333.856906 0.081904 17.888870 1.413895
10483.7 339.828498 0.075973 16.076904 3.097290
11242.2 345.693884 0.049025 13.599503 8.112167
12090.2 358.443047 0.013029 17.631348 11.630539
13094.4 386.925643 0.002903 17.766205 7.711395
14290.1 403.244909 0.002646 13.863800 3.453690
15738.9 427.643802 0.002684 8.575363 0.987747
30897.8 884.560731 0.003492 -14.921738 -2.417313
