896.183777 306.256409 11.297517
207.8 306.125775 9.689013 0.971725 0.985977
458.1 306.044167 9.596030 1.059708 1.637711
713.8 306.127113 9.538521 1.274612 2.363510
975.1 306.082051 9.489194 1.722382 3.337723
1242.3 306.300736 9.020695 2.853195 5.041428
1516.1 307.212852 7.575602 5.273499 6.645630
2085.2 308.426856 5.413244 7.953232 7.916718
2685.3 309.455256 4.124092 10.508804 7.275909
3322.5 311.642395 2.769053 12.168777 6.734863
4003.3 314.045609 1.665098 13.186462 7.007034
4735.1 316.425856 0.882501 15.056488 7.210388
5526.7 318.813006 0.602152 17.985977 7.849380
6390.3 321.085023 0.409096 22.498169 7.814941
7340.7 322.927915 0.238449 26.326050 7.649521
8400.3 325.433649 0.135905 25.218109 7.099106
9611.6 333.391081 0.035845 25.088089 2.847488
10299.7 340.570273 0.024117 24.733154 1.097290
11063.5 348.954325 0.024304 18.660049 3.145370
11920.5 361.602111 0.007132 20.197754 9.066086
12925.0 383.976967 0.002953 15.172455 6.637177
14113.3 402.942411 0.002654 15.844269 6.662674
15564.9 426.795351 0.002682 8.632004 1.407669
30714.8 884.961156 0.003492 -14.593613 -2.747391
