882.063721 309.469147 8.520975
69.6 308.430810 6.767909 2.256882 2.755508
321.4 308.521818 6.553809 3.483536 3.913101
578.6 308.417576 6.501545 3.825394 4.234604
841.2 308.351107 6.464139 4.152069 4.529129
1109.8 308.399307 6.409534 4.780930 4.943771
1384.6 308.294278 6.190390 5.521545 5.380005
1954.6 308.673399 5.245874 7.445419 6.082733
2554.9 309.232154 4.328178 10.506851 5.959503
3191.8 311.418652 2.856552 13.905106 6.023926
3872.4 314.129019 1.440031 15.944275 6.757034
4604.9 316.991317 0.796909 17.730316 7.497498
5398.2 319.540513 0.671055 19.767227 8.070084
6263.9 321.860267 0.445097 23.123169 7.230957
7216.5 323.613356 0.229210 25.898315 6.430771
8277.6 325.604460 0.130392 24.456390 5.196762
9484.6 331.104043 0.041716 26.658401 1.640457
10168.1 338.389812 0.025547 28.291748 1.304321
10929.7 350.213338 0.012897 22.783096 0.024277
11793.1 364.126470 0.005352 22.037598 8.351242
12798.3 384.096191 0.002911 16.193939 4.769989
13985.2 401.603285 0.002659 14.814972 6.982986
15433.3 427.225233 0.002683 9.200363 1.085403
30578.0 884.713621 0.003492 -14.441269 -2.479813
