851.023743 306.083649 7.673245
5.8 306.473817 7.067840 1.303848 -1.112289
260.8 307.142345 6.838669 2.100784 -0.886490
522.7 307.551733 6.253376 3.575897 0.538895
790.5 307.573743 5.960354 4.122726 1.621506
1064.5 307.885033 5.500883 4.937561 2.815552
1633.3 308.407392 4.348944 7.134872 4.953827
2233.0 308.894186 3.825115 9.432632 6.617706
2868.0 310.903363 2.352535 13.885574 8.174316
3547.9 314.035183 0.880701 17.196228 10.237503
4279.6 316.622279 0.713462 18.304535 10.581482
5071.8 318.971267 0.640895 20.495743 10.433365
5935.2 320.887089 0.439017 24.611450 9.203613
6885.0 322.756555 0.171215 27.589722 8.106552
7944.9 325.881339 0.091321 27.661469 4.735825
9156.3 332.494261 0.035293 26.572464 1.011551
9841.9 338.859404 0.025443 26.069092 2.007446
10601.8 348.310899 0.015214 21.929581 2.182480
11463.0 366.120568 0.004755 21.318848 11.460617
12471.7 385.827446 0.002800 18.457611 5.787567
13665.7 403.412963 0.002663 13.022003 5.400955
15115.0 427.836118 0.002678 11.206223 1.702591
30266.7 885.579995 0.003493 -13.781113 -3.778641
