902.483765 301.939362 11.091620
23.8 299.159991 11.254947 0.948135 -5.164841
263.7 298.969210 10.630290 1.458054 -8.125351
508.4 299.486881 10.292689 2.393692 -6.973618
759.3 301.327457 10.105480 3.128128 -2.845474
1017.3 303.248854 9.881631 3.603241 1.425613
1282.5 304.573984 9.026894 4.589523 4.154709
1555.1 306.373156 7.167906 6.597717 5.426880
2122.6 307.579094 5.165051 9.279404 7.834686
2721.5 309.006842 3.766226 10.774429 9.018097
3357.6 311.240109 2.530634 11.944168 9.381348
4037.5 313.632038 1.663190 12.082947 9.866409
4768.3 315.952060 0.892992 13.243988 9.858826
5558.5 318.148068 0.523712 15.005508 9.597427
6420.0 320.242532 0.436514 18.441528 9.762207
7368.1 322.176567 0.285596 22.964722 9.837021
8425.5 324.881269 0.141865 25.253265 9.384262
9637.0 334.518638 0.056900 18.470901 6.144363
10326.6 340.099186 0.047899 12.256592 6.128540
11087.4 347.763367 0.022464 12.079971 11.698105
11949.3 366.155919 0.005700 19.803223 11.841476
12957.8 384.364863 0.002939 16.336517 7.295380
14149.9 404.168322 0.002652 15.201691 4.664627
15602.3 427.080054 0.002680 9.618332 2.294388
30764.2 885.186851 0.003493 -14.226425 -3.618484
