911.723755 306.315979 10.807515
114.3 307.807039 9.017150 3.159073 3.942581
360.7 307.653673 8.841197 3.545944 4.323868
612.1 307.637966 8.727233 3.731583 4.467789
868.9 307.674723 8.592476 4.278519 4.777573
1131.3 307.672472 8.338586 5.101288 4.997879
1399.7 308.037991 7.038960 6.521164 4.902756
1674.5 308.699283 5.468458 6.884827 4.803833
2245.8 309.910439 4.374693 6.117294 5.610077
2848.5 310.727604 3.072904 7.588882 6.147003
3487.7 312.700092 1.931727 10.104324 6.428223
4170.3 314.882020 1.283867 11.192322 5.819534
4903.5 316.963936 0.613327 12.193207 4.727966
5696.1 319.107444 0.355031 14.587540 3.060318
6560.1 321.244894 0.298470 19.851685 1.510254
7511.2 323.191546 0.204534 26.552612 1.430771
8571.1 325.443292 0.155694 26.409515 2.743637
9781.6 333.450579 0.049181 23.838089 2.534988
10471.0 340.852925 0.036172 18.627686 0.835571
11232.7 348.725414 0.018388 17.380753 5.264511
12093.1 363.313404 0.006771 22.650879 7.308273
13093.1 381.171023 0.003250 17.445892 6.299286
14276.5 401.863326 0.002690 16.955597 5.063065
15719.6 423.854054 0.002693 8.737473 3.034622
30854.3 882.791580 0.003488 -14.812363 -0.936844
