820.263733 311.227844 5.568672
212.0 309.641762 4.962578 5.829803 3.486160
481.4 309.107233 4.856953 7.851242 4.564865
756.7 309.125492 4.816145 8.164124 4.690552
1327.6 309.159997 4.744480 9.353622 5.137421
1928.3 309.300631 4.278111 11.735367 5.906769
2566.3 312.905755 0.988304 17.053543 7.312988
3249.1 315.105603 0.554782 17.622009 8.409378
3982.8 317.432971 0.401372 18.546722 9.042419
4776.5 319.376119 0.678565 20.612930 8.282974
5641.0 321.351474 0.493257 25.277466 6.793457
6592.5 323.387951 0.177056 28.673706 5.317490
7653.7 325.915777 0.082320 30.149750 0.173325
8862.8 330.871857 0.043951 29.095901 -2.261887
9544.7 336.988515 0.027947 28.815186 1.597290
10302.1 348.807389 0.011407 26.693253 0.768417
11165.6 364.455874 0.005303 21.061035 9.116867
12171.1 385.090277 0.002835 19.963470 3.967255
13363.7 402.919414 0.002662 13.143097 4.566971
14807.8 426.635088 0.002680 12.071457 1.958450
29948.6 884.757304 0.003492 -13.960800 -2.696609
