898.433777 306.137756 11.538756
230.7 306.073019 9.895007 1.729538 1.800430
481.0 305.993018 9.827773 1.866348 2.327164
736.7 305.984733 9.773602 2.130081 2.877182
997.9 305.865554 9.723321 2.515350 3.503738
1264.9 306.258722 8.892902 3.878586 5.146896
1538.9 307.566966 7.208914 6.642639 6.493286
2108.5 308.826948 5.076597 8.498154 7.600311
2709.0 309.543614 3.936218 10.079117 7.051300
3346.1 311.583634 2.711355 11.168777 6.697754
4026.6 313.882266 1.723749 11.805603 6.946487
4758.0 316.237766 0.834102 13.822113 6.708435
5549.2 318.674375 0.522878 17.150040 7.064224
6412.5 321.036808 0.375598 22.373169 7.131348
7362.9 322.918688 0.228793 26.872925 7.087021
8421.9 325.155392 0.139064 25.374359 6.825668
9633.2 333.637780 0.037156 24.037308 2.640457
10321.8 340.737771 0.025935 22.303467 0.640259
11085.1 347.913397 0.022196 16.025284 3.539902
11942.7 363.660484 0.005085 21.533691 9.603195
12947.5 382.992956 0.003021 15.223236 7.049286
14134.7 403.069779 0.002651 16.311066 6.371658
15585.8 426.259884 0.002683 8.551926 1.690872
30735.6 884.779145 0.003492 -14.687363 -2.509109
