859.783752 311.023712 6.102307
98.3 309.272683 4.823844 4.135880 3.098648
356.0 309.405983 4.660000 6.268753 4.232651
619.1 309.158807 4.620209 6.499725 4.249832
888.0 309.336206 4.599937 6.646164 4.164474
1163.4 309.256960 4.583448 7.203186 4.247192
1734.2 309.142696 4.556368 8.002060 4.352264
2334.9 309.625344 4.035162 10.903336 4.676300
2972.7 312.261645 1.945078 16.307449 5.986816
3654.4 314.641059 0.884754 17.420837 7.184769
4387.6 317.390115 0.547523 19.146332 8.003357
5181.7 319.728217 0.643398 20.734024 8.019302
6047.6 321.921170 0.473111 24.062622 6.547363
7000.7 323.859850 0.206083 26.622925 4.985458
8062.7 325.886849 0.111854 26.134125 1.790512
9269.7 330.127408 0.045545 26.654495 -0.601730
9950.3 336.502472 0.028066 28.436279 2.503540
10707.5 349.090435 0.011690 26.234268 1.422714
11572.1 365.262511 0.005396 22.857910 8.581711
12579.5 385.144012 0.002881 17.633392 3.019989
13768.8 401.419310 0.002661 13.471222 5.629471
15212.2 426.850029 0.002682 10.770676 1.138138
30351.7 884.174867 0.003491 -14.210800 -2.239578
