903.403748 303.486115 11.639030
32.9 303.074914 10.980289 1.825089 -3.157028
276.0 303.043603 10.719459 2.479538 -3.099960
524.1 303.206427 10.693709 2.657364 -2.125961
777.7 303.737603 10.839809 2.655472 -0.124771
1037.3 304.360484 10.587827 2.820038 2.154129
1303.4 305.395346 9.616264 4.069992 4.961349
1576.7 307.051698 7.443041 6.646545 6.372192
2145.6 308.478760 5.022476 8.773544 8.117889
2745.7 309.347018 3.765272 9.959976 8.557159
3382.4 311.418652 2.602637 11.026199 8.437988
4062.5 313.673743 1.702530 11.327087 8.585159
4793.5 316.072295 0.900859 13.029144 8.247498
5584.2 318.415516 0.514652 15.804337 8.103287
6446.5 320.628251 0.402658 20.281372 8.008301
7395.8 322.574650 0.255317 25.122925 7.758896
8454.1 325.030039 0.143296 25.681000 6.899887
9665.8 334.235660 0.051878 20.646683 2.909988
10355.6 340.817033 0.045441 15.916748 2.304321
11117.7 347.116847 0.031673 12.511612 7.901230
11974.8 364.179496 0.005992 20.842285 11.075851
12981.3 383.582355 0.002978 15.863861 7.728973
14171.7 404.023265 0.002648 15.750519 5.170486
15623.6 426.412605 0.002682 9.174973 1.970169
30779.4 885.026681 0.003492 -14.640488 -2.964188
