921.983765 303.824921 12.218184
207.3 299.387439 11.271636 3.955948 -6.645309
447.7 299.949256 10.914485 3.588913 -6.389023
693.7 301.551250 10.634105 2.528458 -3.024399
946.0 302.322055 10.734428 1.893753 -0.491959
1204.6 303.332123 10.124341 1.222382 2.275223
1469.9 304.525669 9.390244 0.683273 5.416428
1742.3 305.705216 8.463949 0.990295 8.432739
2309.8 308.223566 5.740593 3.427841 12.998749
2910.8 310.095848 4.027294 5.684586 13.133331
3548.8 311.782517 2.979815 7.256668 12.145020
4229.6 313.911228 1.827938 9.387634 11.462112
4961.1 316.335383 1.152391 11.704926 10.151794
5752.5 318.687870 0.761416 13.788712 8.531021
6615.6 320.955605 0.481337 16.097778 6.520020
7566.4 323.503949 0.311643 18.019409 4.329208
8629.4 327.060485 0.186867 18.067719 2.954575
9844.5 332.961536 0.109352 14.732620 5.523270
10529.0 338.223810 0.088550 14.666748 8.163696
11284.5 344.954562 0.058115 14.062393 13.045761
12136.1 362.770290 0.011163 18.717285 11.864914
13149.2 387.281634 0.002832 15.893158 4.971161
14341.6 401.921703 0.002648 13.740753 4.279861
15791.2 428.035975 0.002684 6.653488 0.222122
30954.6 884.364159 0.003491 -14.788925 -2.538406
