909.083740 306.302917 10.702815
88.6 307.821129 8.990924 2.842667 3.704300
335.1 307.673963 8.802096 3.368210 4.136368
586.6 307.631828 8.704822 3.819473 4.438492
843.4 307.629326 8.600582 4.114456 4.543198
1105.8 307.647491 8.423463 4.999725 4.738113
1374.1 307.823723 7.589706 6.339523 4.703537
1648.9 308.393939 6.144136 6.960999 4.669067
2220.0 309.815282 4.413555 6.988388 5.338593
2822.4 310.637038 3.077911 7.875992 5.920441
3461.6 312.548670 2.208054 10.108231 6.137207
4143.9 314.729102 1.512748 11.270447 5.850784
4876.8 316.778227 0.747318 12.449066 4.940857
5669.0 318.954091 0.432756 15.073868 3.857193
6532.9 321.298184 0.317066 20.509888 2.873535
7484.4 323.353679 0.220627 27.011597 2.751083
8544.6 325.381304 0.179148 26.114594 3.610825
9753.9 332.935415 0.047468 25.131058 2.359207
10443.0 341.237273 0.033773 20.244873 -0.359741
11205.8 349.102809 0.016123 17.111221 3.883652
12067.2 363.589782 0.006523 22.314941 7.157883
13067.7 381.011499 0.003233 16.588470 5.861786
14249.8 401.560829 0.002676 17.455597 5.662674
15694.3 424.244341 0.002691 8.180832 2.673294
30829.6 883.031836 0.003489 -14.691269 -1.112625
