904.043762 307.157715 10.212688
39.3 307.837231 8.799235 2.424698 3.114456
286.1 307.854552 8.468787 3.403366 3.970352
537.7 307.873250 8.396308 3.977676 4.389664
794.7 307.782024 8.336891 4.280472 4.488510
1057.2 307.793211 8.247510 4.870819 4.615067
1325.6 307.903548 7.900127 5.812180 4.717209
1600.4 308.200979 7.144064 6.779358 4.840942
2171.1 309.464932 4.933546 7.912216 5.145233
2773.2 310.493457 3.424810 8.473648 5.320831
3412.2 312.431148 2.522290 10.207840 5.619629
4094.3 314.577344 1.744253 11.500916 5.633987
4827.0 316.655612 0.933523 13.017426 5.099060
5619.0 318.896430 0.542428 15.919571 4.609146
6483.0 321.400957 0.339597 21.263794 4.062988
7434.9 323.498676 0.224799 27.160034 3.813583
8495.4 325.359264 0.189817 25.612640 4.212387
9703.4 332.145981 0.046380 25.931839 2.617020
10391.2 341.093703 0.028766 22.838623 -0.797241
11155.0 349.692101 0.014209 17.816299 2.379745
12017.6 363.895084 0.006192 22.002441 6.878586
13019.2 381.268417 0.003184 15.715424 5.295380
14200.4 401.120350 0.002669 17.539581 6.223221
15645.8 424.800548 0.002689 7.889816 2.181107
30781.7 883.213847 0.003489 -14.577988 -1.292313
