872.083740 306.418945 8.111495
219.8 305.618608 7.158439 1.081192 -1.104477
474.9 306.056954 6.874432 1.483597 -0.224380
736.0 306.639947 6.511822 2.226288 1.179520
1003.2 306.907830 6.190666 2.792648 2.594162
1276.9 307.265863 5.735964 3.923889 3.960083
1845.2 308.329536 4.570435 6.773544 6.199921
2445.4 309.349227 3.944801 9.514664 7.498566
3081.6 311.490973 2.477467 14.248856 8.250488
3762.3 314.281936 1.069528 17.241150 9.585159
4494.6 316.818702 0.749702 18.216644 9.841248
5287.3 319.152837 0.685956 20.325821 10.034927
6151.3 321.111668 0.467627 23.888794 8.982910
7101.7 322.963505 0.201315 26.574097 8.087021
8162.1 326.071435 0.082946 26.563812 5.411606
9375.0 333.070374 0.035726 25.716995 1.472488
10062.1 339.716334 0.026918 25.354248 1.788696
10822.8 347.819049 0.017658 19.904190 2.291855
11679.6 363.906331 0.005722 20.213379 10.712570
12687.0 385.738449 0.002820 17.684174 5.762177
13879.6 402.968946 0.002662 13.744659 5.930252
15329.4 427.828576 0.002679 10.602707 1.403763
30480.4 885.492630 0.003493 -14.062363 -3.516922
