912.833740 304.958588 12.445951
123.2 305.677482 10.610740 2.993057 3.118362
368.2 305.624593 10.409514 2.911179 3.816055
618.3 305.770009 10.297935 2.803848 4.538101
873.8 305.879495 10.217060 2.573441 5.515854
1135.0 306.119522 10.019914 2.318085 6.417801
1402.3 306.405769 9.466061 2.505539 8.248459
1676.2 307.410053 7.481665 3.539124 10.010864
2246.3 309.265967 4.918287 5.166122 9.926483
2847.9 309.472928 4.332947 6.024429 8.660675
3484.6 311.364411 2.610028 7.942215 9.023926
4164.8 313.859097 1.387579 10.766541 8.501175
4896.4 316.624660 0.755186 12.691254 7.476013
5688.6 319.068186 0.358846 15.859024 5.802505
6552.5 321.178915 0.266879 20.017700 3.420410
7503.3 323.207364 0.180274 23.535034 1.247177
8564.8 326.550808 0.102407 22.784515 0.130356
9780.6 334.115213 0.053652 21.025589 0.972488
10469.3 340.345946 0.052623 19.405029 1.331665
11230.0 347.143141 0.040487 16.855362 4.864120
12080.5 359.195052 0.005713 19.459473 8.698898
13081.0 384.606668 0.003049 18.254486 9.389130
14274.1 403.282058 0.002655 14.539581 4.039627
15721.4 426.983896 0.002686 8.995285 1.067825
30874.7 884.240391 0.003491 -15.117050 -1.782547
