918.033752 305.258636 12.183466
171.8 302.281865 11.416118 3.791885 -1.791794
414.4 302.692572 11.032741 3.719772 -1.015976
662.4 303.758835 10.666530 3.221817 1.215836
916.5 304.148235 10.578979 2.690628 3.093979
1176.5 304.791396 10.205403 2.146210 4.900223
1442.8 305.401648 9.811291 1.667648 7.361740
1715.9 306.294700 8.354753 2.000061 9.729614
2284.4 308.705839 5.128811 4.371201 12.586639
2885.8 309.799850 4.095005 5.874039 11.443878
3523.0 311.454812 2.860605 7.301590 10.867676
4203.3 313.822026 1.516801 10.008728 10.241409
4934.7 316.446094 0.940198 12.191254 8.950623
5726.5 318.884162 0.538256 14.843399 7.363052
6590.0 321.126894 0.375360 18.089966 5.023926
7541.2 323.625219 0.255853 20.714722 2.200302
8604.7 327.214766 0.155157 20.698578 0.228012
9821.6 333.827882 0.084154 18.248245 1.617020
10508.6 339.384330 0.071398 17.510498 3.042603
11266.6 345.930529 0.051171 16.050674 7.489120
12115.1 358.414124 0.013014 18.342285 11.730148
13119.9 386.950831 0.002899 17.299408 7.488739
14314.7 402.823889 0.002648 13.977081 3.723221
15763.3 427.662657 0.002685 7.805832 0.483841
30921.6 884.356879 0.003491 -14.999863 -2.182938
