873.573730 311.109100 6.295149
238.3 309.086502 4.673163 5.061661 3.823257
495.8 308.999477 4.633774 5.676956 4.054916
758.7 308.983944 4.619256 6.005585 4.152176
1027.6 309.061018 4.609951 6.298508 4.199631
1302.7 309.008868 4.602045 6.677795 4.198364
1873.3 308.954544 4.595469 7.580185 4.350311
2473.9 309.543614 3.860639 11.401382 4.508331
3111.5 312.019821 2.390921 14.977371 5.414551
3793.1 314.570393 1.105529 16.688416 6.430862
4526.3 317.307974 0.647659 18.626801 7.151794
5320.4 319.872982 0.619795 20.411758 7.573990
6186.8 322.130524 0.468104 23.502075 6.350098
7140.4 323.982439 0.224084 26.025269 4.907333
8202.4 325.702263 0.124878 24.442719 2.645981
9408.1 329.937306 0.047483 26.107620 0.652176
10088.7 336.692403 0.028125 28.772217 2.655884
10847.1 349.715301 0.011608 25.230362 1.358261
11712.3 365.648155 0.005195 23.201660 7.935226
12720.0 384.640252 0.002911 16.315033 2.982880
13906.7 400.768321 0.002661 14.197784 6.195877
15350.4 426.765184 0.002683 9.883957 0.927200
30489.1 883.912771 0.003491 -14.285019 -2.028641
