906.433777 305.875580 12.426241
62.1 306.450402 10.579268 2.430557 3.421097
307.7 306.219113 10.355155 3.008835 4.306290
558.1 306.099407 10.292689 3.182755 4.690445
813.9 306.145684 10.192265 3.473831 5.123276
1075.3 306.169483 9.951726 4.200897 5.747879
1342.6 306.962447 7.722267 6.532883 6.529709
1617.0 308.544491 5.650133 7.457092 6.573364
2187.8 309.410865 4.694174 6.529404 7.168671
2789.4 309.660687 3.896402 7.077164 7.656769
3426.6 311.551994 2.431452 9.196121 8.035645
4106.9 313.919337 1.520378 11.022400 7.370316
4838.6 316.542520 0.657434 12.697113 6.091248
5630.6 318.994576 0.335004 16.042618 4.868912
6494.4 321.172571 0.297873 21.605591 3.941895
7445.0 322.938460 0.189215 26.896362 3.587021
8504.4 325.607215 0.118977 25.462250 3.126450
9717.7 334.226953 0.039868 22.654495 1.109207
10407.5 341.131091 0.038735 18.217529 -0.043335
11169.6 346.931243 0.029192 13.279190 3.754745
12023.2 362.651383 -0.000736 21.166504 8.212570
13025.8 381.757064 0.003190 17.242767 8.584442
14213.8 403.504951 0.002654 16.174347 4.897049
15661.9 425.718761 0.002687 9.432785 2.407669
30811.0 884.342318 0.003491 -14.960800 -1.819656
