881.643738 306.804230 9.100960
64.4 305.182253 8.339564 0.522507 -0.666367
314.1 305.555183 8.019607 0.983536 -0.204086
569.2 305.792829 7.673611 1.069534 0.908432
830.1 306.346427 7.365361 1.191132 2.206863
1097.3 306.819602 6.852993 2.278976 3.955490
1371.0 306.983844 6.364435 3.664124 5.383911
1939.2 308.275470 4.977177 6.793076 7.438202
2539.7 309.623135 3.952430 9.809586 7.967316
3176.8 311.800598 2.375185 14.114090 7.980957
3858.0 314.350285 1.296264 16.512634 8.544144
4590.6 316.865130 0.851030 17.613129 8.890076
5383.3 319.176146 0.691321 19.798477 9.331802
6247.5 321.215711 0.446170 23.216919 8.627441
7198.1 323.055776 0.215441 25.888550 8.008896
8258.8 326.158218 0.101543 25.755219 6.087387
9472.1 333.356253 0.036918 25.689651 2.031082
10160.0 340.353423 0.031731 25.627686 1.620728
10922.2 348.261404 0.025183 19.568253 2.422714
11776.5 360.854926 0.008218 18.775879 9.407883
12782.1 385.501681 0.002850 16.731049 5.947723
13973.3 402.829196 0.002659 14.559113 6.414627
15424.1 427.668313 0.002680 9.827316 1.241653
30574.6 885.347021 0.003493 -14.292831 -3.253250
