908.263733 300.363251 11.280345
77.3 297.060626 11.160056 0.791885 -5.981247
315.4 296.818385 10.312240 0.784225 -9.267929
558.4 297.786693 9.545009 2.294083 -6.383774
807.8 299.705562 9.455074 3.841019 -2.099380
1064.8 302.339151 9.841100 4.950897 2.148270
1329.4 304.034111 9.242901 5.755539 4.441818
1601.5 305.664928 7.765383 7.722717 5.825317
2167.8 306.912996 5.013893 11.056747 7.545624
2766.0 309.011260 3.542827 11.616226 9.520050
3402.1 311.226549 2.327025 11.604324 10.705566
4081.8 313.640147 1.544696 12.073181 11.415237
4812.8 316.240147 0.725622 13.234222 10.733826
5603.9 318.452320 0.499751 14.755508 9.464615
6466.0 320.478531 0.395506 17.043091 8.809082
7414.7 322.391426 0.266880 20.120972 8.590927
8473.1 325.306918 0.142670 21.653656 8.548325
9684.7 333.797408 0.085048 14.017776 8.070145
10372.1 338.439164 0.066719 8.135498 9.499634
11127.7 345.548495 0.028260 7.613174 15.041855
11988.7 367.635826 0.003569 20.564941 12.097336
13000.1 385.874464 0.002902 17.725189 7.662567
14195.5 404.166553 0.002649 13.875519 4.066971
15647.2 428.005808 0.002680 9.837082 2.296341
30814.6 884.982998 0.003493 -14.038925 -3.710281
