918.193726 301.324799 12.150691
170.8 298.058982 11.135737 2.616104 -8.278122
409.9 298.449766 10.666053 2.516647 -9.514023
654.5 299.435732 10.253589 1.954239 -6.186508
905.1 300.799206 10.243286 1.510941 -2.488052
1162.8 302.838759 10.110990 1.446991 0.949051
1427.8 304.443742 9.454140 2.111008 4.762131
1700.2 305.597073 8.327097 3.359436 8.149536
2267.0 307.581257 5.601118 6.525497 11.746796
2866.9 309.693821 3.940510 7.930679 12.561066
3504.4 311.635615 2.933562 8.805496 12.525879
4184.9 313.783797 1.780492 10.674744 11.866409
4916.2 316.383000 1.033420 12.990082 10.345154
5707.8 318.740624 0.648167 15.030899 8.486099
6571.0 320.988594 0.427454 17.257935 6.518066
7521.8 323.420905 0.275105 19.078003 4.614365
8584.3 326.801514 0.165260 18.729828 3.587387
9798.2 332.775787 0.097178 14.384964 5.734207
10483.1 338.249234 0.083275 12.729248 8.984009
11237.6 344.077584 0.050947 10.009659 15.307480
12089.6 363.925614 0.007402 19.646973 11.808273
13103.2 387.570456 0.002844 16.967377 5.787567
14298.5 402.853962 0.002646 13.066925 3.859940
15748.8 428.452659 0.002683 8.159348 1.034622
30913.2 884.684499 0.003492 -14.570175 -3.009109
