899.743774 299.526550 10.371936
235.4 296.773746 10.055701 0.260788 -7.853867
478.4 297.749865 9.741942 2.479630 -6.825180
727.8 299.546674 9.543766 3.091019 -4.933365
984.1 301.017270 9.197370 3.681366 -2.459152
1247.4 302.775809 8.395084 4.464523 -0.247635
1518.3 304.500804 7.063478 5.939514 1.516724
2083.0 306.223108 5.117367 8.386826 5.963593
2679.8 308.231505 3.918575 10.385757 8.855988
3314.6 310.616339 2.627432 12.102371 9.732910
3993.3 313.264805 1.597864 13.131775 10.639847
4723.2 315.479454 0.930185 13.990082 11.093201
5512.2 317.598451 0.630166 14.929337 11.429459
6372.1 319.603051 0.489920 17.582153 12.234863
7318.2 321.480582 0.310391 21.687378 12.891708
8373.2 324.195270 0.139809 25.052094 13.028793
9581.0 333.196625 0.058048 21.338089 11.070145
10269.1 339.825507 0.054992 16.795654 10.097290
11030.4 350.906259 0.023954 14.484268 12.686386
11906.0 371.366928 0.004454 18.115723 9.771164
12920.4 384.836718 0.002863 15.301361 6.379364
14111.2 403.487261 0.002663 14.404816 5.504471
15563.9 428.196238 0.002678 9.729660 2.622513
30732.0 884.888352 0.003493 -13.187363 -4.388016
