903.283752 306.334778 12.153556
31.8 306.724145 10.556380 2.248917 2.491409
277.4 306.271869 10.215919 2.952194 3.489883
527.9 306.154648 10.153930 3.245255 3.973648
783.6 306.151875 10.067333 3.452347 4.345932
1045.0 306.165319 9.929315 4.060272 4.968582
1312.3 306.825904 8.560070 6.552414 5.935959
1586.6 308.326085 6.098837 8.056702 6.051880
2157.1 309.387076 4.669140 7.482529 7.172577
2758.6 309.766716 3.863977 7.946304 7.549347
3395.9 311.513573 2.591669 9.612137 7.729004
4076.0 313.746726 1.665813 10.969666 7.327347
4807.3 316.321097 0.719900 12.798676 6.249451
5598.7 318.795831 0.386622 16.241837 5.525162
6462.2 321.100249 0.316470 21.961060 5.094238
7412.8 322.974051 0.202209 27.230347 4.950302
8472.0 325.400589 0.133402 25.665375 4.485825
9684.7 334.206637 0.038512 22.838089 1.359207
10374.6 341.241759 0.033087 18.447998 -0.164429
11136.8 346.612623 0.027441 12.632706 3.598495
11991.4 363.260378 -0.000529 21.271973 8.921555
12995.3 381.864533 0.003143 16.455658 8.119598
14182.6 403.455419 0.002650 16.510284 5.375565
15631.9 425.696135 0.002686 9.108566 2.296341
30781.3 884.487927 0.003491 -14.863144 -2.046219
