899.343750 301.706665 10.969890
233.7 298.683110 10.508220 0.618210 -8.498398
478.1 299.200447 10.173003 1.788223 -7.680649
728.9 301.249045 9.964336 2.518753 -3.900162
986.7 302.938681 9.692327 3.005585 0.138504
1251.6 304.366017 8.744606 3.919601 2.783615
1523.9 306.127185 6.991476 5.890686 4.307739
2090.9 307.280648 5.415867 8.314560 7.420624
2689.4 308.883141 4.051136 10.567398 8.891144
3325.5 311.188128 2.620280 12.508621 9.187988
4005.3 313.678377 1.581651 13.059509 9.692581
4736.0 315.834206 0.930662 13.982269 9.987732
5526.0 318.002076 0.595953 15.544571 10.253677
6387.0 320.078856 0.457733 18.865356 10.771973
7334.7 322.060570 0.285357 23.232300 10.969833
8391.9 324.899176 0.134504 25.663422 10.595200
9603.0 334.157297 0.050895 20.838089 7.734207
10292.2 340.293603 0.046349 16.494873 7.198853
11053.6 348.745521 0.023134 14.634659 11.875839
11918.4 366.647615 0.005512 18.518066 11.277023
12928.5 384.653685 0.002889 15.684174 6.367645
14119.7 403.743764 0.002657 15.238800 4.986893
15572.3 427.372298 0.002679 9.628098 2.233841
30734.2 885.245094 0.003493 -13.984238 -3.870438
