950.00 297.93 11.48861
0.00 297.93 11.48861 -3.65 -0.60
154.83 297.93 11.48861 -7.88 -0.38
384.81 298.41 11.50536 -10.46 1.61
619.69 298.99 11.40591 -10.47 3.93
859.81 299.77 10.95510 -8.94 5.65
1105.38 300.47 10.04604 -7.11 6.50
1356.66 301.40 9.12201 -5.60 7.04
1614.26 302.47 8.55057 -4.57 7.26
1878.40 303.52 7.94840 -3.79 7.16
2149.64 304.66 7.26387 -2.92 7.08
2715.01 307.09 5.70771 -0.78 9.14
3314.39 309.31 4.46130 1.69 11.59
3952.02 312.04 4.47594 4.02 11.81
4635.21 315.21 3.60068 8.67 13.91
5371.32 318.38 2.71094 12.37 17.44
6169.19 321.31 1.87610 14.50 20.89
7040.18 323.94 1.24734 15.08 24.61
8000.86 327.15 0.82618 13.56 30.82
9078.86 332.83 0.53081 6.78 32.55
10314.61 337.30 0.24317 1.79 38.74
11005.21 338.31 0.13382 4.17 43.71
11759.23 344.43 0.08462 17.03 47.75
12606.69 356.75 0.03100 24.51 37.06
13591.57 378.38 0.01045 19.26 19.26
14776.29 405.52 0.00485 12.54 11.74
16232.30 427.31 0.00480 10.74 11.41
31275.78 876.59 0.00626 -14.82 2.48
