950.00 297.81 12.07531
0.00 297.81 12.07531 -4.27 1.01
187.56 297.81 12.07531 -5.47 5.35
418.52 300.54 11.40285 -3.80 7.67
655.39 301.88 11.38106 -2.72 9.10
897.96 302.88 11.29827 -2.04 10.60
1146.29 303.84 11.24404 -1.15 12.57
1400.74 304.92 11.29274 0.14 14.65
1661.74 306.18 11.21959 1.42 16.26
1929.65 307.29 10.36868 2.49 16.89
2204.44 308.13 8.80216 2.94 16.72
2775.98 309.93 6.61967 2.29 15.02
3380.15 310.55 5.86200 2.19 13.58
4021.68 314.10 4.69919 2.76 13.12
4709.12 317.06 3.44881 4.73 13.17
5449.11 320.03 2.77492 7.54 15.82
6251.08 323.02 2.31766 9.38 19.23
7127.67 326.18 1.60031 9.95 23.42
8095.59 329.65 0.98993 11.50 26.63
9180.35 333.83 0.56763 13.60 29.27
10419.10 338.27 0.26489 11.38 32.27
11112.55 340.09 0.15566 9.91 33.47
11866.12 341.07 0.08106 11.63 33.38
12700.99 353.56 0.06666 17.65 28.61
13681.85 374.94 0.02294 15.46 16.17
14849.29 397.36 0.00550 10.41 10.99
16274.36 419.67 0.00497 9.94 6.77
31287.26 875.38 0.00622 -12.53 -0.62
