925.00 298.32 11.62499
0.00 298.32 11.62499 -1.34 0.48
220.07 298.32 11.62499 -4.64 2.48
455.00 299.13 11.43687 -7.04 3.37
695.19 299.82 11.32725 -7.98 3.90
941.17 301.13 10.92796 -7.60 4.54
1193.12 301.80 10.62879 -6.52 4.81
1451.30 303.14 9.71147 -5.23 5.09
1716.33 304.34 8.56455 -3.36 5.87
1988.26 305.13 7.93140 -2.52 6.69
2553.79 306.45 6.68820 -2.42 9.50
3152.81 309.67 5.27873 -1.58 12.51
3791.72 312.56 4.56154 2.70 14.16
4475.62 315.27 3.81794 7.60 15.56
5211.68 318.46 2.61005 10.78 18.66
6010.36 321.87 1.65974 12.77 23.02
6883.80 325.39 0.98387 10.11 27.47
7850.16 329.52 0.82466 5.57 32.40
8935.58 334.11 0.58075 1.56 27.97
10170.92 336.46 0.25652 2.07 36.17
10859.73 337.97 0.13512 5.15 41.65
11614.06 344.41 0.08441 12.66 47.07
12458.92 354.00 0.04576 17.32 41.28
13434.12 378.15 0.01132 22.71 25.19
14621.29 404.97 0.00500 11.59 13.12
16077.30 427.41 0.00474 9.98 12.09
31106.61 875.31 0.00621 -13.90 1.18
