950.00 295.81 13.07125
0.00 295.81 13.07125 -3.49 -0.49
174.42 295.81 13.07125 -5.77 1.37
403.70 298.59 11.97213 -6.60 4.43
639.43 300.51 11.70950 -5.80 5.72
881.03 301.72 11.61669 -4.49 7.56
1128.59 303.04 11.53719 -2.78 10.54
1382.58 304.53 11.24109 -0.84 13.66
1643.33 306.06 10.64619 0.95 15.89
1911.19 307.55 9.65443 1.84 17.06
2186.30 308.72 8.39655 1.54 16.82
2758.81 310.28 6.38219 -0.26 13.92
3363.44 311.38 5.43569 -0.18 14.59
4005.81 314.36 4.41391 0.85 14.22
4693.43 317.09 3.35730 3.16 14.60
5433.29 319.90 2.74373 5.85 16.80
6234.73 322.82 2.20170 7.87 19.70
7110.58 325.99 1.53636 9.88 23.32
8077.79 329.48 0.97191 11.42 26.70
9162.06 333.84 0.53447 10.60 27.56
10401.22 338.36 0.25020 9.59 31.10
11094.57 339.97 0.14656 10.41 33.11
11848.85 342.38 0.08991 14.46 35.13
12690.09 354.82 0.06775 19.44 31.84
13665.29 374.03 0.01064 17.10 21.15
14839.11 399.00 0.00470 9.69 11.59
16264.99 419.47 0.00495 11.26 9.74
31276.61 877.94 0.00632 -12.80 -0.92
