925.00 299.43 13.59456
0.00 299.43 13.59456 1.34 -0.10
71.39 299.43 13.59456 1.76 0.32
307.42 300.20 13.14051 -0.09 3.05
548.85 301.34 12.13420 1.31 5.39
796.15 302.75 11.30151 4.35 6.86
1049.80 304.17 10.62816 6.68 8.29
1310.33 306.51 9.87393 5.95 9.64
1579.23 309.60 8.27712 2.52 9.95
1855.92 310.63 6.85369 1.09 8.80
2431.26 311.94 5.51287 3.27 7.41
3038.84 313.48 4.14041 3.99 6.38
3683.97 315.37 3.10123 5.03 7.21
4372.46 317.14 2.95343 4.28 11.08
5112.06 319.64 2.65019 4.11 17.75
5912.71 322.30 1.76285 4.08 22.72
6786.98 325.58 1.21491 2.57 27.17
7754.34 329.73 0.83605 3.34 31.45
8839.56 334.29 0.55285 4.28 31.77
10080.61 339.61 0.30440 1.24 33.63
10777.68 342.34 0.18772 -1.24 36.03
11537.76 344.94 0.10653 2.24 37.96
12380.43 352.53 0.04627 4.46 30.16
13348.85 371.90 0.01269 15.09 22.21
14522.36 402.61 0.00485 13.26 12.01
15963.08 420.56 0.00487 6.30 8.53
30945.54 876.95 0.00632 -14.55 0.23
