950.00 295.27 10.86505
0.00 295.27 10.86505 -2.23 1.66
190.79 295.27 10.86505 -3.98 6.06
419.22 297.61 11.01163 -1.98 10.27
654.15 299.62 10.64638 -1.33 11.06
894.68 300.34 10.67572 -1.84 10.52
1140.70 301.05 10.65864 -1.52 10.40
1392.75 302.33 10.21856 -0.99 10.89
1651.44 303.89 9.15750 -0.60 11.12
1917.39 306.10 8.02363 0.37 10.93
2191.33 307.88 7.22227 1.29 10.46
2762.46 309.86 6.42690 2.27 11.73
3367.17 312.00 5.20219 3.51 11.61
4010.28 314.46 3.35657 3.98 11.19
4697.06 316.59 2.66571 5.90 8.70
5435.73 319.52 1.97275 9.65 11.88
6235.50 321.92 1.39567 13.11 14.14
7107.79 324.45 1.10500 16.49 18.51
8070.06 327.79 0.88731 17.40 24.56
9149.92 332.73 0.51943 14.63 30.02
10384.08 336.90 0.23949 13.59 33.99
11074.73 338.97 0.14535 14.95 37.71
11826.61 341.07 0.07932 17.28 39.87
12667.86 356.60 0.07953 23.85 25.65
13647.49 375.83 0.00839 17.39 12.24
14823.04 400.66 0.00499 10.16 12.14
16258.81 421.85 0.00494 11.45 9.64
31303.82 873.15 0.00631 -12.09 3.17
