950.00 305.71 13.42398
0.00 305.71 13.42398 -5.00 9.02
34.54 305.71 13.42398 -6.29 11.43
271.17 306.67 13.07499 -9.10 20.23
512.74 307.10 12.65457 -8.24 24.11
759.36 307.48 12.13247 -6.27 26.23
1011.37 308.06 11.39279 -3.67 26.94
1269.23 309.05 10.26688 -0.92 26.49
1533.63 310.80 7.98401 2.61 24.22
1805.19 312.52 5.35486 4.13 20.73
2083.97 313.60 4.09085 3.49 17.89
2663.97 314.68 3.99326 1.87 14.82
3275.96 315.30 4.03541 1.51 14.04
3923.69 316.31 2.76063 1.62 14.97
4615.26 319.50 2.16856 0.36 15.28
5361.29 323.02 1.17345 1.95 17.23
6170.67 326.24 0.43796 1.12 20.77
7054.22 328.41 0.47746 -0.30 22.22
8027.24 331.41 0.27884 2.20 20.34
9118.39 335.78 0.09729 8.73 19.98
10361.38 338.84 0.12935 13.40 19.36
11056.21 341.15 0.12419 16.43 17.15
11814.81 344.54 0.07939 18.26 16.65
12654.58 350.04 0.03346 13.77 18.19
13610.26 364.21 0.02717 4.69 18.71
14756.55 394.44 0.00554 16.21 9.55
16174.89 418.47 0.00492 9.62 0.36
31135.80 879.70 0.00626 -12.55 -0.02
