925.00 300.98 14.24936
0.00 300.98 14.24936 1.25 0.16
67.68 300.98 14.24936 1.86 -0.51
304.88 301.49 13.43675 1.22 0.22
547.04 301.63 12.96237 2.74 0.46
794.50 302.71 12.48205 4.34 1.72
1048.34 304.25 12.04177 4.83 4.72
1309.07 305.99 11.69699 4.91 9.00
1577.41 308.37 11.10152 4.17 12.01
1853.82 310.18 10.14964 2.56 11.93
2430.28 312.49 6.89008 -0.11 7.44
3039.40 313.05 5.48546 0.62 3.92
3683.43 315.20 5.29468 0.02 7.91
4374.41 318.90 4.81953 -1.29 16.94
5119.44 321.98 3.82818 -1.55 22.29
5926.26 324.80 2.84092 -0.12 24.21
6807.34 328.02 1.84386 1.02 25.25
7780.07 331.06 1.10772 1.85 26.67
8867.73 334.66 0.58169 3.39 28.59
10110.41 339.53 0.28988 3.91 29.43
10806.51 342.09 0.18475 1.57 30.76
11566.85 344.78 0.11243 -2.54 32.18
12404.68 350.03 0.06208 1.89 33.80
13376.67 374.45 0.01837 8.68 21.35
14545.24 397.54 0.00478 18.09 13.22
15969.03 417.70 0.00503 10.23 7.96
30923.01 875.23 0.00620 -15.10 0.80
