950.00 296.77 12.73882
0.00 296.77 12.73882 -2.86 1.60
120.40 296.77 12.73882 -5.25 4.13
349.73 297.54 12.35188 -6.37 7.44
584.52 299.33 11.57017 -6.69 9.72
824.90 299.84 11.36862 -7.82 9.08
1070.62 300.68 11.14065 -8.15 8.08
1322.46 302.02 10.72226 -7.28 8.71
1581.03 303.58 10.37650 -6.35 9.81
1846.77 305.18 9.70534 -4.92 10.56
2119.87 306.53 8.84147 -3.16 10.89
2689.19 308.69 6.75294 -0.65 10.35
3291.30 310.68 4.85827 0.37 9.09
3932.19 313.68 3.85716 1.65 9.62
4618.23 316.49 3.11659 4.35 11.74
5356.82 319.41 2.56184 8.42 15.19
6156.52 321.89 1.98155 10.99 18.56
7028.78 324.48 1.44914 12.24 22.52
7991.63 328.58 0.93766 11.60 27.87
9073.71 333.37 0.53784 6.30 28.11
10308.90 336.88 0.23773 4.25 31.01
10998.83 338.45 0.14063 7.88 35.88
11752.50 343.70 0.09794 17.52 41.08
12596.70 355.01 0.03266 24.43 34.89
13576.03 377.86 0.00967 19.62 19.32
14761.66 403.84 0.00488 9.12 11.20
16205.03 422.69 0.00484 9.87 12.23
31229.75 875.30 0.00637 -13.23 0.56
