950.00 306.74 13.29401
0.00 306.74 13.29401 -4.10 6.82
65.67 306.74 13.29401 -6.90 11.78
302.36 307.64 12.24663 -8.94 18.55
544.58 307.99 11.98170 -8.50 22.39
791.75 308.13 11.62188 -6.74 24.02
1044.06 308.26 11.23626 -4.50 24.27
1301.89 308.79 10.58577 -2.01 23.87
1565.88 309.71 9.67788 0.91 22.53
1836.57 310.80 8.49835 3.15 20.26
2114.33 311.88 7.24423 4.06 17.47
2692.60 313.64 5.48242 3.83 13.46
3303.22 314.40 5.62898 3.09 14.79
3950.05 315.79 3.90576 2.64 17.16
4641.42 319.65 2.74529 0.17 16.63
5388.70 323.78 1.34223 3.53 18.77
6199.92 326.75 0.42776 2.63 22.30
7083.93 328.33 0.42896 1.42 22.73
8056.23 330.89 0.29817 3.06 20.05
9144.73 335.01 0.13818 8.51 19.21
10386.03 338.70 0.17728 13.84 19.56
11081.07 341.51 0.12853 15.40 18.50
11840.03 344.26 0.08888 15.67 17.32
12676.18 347.53 0.05241 13.16 17.80
13627.06 365.44 0.02401 8.71 22.08
14779.06 395.55 0.00616 17.19 9.58
16196.69 416.94 0.00495 6.20 0.56
31173.25 879.46 0.00622 -11.98 0.43
