950.00 297.20 13.70850
0.00 297.20 13.70850 -3.46 -0.69
107.39 297.20 13.70850 -5.98 -0.27
338.49 300.73 12.85774 -7.01 4.34
576.64 304.08 12.46938 -6.08 9.44
821.54 306.01 12.16523 -6.60 13.52
1072.70 307.26 11.88020 -5.82 16.76
1330.00 308.04 11.75925 -4.03 18.76
1593.46 308.54 11.75218 -1.83 19.50
1863.28 309.08 11.53637 0.36 19.44
2139.92 309.87 10.96356 2.61 18.81
2715.39 311.50 8.86681 6.69 17.85
3323.61 313.08 6.93373 8.35 18.90
3969.22 315.45 6.07996 7.22 19.99
4660.23 318.48 4.28029 6.76 20.28
5404.04 321.53 2.85430 7.56 19.90
6209.55 324.33 2.25973 7.19 20.21
7089.38 327.20 1.64754 6.71 21.22
8059.65 330.26 1.04548 6.56 22.32
9146.95 334.69 0.60511 6.76 24.88
10389.58 339.49 0.29354 8.66 28.22
11085.07 341.01 0.17266 9.08 29.10
11840.77 342.39 0.09167 9.28 29.25
12673.86 347.63 0.05348 8.33 29.59
13636.83 370.73 0.04728 19.69 21.04
14793.47 395.43 0.01165 10.25 4.39
16216.50 420.59 0.00497 7.64 3.50
31210.03 879.04 0.00633 -12.85 0.56
