925.00 305.76 12.84051
0.00 305.76 12.84051 -3.93 7.42
203.63 305.76 12.84051 -6.94 15.22
444.51 306.39 12.42447 -7.34 19.44
690.54 306.74 12.02392 -6.71 22.05
941.87 307.17 11.44129 -5.30 23.54
1198.89 307.94 10.28022 -3.29 23.83
1462.27 309.51 8.26498 0.07 22.22
1732.81 311.27 6.25054 2.47 18.95
2010.57 312.06 5.40921 1.84 16.65
2587.64 312.91 4.68032 -0.36 16.42
3197.16 314.79 3.28189 1.00 16.19
3845.71 317.89 1.31683 2.55 15.14
4539.97 320.68 0.96404 0.19 12.79
5287.94 323.92 0.56903 0.89 13.91
6098.86 326.70 0.38557 -0.42 16.30
6983.15 328.51 0.36808 -0.88 18.92
7955.86 331.17 0.52462 0.74 17.92
9046.70 335.98 0.27166 7.05 19.56
10290.20 338.55 0.12222 11.93 23.41
10983.85 340.59 0.06884 14.61 19.95
11741.54 344.48 0.06822 18.78 15.94
12582.07 350.63 0.03111 12.39 14.72
13538.77 364.20 0.03075 4.15 15.60
14681.95 392.36 0.00561 13.97 10.34
16094.59 418.61 0.00488 10.77 0.03
31038.27 879.23 0.00619 -13.38 0.34
