925.00 298.99 13.98214
0.00 298.99 13.98214 -2.80 1.68
52.05 298.99 13.98214 -4.12 2.59
288.88 302.35 11.99010 -5.04 7.48
532.47 305.01 11.42037 -1.93 11.34
783.13 307.08 11.30836 0.52 14.31
1040.35 308.23 11.17756 2.38 16.07
1304.14 309.39 11.00682 3.64 17.37
1574.85 310.49 10.75992 4.33 17.33
1852.64 311.29 9.91693 4.29 15.71
2429.81 312.24 7.09474 4.09 11.03
3037.91 313.08 5.77135 5.16 8.82
3682.75 315.42 5.51581 5.78 11.56
4373.74 318.49 4.70739 4.63 18.50
5117.24 321.22 3.52524 3.39 21.92
5921.97 323.92 2.59351 3.26 22.42
6800.73 326.94 1.76867 1.93 24.58
7771.14 330.67 1.07162 1.73 26.84
8859.59 335.19 0.61181 2.08 28.13
10104.62 340.50 0.31302 0.32 28.42
10801.94 341.73 0.18229 -0.48 29.49
11558.87 343.10 0.09602 5.97 31.47
12396.65 350.43 0.06018 7.53 28.28
13360.38 370.77 0.01880 9.28 22.03
14527.97 398.72 0.00493 14.73 11.12
15956.82 418.70 0.00497 8.47 7.32
30930.57 877.11 0.00618 -14.83 0.62
