950.00 298.04 12.34822
0.00 298.04 12.34822 -3.89 -0.73
133.44 298.04 12.34822 -7.13 -0.54
363.63 298.61 11.97838 -10.75 1.28
598.72 299.14 11.80569 -11.82 3.50
838.99 299.95 11.42655 -10.94 5.43
1084.90 300.85 10.79338 -9.18 6.16
1336.69 301.89 10.15000 -7.14 6.58
1594.87 302.93 9.58211 -5.45 6.86
1859.60 303.94 9.02658 -4.38 7.40
2131.37 305.11 8.36478 -3.47 8.04
2697.56 307.03 6.75560 -1.18 9.61
3296.74 309.31 4.93328 1.53 10.95
3934.70 312.31 4.42692 3.72 11.57
4618.68 315.61 3.61759 8.09 13.95
5355.48 318.62 2.74938 11.93 17.82
6153.86 321.51 1.91837 13.95 21.76
7025.66 324.48 1.25748 13.72 26.24
7988.46 328.18 0.96146 10.93 31.83
9070.03 333.63 0.56446 3.28 29.73
10306.49 337.15 0.24310 0.72 35.94
10996.63 338.13 0.13488 3.03 41.19
11749.58 343.59 0.08799 14.90 46.89
12594.19 355.34 0.03542 23.19 39.47
13577.64 379.17 0.01026 20.01 19.71
14762.57 405.31 0.00489 12.25 12.14
16218.12 426.83 0.00474 10.14 11.96
31254.15 876.07 0.00634 -14.26 1.80
