950.00 297.14 11.72085
0.00 297.14 11.72085 -3.09 1.43
175.63 297.14 11.72085 -6.70 5.21
405.16 297.82 11.68360 -7.31 8.75
639.65 298.64 11.32178 -6.78 11.42
879.64 299.67 11.05633 -6.94 10.77
1125.05 299.98 10.95970 -6.80 8.89
1376.05 300.97 9.98408 -5.96 7.73
1633.50 302.36 9.19239 -5.06 7.97
1897.99 304.25 7.93710 -3.23 7.90
2170.15 305.93 7.05229 -0.91 8.00
2738.30 308.82 5.67164 2.97 9.62
3341.09 311.25 4.47570 3.79 9.75
3982.45 313.57 3.75804 3.44 10.23
4667.87 316.11 2.96814 5.86 10.39
5405.70 319.20 2.27784 10.57 14.08
6205.02 321.72 1.62664 13.27 17.28
7076.44 323.99 1.14130 14.51 20.55
8036.87 327.14 0.84195 15.04 26.06
9114.46 332.36 0.50744 9.07 31.36
10348.17 336.50 0.23220 4.46 34.79
11037.80 338.60 0.14302 10.40 40.49
11793.65 345.30 0.09912 21.60 40.36
12641.52 355.96 0.02610 25.76 31.36
13621.51 378.43 0.00933 18.80 16.76
14805.37 402.50 0.00495 10.22 11.04
16248.58 424.14 0.00485 11.61 11.99
31289.71 874.20 0.00634 -13.92 2.40
