950.00 298.49 10.14667
0.00 298.49 10.14667 -3.77 1.66
87.02 298.49 10.14667 -6.18 2.98
317.08 298.54 10.23936 -8.44 4.25
551.71 298.65 10.15779 -9.06 4.64
791.11 298.72 10.01710 -8.30 3.99
1035.49 298.87 9.68585 -7.19 3.16
1285.30 299.90 8.20100 -5.43 2.10
1541.69 301.86 5.99679 -4.38 2.51
1805.12 303.10 5.72373 -3.87 4.07
2075.70 304.21 5.74057 -2.95 5.09
2639.90 306.67 5.42971 0.41 8.90
3238.41 308.78 4.82796 3.00 12.17
3875.20 311.74 4.39758 5.21 13.97
4557.70 314.86 3.40515 9.03 15.91
5292.72 317.85 2.43684 11.61 17.79
6089.44 321.03 1.72261 13.30 20.91
6959.64 323.48 1.10968 17.16 23.82
7918.28 326.15 0.56182 16.40 29.86
8991.34 330.86 0.32605 14.38 38.93
10222.50 336.50 0.22333 7.24 44.87
10912.69 338.78 0.13072 10.63 50.98
11669.61 346.47 0.06871 19.79 47.70
12522.58 358.42 0.02273 22.15 33.17
13506.70 377.81 0.01005 18.16 20.67
14690.86 404.50 0.00506 13.89 11.39
16146.36 429.03 0.00481 13.48 9.85
31215.06 879.79 0.00627 -16.13 4.32
