925.00 302.96 13.82813
0.00 302.96 13.82813 1.41 0.88
98.65 302.96 13.82813 1.23 4.81
337.92 304.54 13.38345 -0.84 11.47
582.92 305.65 13.23752 -2.53 16.50
833.93 306.82 13.25284 -3.43 20.23
1091.03 307.54 13.05309 -3.19 22.50
1354.28 308.18 12.65957 -2.02 23.60
1623.95 308.79 12.13015 -0.45 23.68
1900.46 309.75 11.11094 1.32 22.71
2476.15 311.75 8.18427 2.12 19.63
3084.33 313.35 6.05630 -0.09 19.12
3730.98 316.31 5.02655 -2.92 20.66
4423.77 319.82 3.82403 -2.73 21.33
5172.02 324.14 2.12577 0.59 21.76
5984.52 327.36 0.69812 2.99 23.64
6870.46 329.13 0.76564 3.24 22.40
7845.54 331.84 0.69972 5.47 19.21
8936.57 335.69 0.62365 8.04 16.34
10182.20 340.43 0.32284 10.08 17.22
10879.58 342.32 0.19232 11.06 17.23
11638.08 343.69 0.10136 12.33 16.34
12472.86 347.26 0.05181 11.37 18.02
13423.13 363.94 0.02754 7.81 21.01
14569.37 396.74 0.00529 16.84 9.53
15993.53 418.65 0.00492 7.96 2.48
30966.92 877.08 0.00618 -12.50 -0.06
