950.00 296.32 13.50573
0.00 296.32 13.50573 -3.18 -3.39
192.53 296.32 13.50573 -8.54 -7.38
422.84 299.94 12.73649 -10.64 -3.07
660.00 302.77 12.41453 -10.37 3.96
903.90 304.91 11.99589 -8.95 10.65
1154.23 306.35 11.68858 -6.66 15.88
1410.79 307.32 11.22939 -4.28 18.95
1673.61 308.05 10.76922 -1.83 19.76
1942.92 308.69 10.41801 0.66 18.91
2218.98 309.42 9.90357 2.75 17.30
2793.16 310.98 8.23928 4.81 15.31
3400.75 313.22 5.75761 5.74 16.82
4046.44 315.88 5.04099 7.84 18.74
4738.64 319.35 3.86610 6.48 18.51
5484.31 322.39 2.58270 6.27 19.05
6291.82 325.02 1.84432 7.48 20.36
7172.87 327.60 1.29653 8.86 20.85
8143.95 330.43 0.90306 9.61 19.78
9231.05 334.42 0.54673 9.80 19.06
10469.45 337.63 0.24791 10.40 18.40
11161.47 339.73 0.15070 10.68 18.38
11915.64 341.99 0.08488 10.34 20.17
12746.39 345.93 0.04710 9.54 22.93
13706.40 373.00 0.02894 14.43 18.71
14870.12 394.62 0.01415 16.10 8.36
16287.04 417.20 0.00497 5.71 2.73
31276.84 880.72 0.00625 -11.88 -0.43
