925.00 305.81 14.00924
0.00 305.81 14.00924 0.49 4.08
197.15 305.81 14.00924 1.14 9.70
438.04 305.70 13.89057 0.04 13.06
683.86 306.69 13.64417 -0.84 16.77
935.63 307.55 13.44853 -0.82 19.89
1193.36 308.30 13.16246 -0.08 22.14
1457.20 308.70 12.83502 0.87 23.38
1727.20 309.08 11.97213 2.28 23.67
2003.92 310.20 10.00167 3.65 23.18
2580.27 312.55 6.90846 3.26 20.74
3189.74 314.28 5.33387 0.00 18.59
3837.27 316.50 4.23988 -2.82 18.08
4529.75 319.63 2.99542 -3.30 18.85
5276.37 323.35 1.41358 -0.73 20.74
6087.41 327.13 0.63633 1.16 23.29
6973.43 329.46 0.60145 2.62 20.88
7950.55 332.76 0.41281 6.87 17.60
9043.39 335.62 0.43682 9.00 16.82
10287.09 339.46 0.28857 10.20 17.63
10982.88 341.54 0.18314 13.80 16.30
11740.52 343.54 0.09999 16.87 16.07
12577.84 349.66 0.04652 15.21 19.65
13532.96 364.56 0.02152 5.99 20.16
14683.73 395.54 0.00530 15.94 9.32
16104.12 417.84 0.00497 11.53 3.10
31062.37 877.78 0.00629 -12.49 0.14
