925.00 298.83 13.52972
0.00 298.83 13.52972 -3.07 0.12
149.91 298.83 13.52972 -7.03 1.73
385.70 300.40 12.92026 -7.43 5.95
627.61 302.29 12.28805 -4.38 9.45
875.89 304.06 11.30622 -0.17 11.62
1130.39 304.78 10.55081 2.70 13.68
1391.17 306.67 9.30893 3.89 14.63
1660.15 309.88 7.09052 2.74 12.46
1936.84 310.66 6.18010 1.64 10.78
2511.95 312.14 5.26299 1.08 9.44
3119.81 313.13 4.64272 2.12 8.87
3764.61 315.20 3.71704 4.21 9.07
4453.47 317.56 3.05442 5.42 11.95
5194.15 320.10 2.56476 6.26 16.89
5996.00 322.87 1.98680 6.27 21.52
6871.39 325.68 1.39579 4.48 25.23
7838.85 329.68 0.84015 4.50 28.90
8924.93 334.71 0.50628 7.79 29.25
10166.29 338.83 0.27684 4.44 31.70
10860.81 340.99 0.16615 5.58 36.21
11618.91 344.51 0.10743 8.87 35.74
12461.53 353.06 0.04283 12.38 31.63
13431.43 372.71 0.01066 17.14 22.89
14604.63 400.31 0.00507 11.25 10.73
16037.90 419.25 0.00489 6.92 10.68
31037.24 880.33 0.00618 -13.22 0.09
