925.00 305.72 13.44516
0.00 305.72 13.44516 -1.10 4.72
154.21 305.72 13.44516 -3.13 11.56
395.41 306.85 13.04970 -4.54 17.36
641.93 307.24 12.84952 -5.01 21.02
893.88 307.76 12.61292 -4.39 23.38
1151.51 308.24 12.26000 -2.90 24.65
1415.22 308.87 11.68792 -0.76 24.88
1685.32 309.56 10.91017 1.56 24.01
1962.30 310.48 9.87322 3.15 22.20
2538.96 312.53 7.44421 2.94 18.00
3148.48 314.02 5.93821 0.45 16.99
3795.29 315.75 4.81307 -1.72 19.13
4486.58 319.40 3.35586 -2.24 19.78
5234.03 323.99 1.68564 1.50 21.17
6046.22 327.27 0.38094 2.31 24.01
6931.53 328.80 0.54168 1.85 22.55
7905.77 331.74 0.37184 4.91 19.14
8996.54 335.53 0.42769 9.05 16.55
10240.39 339.63 0.29492 12.58 16.98
10936.70 342.00 0.18513 14.07 16.73
11695.46 344.05 0.10052 15.32 16.08
12531.56 347.88 0.04955 13.27 17.84
13483.26 364.26 0.02541 8.22 20.97
14630.21 396.35 0.00543 16.75 9.61
16052.68 418.21 0.00491 7.57 1.66
31025.57 877.91 0.00631 -12.27 -0.01
