950.00 296.19 12.31916
0.00 296.19 12.31916 -2.02 2.18
186.74 296.19 12.31916 -3.46 7.21
415.84 297.70 11.97351 -3.39 10.80
650.90 299.78 11.19561 -4.13 10.97
891.70 300.61 11.06275 -5.28 8.85
1138.02 301.37 10.78115 -5.36 7.47
1390.30 302.48 10.10822 -4.67 8.15
1649.09 304.03 9.27254 -3.50 9.07
1914.98 305.54 8.58096 -1.81 9.66
2188.21 306.78 8.17671 -0.41 10.56
2757.84 309.01 6.97995 0.59 11.76
3361.04 311.31 5.16278 0.78 10.46
4002.93 313.92 3.73775 1.32 10.29
4688.92 316.28 2.92815 3.82 10.28
5426.97 319.28 2.31678 8.17 13.85
6226.45 321.77 1.80275 11.40 17.36
7098.25 324.26 1.38090 13.29 21.37
8060.59 328.29 0.91485 12.81 26.82
9142.16 333.21 0.53716 7.52 29.06
10377.09 336.79 0.23480 7.57 32.71
11067.79 339.11 0.14217 11.50 38.31
11822.22 343.96 0.09323 17.92 38.92
12668.71 355.73 0.05358 24.05 30.13
13646.71 377.67 0.00835 17.84 16.70
14828.02 400.58 0.00491 9.84 11.39
16264.35 422.59 0.00484 11.57 11.24
31294.02 873.82 0.00628 -13.26 1.12
