950.00 293.83 11.02903
0.00 293.83 11.02903 -1.86 1.31
206.38 293.83 11.02903 -4.03 6.95
434.73 298.31 11.15210 -1.64 10.79
670.18 300.38 10.59666 -0.42 11.28
911.44 301.29 10.68453 -0.01 11.56
1158.36 302.31 10.58913 0.62 11.56
1411.60 303.87 10.12607 1.56 12.25
1671.64 305.43 9.44734 2.45 13.02
1938.81 306.98 8.93108 3.31 13.57
2213.37 308.16 8.46216 3.64 14.04
2785.26 310.06 6.80548 2.96 14.10
3390.22 311.99 5.27862 2.59 11.96
4033.41 314.57 3.61509 3.20 10.84
4720.62 316.81 2.88168 5.70 9.93
5459.62 319.61 2.22883 9.36 12.31
6259.71 322.06 1.71610 12.63 14.57
7132.81 324.91 1.41568 14.85 19.31
8097.37 328.84 0.94148 14.69 24.86
9179.37 332.95 0.53195 14.95 27.87
10413.33 336.76 0.23743 15.51 30.73
11103.67 338.78 0.14427 15.02 34.19
11854.89 340.44 0.07457 16.72 37.34
12694.91 357.84 0.07515 20.01 23.74
13677.86 375.05 0.01018 16.73 11.16
14848.61 397.70 0.00582 9.31 12.33
16273.79 420.58 0.00492 12.86 8.42
31315.48 873.19 0.00632 -11.19 2.11
