950.00 297.88 12.28928
0.00 297.88 12.28928 -5.87 0.70
183.28 297.88 12.28928 -8.27 4.71
414.15 300.37 11.61190 -5.24 8.12
651.21 302.40 11.52659 -3.39 11.59
894.35 303.63 11.50245 -2.23 14.81
1143.40 304.78 11.34836 -0.94 17.19
1398.69 305.99 11.22980 0.49 18.44
1660.59 307.17 10.87354 2.18 18.43
1929.21 308.11 9.61279 3.84 17.67
2204.43 308.59 7.96753 4.80 16.80
2776.22 310.06 6.34721 5.26 15.94
3380.31 310.70 5.87386 6.52 15.91
4022.74 314.45 5.09996 7.03 15.66
4710.97 317.41 4.04127 7.68 15.68
5452.08 320.45 3.21479 8.45 17.50
6255.32 323.64 2.49437 8.83 19.76
7133.85 326.80 1.63639 8.90 21.98
8103.08 329.92 0.99422 9.86 24.25
9188.42 333.94 0.57353 11.61 27.57
10427.73 338.40 0.26687 9.83 30.30
11121.44 340.25 0.15810 8.33 31.12
11875.15 341.07 0.08022 11.12 31.13
12708.70 351.70 0.06521 16.61 27.84
13686.75 374.66 0.04338 14.38 14.70
14849.71 395.90 0.00629 10.07 9.87
16272.54 419.28 0.00497 8.97 4.92
31280.44 876.95 0.00632 -12.46 -0.84
