950.00 296.18 13.38646
0.00 296.18 13.38646 -3.27 -0.19
19.29 296.18 13.38646 -4.10 0.43
248.19 297.41 12.51415 -7.42 3.86
482.98 299.44 11.83858 -7.43 7.22
723.75 300.54 11.32135 -7.19 9.18
969.98 301.25 11.22971 -6.99 10.05
1222.34 302.54 10.82963 -6.67 10.93
1481.31 304.12 10.41558 -6.41 11.69
1747.56 305.83 9.83449 -6.17 12.05
2021.22 307.11 8.85314 -5.08 11.88
2591.00 308.64 6.86539 -2.06 10.59
3193.21 310.88 5.03077 -0.47 10.01
3834.18 313.80 3.99470 1.23 10.72
4520.86 316.82 3.24015 4.11 12.96
5260.11 319.59 2.69223 7.82 15.84
6060.32 322.19 2.10107 10.40 19.03
6933.70 325.00 1.50915 11.52 23.31
7898.24 329.12 0.99624 10.67 28.09
8982.07 333.91 0.55882 6.02 27.16
10218.99 337.25 0.24037 4.16 28.93
10909.59 338.70 0.14080 7.11 33.38
11663.25 343.31 0.09882 15.97 40.02
12504.70 353.53 0.03665 23.46 36.71
13481.84 377.28 0.01048 19.97 20.65
14665.23 404.04 0.00494 9.59 11.89
16110.18 422.77 0.00490 9.23 12.45
31129.65 876.08 0.00634 -12.91 -0.01
