950.00 294.37 11.67762
0.00 294.37 11.67762 -2.86 1.88
204.29 294.37 11.67762 -4.56 6.98
433.19 298.85 11.15547 -1.64 10.00
669.04 300.95 10.73623 0.19 11.17
910.82 302.03 10.82915 0.94 11.97
1158.46 303.23 10.67017 1.53 12.45
1412.47 304.73 10.32726 2.39 13.53
1673.22 306.12 9.97285 3.31 14.65
1940.96 307.32 9.51061 4.03 15.43
2215.79 308.33 8.64073 4.20 15.77
2787.69 310.02 6.45211 3.34 14.54
3391.91 311.40 5.46862 2.79 12.43
4034.66 314.50 4.09184 3.10 11.09
4722.08 316.93 3.16080 5.24 10.76
5461.30 319.65 2.53181 8.33 12.92
6261.62 322.22 2.04378 10.86 15.63
7135.66 325.39 1.56547 12.41 20.29
8101.67 329.20 0.95503 12.91 24.81
9184.13 333.01 0.53593 15.10 27.55
10418.61 337.05 0.24309 15.73 30.67
11109.76 339.27 0.14909 14.07 33.63
11861.69 340.42 0.07397 15.05 35.87
12699.47 356.98 0.07344 18.71 24.54
13683.95 375.38 0.01362 15.99 11.82
14853.89 397.04 0.00609 8.78 11.42
16275.59 419.55 0.00495 12.44 7.89
31309.23 873.23 0.00633 -11.23 1.18
