925.00 300.31 13.27867
0.00 300.31 13.27867 0.14 -1.78
190.63 300.31 13.27867 0.07 -2.39
427.65 301.84 13.06717 0.38 2.96
671.22 304.63 13.30482 -0.27 8.25
921.64 306.31 13.22260 -0.87 12.49
1178.41 307.11 13.06756 -1.16 15.58
1441.20 307.62 12.73408 -0.91 18.11
1710.51 308.57 12.41959 0.06 20.41
1987.10 310.02 11.36354 1.35 21.85
2563.33 311.92 8.52974 2.95 21.99
3171.78 313.35 5.84966 1.56 21.65
3818.70 316.83 4.67976 -1.40 22.18
4513.02 320.54 3.46482 -1.78 22.13
5261.85 324.05 2.00641 1.47 22.19
6073.94 327.20 0.99540 3.71 22.81
6960.14 329.48 0.88448 4.53 20.85
7936.65 332.34 0.79619 5.55 17.76
9028.69 336.00 0.69013 5.38 16.53
10275.65 340.51 0.30421 5.25 18.08
10972.57 341.78 0.17603 6.90 17.50
11728.98 342.36 0.08886 9.55 17.46
12562.38 347.82 0.05044 9.29 20.93
13515.00 364.39 0.02431 6.09 21.74
14665.32 396.19 0.00513 16.53 9.98
16088.91 418.58 0.00495 10.00 3.71
31058.12 876.58 0.00626 -13.11 -0.01
