925.00 299.64 13.92637
0.00 299.64 13.92637 -2.75 1.16
126.44 299.64 13.92637 -6.38 3.52
363.19 301.96 12.88973 -5.91 7.92
606.27 303.73 11.84432 -1.73 10.05
855.68 305.45 10.83692 2.01 11.98
1111.30 306.28 10.15661 3.78 14.41
1373.25 307.75 9.81966 4.41 16.29
1642.87 310.04 8.59512 4.30 14.62
1919.97 310.88 7.22228 3.12 12.70
2495.21 311.86 5.79481 2.38 11.07
3103.43 313.54 4.93092 3.32 8.74
3749.04 315.65 4.11553 5.01 8.33
4438.98 317.97 3.47783 5.45 11.84
5180.67 320.43 2.87321 5.97 17.25
5983.21 323.06 2.22251 5.41 21.50
6859.72 326.32 1.54182 3.03 25.12
7828.54 329.87 0.94436 2.43 28.25
8914.82 334.85 0.53622 5.58 29.40
10157.80 339.67 0.30204 4.15 31.78
10853.65 341.11 0.17298 3.74 35.13
11610.78 343.87 0.10362 8.35 33.78
12452.74 353.20 0.05917 8.91 29.34
13423.30 371.82 0.01069 12.19 21.74
14589.93 398.72 0.00503 12.39 11.10
16019.02 419.19 0.00493 8.71 8.69
31011.79 878.59 0.00625 -13.97 0.66
