950.00 297.29 13.15938
0.00 297.29 13.15938 -4.96 -0.68
182.49 297.29 13.15938 -11.12 1.30
413.02 300.27 12.25313 -8.01 5.88
650.48 303.29 11.90682 -6.90 10.89
894.54 304.90 11.67141 -5.37 15.04
1144.68 306.11 11.42757 -3.05 17.79
1400.99 307.11 11.10836 -0.41 18.73
1663.65 307.90 10.87549 2.20 18.14
1932.84 308.64 10.19999 4.57 16.91
2208.77 309.42 8.72379 6.60 15.88
2782.27 310.66 6.69939 9.25 16.51
3387.23 311.08 6.39081 10.55 18.91
4030.24 314.76 6.02879 10.47 20.23
4720.10 318.30 4.88939 10.17 20.76
5463.73 321.53 3.59445 9.36 20.74
6269.17 324.34 2.58859 8.91 20.54
7149.33 327.68 1.65482 9.09 20.36
8120.69 330.55 1.00447 8.84 20.43
9206.98 334.00 0.52173 7.97 21.17
10444.56 337.72 0.24172 6.67 23.28
11136.69 339.72 0.14958 6.04 24.56
11889.94 341.16 0.07826 7.67 26.55
12721.76 349.54 0.05951 11.96 26.95
13693.08 373.56 0.05485 17.10 14.90
14853.14 394.68 0.01132 10.44 7.47
16274.89 418.70 0.00494 6.67 2.95
31274.48 878.86 0.00630 -12.13 -0.50
