950.00 296.23 12.92922
0.00 296.23 12.92922 -3.96 -2.07
205.66 296.23 12.92922 -9.04 -4.70
435.50 299.20 12.46985 -8.16 -1.82
672.05 301.97 12.15495 -8.16 3.62
915.23 304.05 11.91460 -7.50 9.52
1164.92 305.60 11.71874 -5.60 14.62
1420.92 306.76 11.34498 -3.25 18.08
1683.39 307.67 10.91501 -0.69 19.45
1952.39 308.38 10.57279 1.90 19.06
2228.19 309.12 10.03928 4.16 17.61
2801.98 310.79 7.88690 6.34 15.56
3408.39 312.24 6.06325 6.75 17.40
4052.95 315.48 5.38175 8.17 19.19
4744.42 318.95 4.43144 7.52 19.27
5489.20 321.89 3.18794 6.66 19.19
6295.43 324.46 2.35896 7.13 19.81
7175.54 327.45 1.62375 8.35 20.42
8146.47 330.54 1.04356 9.59 19.86
9233.69 334.61 0.56869 9.83 18.78
10471.89 337.49 0.23727 9.15 18.60
11163.15 339.31 0.14364 8.99 18.89
11916.30 341.53 0.08094 9.39 21.16
12746.54 346.73 0.04859 9.49 24.25
13711.03 373.58 0.03466 15.69 17.48
14875.06 395.21 0.01210 13.23 8.10
16293.76 417.21 0.00501 6.60 3.10
31287.69 879.83 0.00628 -11.80 -0.40
