925.00 298.84 13.56654
0.00 298.84 13.56654 -3.55 0.05
142.78 298.84 13.56654 -7.47 1.66
378.76 300.86 12.94938 -7.78 6.43
621.14 302.96 12.14245 -4.41 9.90
869.91 304.65 11.12935 -0.26 11.76
1124.89 305.33 10.35038 2.43 13.84
1385.93 306.72 9.62148 3.99 15.33
1654.93 309.75 7.96938 3.78 13.49
1931.71 310.65 6.68695 2.22 12.26
2506.79 312.09 5.47221 1.02 10.93
3114.78 313.16 4.87890 2.09 9.88
3759.78 315.35 3.88083 3.85 9.55
4449.05 317.72 3.20991 5.15 11.59
5190.14 320.24 2.69633 6.28 16.24
5992.36 322.97 2.15730 6.39 21.01
6868.45 326.00 1.47444 4.49 24.63
7836.34 329.71 0.85742 4.34 28.33
8922.75 334.94 0.51831 7.76 28.83
10165.03 339.03 0.28503 5.45 31.53
10859.80 340.95 0.16940 6.29 35.69
11617.49 344.21 0.10586 9.83 34.53
12459.96 353.47 0.04962 12.02 30.90
13431.23 372.40 0.00819 14.56 23.08
14600.36 398.91 0.00519 12.14 11.04
16029.76 418.76 0.00495 7.92 9.81
31029.00 880.68 0.00624 -13.33 0.22
