900.00 300.52 13.02058
0.00 300.52 13.02058 1.68 -0.04
233.05 300.52 13.02058 1.08 1.64
474.74 301.65 12.02772 2.24 3.46
722.22 302.84 11.56867 5.14 3.85
976.00 304.50 10.70669 6.54 5.18
1237.09 307.21 10.14164 5.64 8.26
1506.50 309.88 9.32936 3.38 10.11
1783.75 311.15 7.98107 1.59 9.25
2360.16 312.29 5.78861 2.85 7.00
2967.85 313.20 4.24678 3.40 5.69
3612.54 315.15 3.33290 3.72 6.40
4300.95 317.13 3.43931 2.63 11.10
5041.14 320.01 3.15561 2.22 18.26
5842.96 322.72 2.12185 2.60 22.32
6718.18 325.75 1.41422 2.26 26.49
7685.31 329.62 0.99350 3.07 30.84
8770.42 334.46 0.59111 3.21 32.66
10012.90 339.83 0.29244 -0.23 33.45
10710.22 342.58 0.18978 -2.66 34.72
11470.76 344.76 0.10349 -0.74 37.53
12312.32 352.34 0.05024 0.93 30.02
13282.88 372.70 0.01378 12.65 21.25
14453.02 401.27 0.00485 14.96 13.74
15891.39 420.78 0.00492 7.88 7.86
30866.32 876.96 0.00616 -15.13 0.29
