950.00 294.31 10.78244
0.00 294.31 10.78244 -1.98 1.98
212.65 294.31 10.78244 -3.71 6.89
440.77 297.66 11.09460 -2.00 11.08
675.68 299.60 10.55814 -1.24 11.24
916.26 300.46 10.50860 -1.29 10.90
1162.42 301.32 10.57864 -0.50 10.86
1414.78 302.78 10.28084 0.71 11.57
1673.88 304.33 9.42811 1.54 12.02
1940.21 306.41 8.52712 2.58 12.24
2214.46 308.03 7.96922 3.37 12.20
2786.10 310.04 6.88087 3.42 13.21
3391.44 312.39 5.06765 3.71 11.94
4035.06 314.68 3.28404 4.16 11.11
4722.30 316.78 2.69723 6.40 9.31
5461.27 319.65 1.99925 9.98 11.88
6261.46 322.11 1.42140 13.64 13.67
7134.40 324.77 1.17328 16.95 18.22
8097.92 328.32 0.92276 17.07 24.11
9178.70 332.70 0.52250 15.12 28.09
10412.15 336.59 0.23398 14.67 31.07
11101.88 338.36 0.13971 15.49 34.71
11852.54 340.60 0.07583 18.43 38.31
12694.04 357.68 0.07850 21.67 23.35
13674.89 374.75 0.00923 16.80 10.76
14846.06 398.56 0.00534 10.03 12.82
16275.81 421.60 0.00485 12.93 8.63
31324.49 873.55 0.00623 -11.34 2.96
