950.00 298.22 11.27206
0.00 298.22 11.27206 -3.78 -0.57
114.14 298.22 11.27206 -6.88 -0.84
344.39 298.80 11.31308 -10.01 0.10
579.52 299.27 11.27253 -10.83 1.72
819.78 299.92 10.91544 -10.14 3.43
1065.48 300.58 10.35277 -8.58 4.69
1316.89 301.45 9.52535 -6.87 5.66
1574.48 302.41 8.80789 -5.51 6.09
1838.67 303.50 8.10992 -4.34 6.37
2109.99 304.74 7.30064 -3.25 6.58
2675.67 307.28 5.93604 -1.35 9.47
3274.61 308.84 5.26358 0.27 11.77
3911.53 311.64 4.84327 2.93 12.64
4594.26 314.97 3.77189 8.40 15.19
5329.51 317.94 2.79379 11.65 18.78
6126.54 321.08 1.85916 14.20 22.93
6997.57 324.24 1.17585 14.16 27.38
7960.04 328.08 0.74735 10.25 33.79
9041.33 333.58 0.55821 2.72 31.29
10277.28 336.88 0.24086 1.31 40.13
10966.96 338.09 0.13462 4.62 45.59
11721.13 344.59 0.08294 14.62 48.91
12568.34 356.01 0.03626 21.36 40.05
13552.61 379.79 0.00955 20.22 20.42
14738.15 404.62 0.00501 12.58 12.73
16194.36 428.18 0.00475 11.14 11.53
31235.95 876.84 0.00630 -14.75 2.38
