950.00 301.71 13.73753
0.00 301.71 13.73753 -3.12 -3.88
183.44 301.71 13.73753 -8.10 -2.37
417.59 304.46 13.01954 -9.08 5.30
657.90 306.26 12.25661 -9.06 12.46
904.14 307.38 11.60359 -8.03 17.62
1156.06 307.96 11.18860 -6.15 19.96
1413.61 308.31 10.96518 -4.11 19.70
1677.09 308.61 10.86376 -2.23 18.37
1946.78 309.06 10.67045 -0.42 16.93
2223.25 309.89 10.02157 1.13 15.19
2798.53 311.71 7.58148 2.91 13.32
3407.47 314.07 5.59939 4.47 14.96
4054.36 316.04 5.01203 5.90 17.01
4746.59 319.44 3.55532 4.10 16.71
5492.92 323.12 1.85779 5.76 18.62
6302.36 325.81 1.14930 7.41 21.13
7184.28 327.62 0.81555 7.94 21.56
8155.16 330.36 0.56999 8.16 19.81
9241.95 334.23 0.33935 8.85 20.51
10481.06 338.19 0.27422 11.29 21.26
11174.82 340.54 0.16236 11.86 20.08
11931.03 342.95 0.09145 11.08 19.65
12763.46 345.74 0.04886 9.44 21.42
13717.91 371.27 0.02537 12.91 21.50
14878.63 393.55 0.01512 18.46 7.49
16292.79 417.76 0.00498 4.74 2.34
31282.19 881.91 0.00625 -11.63 0.23
