950.00 295.90 13.80709
0.00 295.90 13.80709 -2.32 -1.04
31.82 295.90 13.80709 -4.77 -1.17
260.91 297.76 13.34089 -7.89 2.64
496.59 301.16 12.67877 -6.19 8.13
739.54 304.01 12.04739 -3.03 12.40
989.22 305.72 11.34200 -0.20 14.94
1245.22 306.69 10.74604 1.93 16.38
1507.38 307.39 10.24592 3.30 17.48
1776.10 308.35 9.91253 4.29 18.27
2051.98 309.43 9.32729 5.13 18.29
2625.81 310.74 6.89907 4.47 16.93
3231.97 312.15 6.00229 4.08 18.48
3875.98 315.11 5.26300 4.72 20.33
4565.63 317.86 3.93537 5.31 20.16
5307.61 320.76 2.97559 6.28 19.89
6111.39 323.65 2.35762 7.17 21.00
6989.69 326.60 1.60411 7.83 23.62
7958.10 329.68 0.96411 8.19 26.16
9045.04 335.13 0.57044 8.55 27.73
10288.33 339.08 0.28243 8.91 31.76
10982.70 340.38 0.16670 10.11 32.52
11738.46 343.09 0.10112 13.56 31.94
12578.22 352.60 0.07864 13.51 32.22
13546.90 370.17 0.04349 15.84 24.15
14709.55 397.51 0.00373 11.54 8.46
16130.95 418.64 0.00497 10.94 6.59
31132.22 880.52 0.00621 -13.26 -0.47
