925.00 307.46 13.95459
0.00 307.46 13.95459 -2.15 8.41
189.71 307.46 13.95459 -4.32 17.07
431.97 307.68 13.83120 -4.83 21.20
679.16 307.98 13.44634 -4.06 23.91
931.70 308.36 12.90019 -2.42 25.49
1189.91 308.92 12.27781 -0.22 26.03
1454.21 309.63 11.40534 2.08 25.52
1724.92 310.42 9.85039 4.25 23.95
2002.51 311.64 7.29912 5.30 21.81
2580.47 313.77 4.79825 3.25 18.08
3191.57 315.23 4.37850 0.48 16.11
3839.84 316.42 3.80501 -1.22 15.99
4531.48 319.21 2.76262 -2.23 16.80
5277.00 322.79 1.34986 -0.38 18.82
6086.62 326.63 0.49855 1.05 22.51
6971.16 328.81 0.51859 1.04 21.78
7946.24 332.28 0.24298 5.52 19.09
9038.77 335.79 0.21468 9.53 18.07
10282.26 339.22 0.25766 12.06 18.03
10977.80 341.38 0.18287 15.61 16.40
11736.00 344.09 0.10475 18.29 16.00
12574.91 350.15 0.04250 15.63 19.08
13530.74 364.46 0.02138 5.41 19.27
14680.08 395.13 0.00540 15.91 9.18
16099.35 418.08 0.00500 11.36 2.45
31056.94 878.62 0.00626 -12.44 0.07
