925.00 300.16 13.96304
0.00 300.16 13.96304 -4.21 1.00
132.62 300.16 13.96304 -8.74 2.72
370.59 303.48 12.44558 -6.88 6.89
614.76 305.16 11.36560 -2.86 10.48
865.24 306.81 10.65464 -0.25 14.49
1122.13 308.02 10.40029 1.28 17.25
1385.64 309.23 10.28848 2.66 18.82
1656.12 310.36 10.04205 4.31 18.93
1933.76 311.17 9.58342 5.14 17.79
2510.09 311.66 6.82707 5.15 14.63
3117.67 313.03 5.82862 5.96 12.70
3763.67 316.08 5.05883 6.56 14.41
4455.29 318.68 4.15567 6.18 18.82
5198.69 321.12 3.25405 5.32 21.43
6003.24 324.00 2.48346 4.11 22.56
6882.25 327.06 1.66479 2.16 24.60
7852.80 330.69 1.00042 1.77 25.97
8941.42 335.27 0.60726 2.54 27.14
10186.09 340.22 0.31449 1.92 29.65
10882.29 340.92 0.17392 3.95 31.43
11638.56 343.48 0.09818 9.69 30.53
12479.45 352.32 0.06783 6.37 28.42
13444.76 369.22 0.02141 8.36 21.11
14605.42 396.85 0.00499 14.57 10.86
16031.31 420.04 0.00495 9.08 7.28
31014.39 877.24 0.00620 -14.61 0.56
