900.00 301.84 13.05718
0.00 301.84 13.05718 -3.27 0.33
234.70 301.84 13.05718 -7.93 5.13
478.65 305.47 12.27843 -5.67 10.75
729.49 306.88 12.00912 -3.84 13.49
986.51 307.77 11.73649 -2.62 15.68
1249.81 308.56 11.27487 -1.32 17.51
1519.58 309.16 10.73165 0.68 19.25
1796.23 310.09 10.32021 3.49 20.29
2371.69 311.34 8.06389 6.56 19.95
2979.58 313.32 6.35383 6.57 20.43
3625.32 315.63 5.52140 6.82 21.57
4316.58 318.54 4.22397 6.84 21.98
5059.91 321.19 3.16827 7.21 21.91
5864.84 324.17 2.46988 6.36 22.30
6744.64 327.28 1.64427 5.26 23.14
7714.83 330.16 1.03922 4.66 24.40
8803.23 335.61 0.62508 4.66 27.64
10048.15 339.65 0.29779 5.06 31.90
10743.44 340.81 0.17586 7.25 32.48
11500.01 343.40 0.10155 9.13 31.18
12338.45 350.24 0.06956 7.49 31.28
13298.66 366.83 0.04661 15.22 25.33
14455.25 398.38 0.00459 14.02 7.47
15883.33 420.40 0.00495 8.57 4.37
30873.79 878.44 0.00623 -13.71 1.02
