925.00 298.27 13.02746
0.00 298.27 13.02746 3.14 0.48
16.73 298.27 13.02746 3.73 0.70
251.73 299.25 11.79958 5.80 1.46
492.04 299.82 11.64597 3.93 3.34
737.80 300.64 11.50759 2.19 5.86
989.70 302.16 11.10890 1.54 8.13
1248.24 303.48 10.58042 2.24 10.00
1513.78 305.06 9.92851 1.76 10.85
1786.93 306.74 9.23806 -0.01 10.27
2357.50 309.77 7.86129 -0.23 7.66
2962.15 311.68 5.87554 3.55 6.62
3604.45 313.82 3.81280 8.14 9.21
4291.33 317.37 2.62689 7.71 13.97
5032.34 320.44 2.23731 5.28 18.87
5834.36 322.66 1.46652 3.66 22.72
6708.10 324.72 0.87124 1.87 26.20
7671.89 328.68 0.46136 2.77 32.14
8754.84 333.35 0.19661 5.62 33.73
9992.17 338.67 0.17706 3.04 36.33
10687.96 342.31 0.12116 4.10 41.58
11449.22 346.04 0.09521 6.67 41.44
12295.82 354.16 0.03853 9.26 34.02
13263.57 371.39 0.01461 20.52 24.52
14444.47 404.88 0.00487 12.01 11.19
15896.15 423.81 0.00483 5.47 10.05
30892.32 877.45 0.00624 -14.29 0.26
