950.00 298.15 13.74294
0.00 298.15 13.74294 -4.28 -4.30
174.75 298.15 13.74294 -10.77 -7.27
406.73 302.02 12.95145 -12.56 -0.55
645.60 304.79 12.49270 -11.46 7.24
891.00 306.61 11.94995 -9.81 13.79
1142.55 307.74 11.42694 -7.53 17.85
1400.06 308.25 11.13600 -5.24 18.95
1663.54 308.66 11.02819 -3.10 18.56
1933.36 309.22 10.84648 -0.85 17.74
2210.03 310.06 10.19671 1.40 16.44
2785.54 311.82 7.54882 4.68 14.36
3394.15 313.37 6.52199 6.03 15.83
4039.81 315.43 5.68237 7.31 18.46
4731.50 319.32 3.49483 5.51 18.68
5477.30 322.68 2.14578 6.97 19.37
6285.34 325.22 1.54448 8.39 20.56
7166.44 327.51 1.10819 8.87 20.87
8137.55 330.51 0.79589 8.89 20.05
9224.73 334.26 0.51224 8.47 20.63
10464.19 338.34 0.26931 10.09 21.19
11158.00 340.52 0.16155 10.74 21.27
11913.45 342.35 0.08837 9.69 22.05
12744.76 345.81 0.04747 8.90 24.65
13704.41 372.85 0.02738 15.95 19.95
14862.98 392.73 0.02038 15.68 6.03
16280.56 419.12 0.00499 4.89 2.48
31272.92 880.76 0.00625 -11.78 -0.02
