950.00 296.90 12.26779
0.00 296.90 12.26779 -1.88 1.25
183.70 296.90 12.26779 -3.20 6.28
414.18 300.23 11.12594 -2.32 9.13
650.80 301.56 11.01329 -1.90 9.56
893.02 302.54 10.83530 -1.83 9.34
1141.01 303.60 10.53156 -1.30 10.06
1395.14 304.62 10.54317 -0.08 11.77
1655.80 305.88 10.48775 0.98 13.61
1923.30 306.91 9.94785 1.42 14.80
2197.78 307.87 8.90389 1.59 15.41
2769.21 309.91 6.99393 1.06 14.62
3373.38 310.35 6.10515 0.77 12.86
4014.46 313.93 4.52709 1.43 11.96
4701.24 316.72 3.17191 4.13 11.71
5440.36 319.71 2.51422 7.86 14.62
6241.26 322.50 2.13841 10.44 18.26
7116.15 325.61 1.58682 11.52 23.17
8082.82 329.40 0.96681 12.19 27.39
9166.81 333.64 0.55776 13.80 29.76
10404.29 337.88 0.25634 12.52 33.01
11097.03 339.86 0.15258 11.18 35.17
11850.13 340.88 0.07912 12.00 35.63
12686.63 355.11 0.06810 18.87 28.15
13668.25 375.21 0.01400 16.55 15.91
14839.67 398.59 0.00552 10.47 11.18
16267.29 419.95 0.00497 10.23 8.07
31286.66 873.75 0.00626 -12.40 0.08
