925.00 298.28 11.89483
0.00 298.28 11.89483 -1.91 0.42
204.38 298.28 11.89483 -6.06 1.55
439.33 299.18 11.68819 -8.67 2.70
679.56 299.81 11.60224 -9.13 3.80
925.61 301.21 11.10635 -8.31 4.75
1177.71 302.01 10.86068 -7.24 5.30
1436.09 303.26 10.22011 -6.13 5.80
1701.30 304.53 9.05229 -4.13 6.59
1973.56 305.56 8.42100 -3.08 7.11
2540.64 307.36 7.21690 -2.36 9.02
3140.58 309.57 5.93647 -1.40 11.64
3779.34 312.51 4.80833 2.37 13.73
4463.64 315.64 3.83618 7.33 15.33
5200.60 318.78 2.64652 10.87 18.27
5999.92 322.08 1.72518 12.81 22.60
6873.79 325.53 1.07456 10.39 27.15
7840.43 329.55 0.97966 6.65 32.39
8926.64 334.68 0.59755 1.63 27.42
10163.92 336.87 0.24523 1.57 34.13
10853.44 338.19 0.13865 4.35 39.44
11607.31 343.80 0.08640 12.53 45.85
12450.19 353.28 0.04814 17.60 41.24
13424.26 377.99 0.01156 22.63 24.46
14610.11 404.68 0.00495 11.63 12.91
16065.30 426.79 0.00474 9.45 12.42
31091.90 875.35 0.00622 -13.61 0.86
