925.00 298.43 12.58827
0.00 298.43 12.58827 2.20 0.34
86.83 298.43 12.58827 3.40 0.82
321.97 299.17 12.09287 2.85 2.42
562.21 299.72 11.97715 1.27 4.58
807.97 300.73 11.62186 0.19 6.88
1059.89 302.16 11.10812 -0.03 8.88
1318.40 303.39 10.62401 0.69 10.40
1583.84 304.91 9.95608 0.65 11.01
1856.76 306.50 9.33536 -0.42 10.46
2426.95 309.43 8.22327 -1.80 7.82
3030.99 311.35 6.53654 0.87 6.43
3672.78 313.49 4.24485 8.04 9.72
4359.33 317.34 2.61733 8.88 13.87
5100.62 320.74 2.05014 6.76 18.87
5903.35 322.97 1.35944 4.29 22.68
6777.93 325.09 0.84967 1.86 26.43
7742.74 328.98 0.42788 2.72 31.53
8826.38 333.46 0.19938 5.72 33.56
10063.40 338.20 0.19593 2.16 34.47
10758.02 341.75 0.12126 4.58 41.45
11518.46 345.82 0.10164 8.21 42.10
12364.50 353.87 0.04009 11.00 35.05
13331.24 371.38 0.01512 21.34 25.26
14511.83 404.80 0.00496 11.89 11.38
15964.63 424.34 0.00477 5.89 10.74
30964.88 877.91 0.00631 -13.99 -0.10
