925.00 297.69 13.44413
0.00 297.69 13.44413 -2.16 0.25
55.56 297.69 13.44413 -2.99 0.66
290.32 298.73 12.98008 -7.00 3.61
530.69 300.27 12.40733 -7.21 7.36
777.42 302.19 11.70312 -4.61 10.71
1030.54 303.25 11.17251 -1.41 13.39
1290.09 304.84 10.38502 1.03 15.08
1557.11 306.98 9.23392 0.28 15.38
1831.92 308.72 8.38438 -1.13 14.27
2404.91 310.78 7.00498 -1.24 11.09
3010.81 312.31 5.61549 1.11 8.85
3654.51 314.72 4.02431 4.14 9.94
4342.92 317.54 2.84228 6.82 12.99
5083.70 320.25 2.21045 8.08 17.65
5885.44 322.78 1.75846 7.43 21.94
6760.48 325.59 1.27348 5.98 26.16
7727.92 330.03 0.83790 6.76 28.95
8814.56 334.23 0.47150 7.87 27.55
10052.55 337.85 0.25660 3.78 30.81
10744.98 340.18 0.15914 6.78 36.00
11502.77 344.75 0.11176 11.40 39.89
12344.63 352.04 0.04205 15.20 35.60
13310.35 372.73 0.01451 22.49 24.05
14489.87 403.40 0.00503 10.56 11.45
15937.27 422.64 0.00480 6.36 12.65
30941.55 878.54 0.00625 -12.72 -1.04
