950.00 297.67 12.46033
0.00 297.67 12.46033 -5.16 0.37
182.93 297.67 12.46033 -7.28 3.56
413.62 300.11 11.70915 -5.58 6.11
650.30 301.64 11.66747 -3.83 8.32
892.78 302.80 11.62235 -2.68 10.84
1141.17 304.01 11.51057 -1.52 13.54
1395.87 305.25 11.51108 -0.10 15.87
1657.24 306.55 11.35537 1.49 17.21
1925.50 307.71 10.35396 3.07 17.34
2200.64 308.57 8.55241 3.90 16.84
2772.77 310.18 6.42365 3.14 15.03
3377.53 311.09 5.70046 3.35 14.66
4019.80 314.35 4.70874 3.94 14.61
4707.75 317.27 3.56135 5.29 14.71
5448.40 320.30 2.85218 7.27 16.94
6251.19 323.39 2.30938 8.57 19.91
7128.62 326.41 1.60994 9.02 23.45
8097.28 329.86 1.01473 11.04 26.08
9182.75 334.04 0.57551 12.22 28.54
10422.57 338.53 0.26340 10.47 31.65
11116.43 340.22 0.15638 9.77 32.26
11870.50 341.50 0.08633 12.16 32.24
12706.19 353.06 0.06799 16.82 29.67
13684.81 374.44 0.02663 15.91 17.31
14849.55 395.89 0.00552 10.08 11.21
16272.28 420.10 0.00493 10.57 6.24
31281.80 877.41 0.00623 -12.79 -0.90
