925.00 297.58 13.06937
0.00 297.58 13.06937 -3.69 0.10
138.64 297.58 13.06937 -7.53 2.11
373.67 300.20 12.10621 -9.17 6.34
615.69 302.90 11.37216 -6.11 10.40
864.20 304.11 10.98266 -2.34 13.21
1118.54 304.58 10.64958 0.38 15.29
1379.48 307.10 9.52378 0.91 16.29
1648.53 309.48 7.59170 -1.59 14.95
1924.79 310.03 6.53677 -2.91 13.72
2498.65 311.22 5.62071 -2.64 12.53
3104.86 312.17 5.11126 -1.20 12.05
3747.90 314.50 4.15265 1.08 11.82
4435.72 317.22 3.44032 4.20 12.99
5175.61 319.68 2.96088 7.33 15.14
5976.76 322.87 2.17945 8.97 18.59
6852.59 325.90 1.40605 8.61 23.07
7819.42 329.45 0.89017 8.44 27.76
8904.61 334.37 0.54800 9.14 27.57
10144.38 338.28 0.24031 6.33 29.20
10837.73 340.49 0.15444 8.37 33.26
11595.52 344.39 0.10832 13.48 36.97
12436.46 352.20 0.04217 17.98 34.61
13406.10 374.23 0.01125 20.46 23.05
14582.62 401.24 0.00516 10.39 11.62
16020.38 420.45 0.00496 7.51 12.63
31025.48 879.20 0.00618 -12.53 -1.28
