925.00 298.60 13.24918
0.00 298.60 13.24918 -0.27 1.13
91.92 298.60 13.24918 -1.44 2.10
327.35 299.49 12.89783 -4.17 5.06
568.18 300.58 12.41341 -3.77 8.04
814.97 302.04 11.81330 -0.68 10.63
1068.02 303.09 11.20504 2.71 12.90
1327.45 304.80 10.20685 4.39 13.78
1594.57 307.36 8.86674 2.11 13.44
1869.53 308.85 8.11064 0.45 11.42
2442.57 310.81 6.54754 0.92 7.44
3048.63 312.49 5.01835 3.39 6.82
3692.00 314.49 3.47292 5.93 9.26
4380.02 317.58 2.58667 5.99 13.41
5120.85 320.24 2.22954 5.27 18.59
5922.44 322.62 1.55775 4.91 22.54
6796.31 324.91 1.13022 3.80 26.23
7761.86 329.43 0.64095 4.64 30.52
8847.07 334.14 0.25736 7.12 31.84
10086.49 338.60 0.27356 2.43 34.36
10781.06 341.28 0.17548 4.76 39.16
11540.23 345.10 0.10717 8.22 39.53
12383.46 352.53 0.04335 11.97 34.29
13349.43 372.16 0.01407 21.39 23.66
14529.52 403.78 0.00489 11.16 10.69
15976.61 422.28 0.00487 5.28 11.44
30975.99 878.66 0.00627 -13.41 -0.12
