950.00 303.44 13.20925
0.00 303.44 13.20925 -3.25 -1.00
182.93 303.44 13.20925 -7.42 2.44
417.95 305.41 12.50176 -8.29 9.46
658.80 306.79 11.77821 -8.01 15.27
905.22 307.50 11.32868 -6.81 19.15
1157.12 307.92 11.00780 -5.02 20.74
1414.62 308.28 10.80280 -2.94 20.22
1678.05 308.62 10.69013 -0.90 18.61
1947.72 309.07 10.53390 0.97 16.60
2224.18 309.85 9.90841 2.32 14.42
2799.29 311.61 7.61312 3.09 12.91
3408.12 314.26 5.03681 4.52 14.77
4055.24 316.30 4.41961 6.17 16.39
4747.80 319.60 3.46420 4.45 15.77
5494.21 323.06 1.83696 5.94 17.92
6303.60 325.86 1.11506 7.33 20.93
7185.72 327.69 0.77167 7.86 21.89
8156.55 330.27 0.54988 7.95 19.77
9243.19 334.25 0.26293 9.30 20.26
10481.89 337.93 0.25637 11.95 21.08
11175.09 340.25 0.16332 12.32 19.39
11931.05 342.96 0.09288 11.51 18.50
12763.73 345.85 0.05020 9.85 19.84
13716.81 370.60 0.02560 11.54 21.07
14879.61 394.40 0.01153 19.49 9.05
16292.65 416.65 0.00497 5.13 2.04
31278.54 882.72 0.00619 -11.84 0.08
