950.00 296.01 13.55854
0.00 296.01 13.55854 -2.24 -1.02
147.95 296.01 13.55854 -6.11 -0.13
377.36 298.08 12.90288 -7.66 4.36
613.08 300.95 12.40224 -5.41 8.76
855.60 303.32 11.98094 -3.12 12.63
1104.77 305.19 11.50779 -1.03 15.41
1360.49 306.50 11.08454 1.01 16.83
1622.65 307.38 10.49711 2.70 17.46
1891.40 308.34 9.86377 4.13 17.82
2167.20 309.31 8.98627 5.15 17.56
2740.60 310.60 6.83151 4.40 16.20
3346.50 311.89 6.01311 4.61 17.68
3990.28 314.95 5.10327 5.12 19.02
4679.40 317.62 3.83311 5.61 18.78
5420.84 320.58 2.95167 6.46 19.09
6224.44 323.74 2.30162 7.19 20.56
7102.82 326.60 1.59379 8.24 23.38
8071.53 329.79 0.98400 9.60 25.74
9157.94 334.72 0.56870 9.76 27.32
10400.16 338.91 0.27437 9.77 31.18
11094.28 340.26 0.16388 10.40 31.78
11849.37 342.57 0.09564 13.56 31.99
12687.91 352.66 0.07512 14.78 31.77
13659.69 371.74 0.03920 16.84 21.90
14822.96 396.22 0.00423 9.98 9.30
16242.52 419.25 0.00494 11.44 6.55
31247.42 879.81 0.00628 -13.08 -0.71
