900.00 299.74 12.26241
0.00 299.74 12.26241 2.53 0.32
224.79 299.74 12.26241 4.14 2.15
465.59 300.32 12.23464 2.29 4.53
711.93 301.28 11.89293 2.11 6.93
964.39 302.70 11.20104 3.52 8.90
1223.51 304.29 10.28665 4.87 10.14
1490.02 306.49 9.31454 2.67 10.49
1764.55 308.42 8.27582 0.24 9.05
2337.31 310.67 6.48351 2.54 6.65
2943.03 312.55 4.44815 5.90 7.07
3586.76 314.70 3.30840 6.85 9.48
4274.73 317.41 2.68589 5.64 13.74
5015.11 319.95 2.39806 3.86 18.29
5815.96 322.21 1.56449 3.71 22.60
6688.90 324.59 0.93162 2.66 26.26
7653.05 328.85 0.57440 3.20 32.20
8736.15 333.58 0.21555 5.21 33.24
9974.60 339.16 0.22777 2.74 36.21
10671.36 342.58 0.15631 2.44 40.47
11432.72 345.90 0.09623 4.78 39.84
12278.35 353.52 0.04095 7.62 32.86
13246.01 371.80 0.01354 19.35 23.24
14426.19 404.39 0.00485 12.06 11.08
15874.05 422.46 0.00484 5.08 9.66
30865.38 876.94 0.00632 -14.27 0.31
