950.00 297.52 13.48393
0.00 297.52 13.48393 -4.92 -0.52
167.85 297.52 13.48393 -9.14 2.09
398.61 300.28 12.79560 -7.23 6.71
636.10 303.33 12.21540 -4.98 11.63
880.44 305.47 11.81732 -4.09 15.71
1131.18 306.86 11.61745 -2.55 17.94
1388.15 307.78 11.49652 -0.45 18.44
1651.37 308.39 11.12466 1.70 18.02
1920.91 308.96 10.37991 3.74 17.55
2197.23 309.73 9.60907 5.80 17.24
2771.70 311.00 7.75960 8.46 17.29
3378.64 312.26 6.62876 9.59 19.08
4022.55 314.80 5.80146 9.30 21.79
4712.08 317.88 4.07408 8.84 21.16
5454.34 320.93 3.18152 8.73 19.78
6258.85 324.15 2.45783 7.69 19.75
7138.63 327.15 1.60133 7.50 21.10
8108.85 330.27 0.98453 7.76 23.13
9196.35 334.69 0.59765 8.14 25.97
10438.73 339.13 0.28641 10.16 28.88
11133.50 340.67 0.17030 10.15 29.17
11888.95 342.37 0.09392 11.52 29.64
12723.47 349.39 0.06230 11.67 29.67
13691.79 372.09 0.05669 18.61 18.79
14849.14 393.67 0.01093 9.25 6.66
16269.01 420.72 0.00496 9.06 3.92
31269.47 879.48 0.00623 -12.95 -0.27
