950.00 305.07 13.68383
0.00 305.07 13.68383 -4.36 8.34
21.30 305.07 13.68383 -4.91 9.56
257.28 305.87 13.04847 -7.68 18.20
498.20 306.26 12.68435 -7.68 22.02
744.23 306.81 12.13647 -6.41 24.49
995.73 307.45 11.35763 -4.41 25.72
1253.11 308.58 10.01738 -1.97 25.55
1517.15 310.64 7.36988 1.58 23.00
1788.58 312.63 4.52771 2.49 18.88
2067.28 313.44 3.83660 0.87 16.53
2646.39 314.07 3.95265 -0.37 14.94
3257.26 315.16 3.00825 0.99 14.25
3905.42 317.29 1.52498 1.80 14.34
4598.88 320.37 1.46210 0.54 13.58
5346.08 323.42 0.81535 2.07 15.46
6155.64 326.11 0.46309 1.02 18.19
7039.02 328.47 0.43864 -0.06 20.82
8011.88 331.09 0.43668 1.01 19.14
9102.37 335.81 0.17028 8.16 21.27
10345.56 338.75 0.10399 12.97 21.87
11039.83 340.87 0.09692 16.02 18.19
11798.18 344.68 0.08102 19.25 16.60
12638.86 350.53 0.03243 14.19 17.00
13595.41 364.25 0.03002 4.18 17.21
14740.37 393.76 0.00565 15.43 9.60
16156.32 418.62 0.00496 10.34 0.10
31109.28 880.07 0.00614 -12.95 0.19
