950.00 306.00 12.61527
0.00 306.00 12.61527 -4.79 7.60
131.09 306.00 12.61527 -7.84 13.87
367.70 306.55 12.46917 -8.61 18.91
609.01 306.87 12.07448 -7.75 21.70
855.32 307.15 11.59087 -6.04 23.30
1106.96 307.66 10.92919 -4.04 23.93
1364.38 308.54 9.93473 -1.74 23.86
1628.27 310.12 8.16886 1.67 22.18
1899.24 311.72 6.23804 3.52 19.01
2177.51 312.91 4.98225 3.43 15.73
2756.72 314.17 4.45127 3.01 12.52
3367.62 314.60 4.63495 3.08 14.55
4014.58 316.37 2.35725 3.17 16.03
4706.84 320.12 2.03997 1.20 14.89
5454.37 323.69 1.00958 3.56 16.61
6264.93 326.54 0.39453 1.98 20.06
7148.81 328.43 0.35732 0.79 22.76
8121.27 330.83 0.44325 1.32 20.87
9210.49 335.38 0.09876 8.62 21.00
10452.40 338.47 0.07554 14.03 21.35
11146.72 341.01 0.06023 15.73 19.03
11905.02 344.20 0.05632 16.42 17.08
12742.44 348.58 0.04608 12.30 16.60
13694.81 364.70 0.02649 6.40 20.16
14843.54 394.44 0.00577 17.27 10.50
16260.05 417.02 0.00498 7.09 -0.96
31229.78 880.39 0.00619 -12.39 0.44
