925.00 299.79 13.92340
0.00 299.79 13.92340 -1.04 1.28
99.77 299.79 13.92340 -3.34 3.07
336.56 301.76 12.55216 -3.38 6.69
579.38 303.39 11.84216 0.26 8.16
828.57 305.26 11.02884 3.46 9.44
1084.08 306.12 10.23619 4.89 11.22
1345.88 307.52 9.99842 5.25 13.18
1615.50 310.26 9.15628 4.13 13.24
1893.01 311.32 7.51896 2.41 11.24
2469.16 311.96 5.98400 2.27 8.88
3077.10 313.60 4.77685 3.18 6.67
3722.41 315.38 3.97304 4.92 6.63
4411.53 317.50 3.65501 5.02 11.54
5152.46 320.17 3.11083 5.10 18.41
5954.66 322.97 2.16921 4.68 22.34
6831.08 326.29 1.48623 2.74 26.42
7800.20 330.14 0.95888 2.55 29.48
8886.89 334.71 0.59370 4.04 30.27
10129.31 339.71 0.29297 1.77 31.05
10825.82 341.66 0.17734 -0.34 33.53
11583.77 343.88 0.10298 4.86 35.41
12423.69 351.49 0.05508 6.56 29.37
13391.65 372.30 0.01346 13.39 21.70
14562.25 400.77 0.00490 12.78 11.21
15996.65 419.44 0.00496 7.56 8.59
30979.73 877.49 0.00624 -14.49 0.42
