950.00 294.42 11.65149
0.00 294.42 11.65149 -1.91 0.79
182.74 294.42 11.65149 -3.74 5.61
411.69 299.13 11.04091 -1.29 10.15
647.78 301.17 10.69140 -0.22 11.33
889.66 302.14 10.70080 0.17 11.49
1137.37 303.32 10.48566 0.51 11.63
1391.33 304.65 10.14490 1.21 12.58
1651.98 306.02 9.77818 2.06 13.71
1919.61 307.21 9.34840 2.62 14.56
2194.29 308.20 8.63587 2.69 15.13
2766.06 309.96 6.75756 1.96 14.33
3370.18 311.03 5.61924 2.01 12.24
4012.43 314.30 4.08691 2.42 11.04
4699.46 316.77 3.05345 4.93 10.51
5438.43 319.61 2.41011 8.51 13.07
6238.69 322.19 1.97936 11.28 16.14
7112.53 325.23 1.55852 12.89 21.11
8078.16 329.12 0.94670 12.92 25.78
9160.88 333.18 0.53961 14.90 28.84
10396.01 337.21 0.24504 15.15 32.07
11087.48 339.36 0.15135 13.52 34.91
11839.66 340.55 0.07610 14.23 36.64
12676.78 356.43 0.07138 19.62 25.84
13660.49 375.59 0.01211 16.89 12.94
14833.03 398.33 0.00578 9.15 11.33
16257.64 419.37 0.00495 11.52 8.34
31288.53 872.95 0.00628 -11.60 1.15
