925.00 299.17 13.45610
0.00 299.17 13.45610 2.14 -0.53
64.38 299.17 13.45610 3.40 -0.68
300.20 299.96 12.83698 2.53 1.08
541.27 300.72 12.30121 2.10 4.01
787.96 301.92 11.52478 3.95 6.03
1041.02 303.54 10.79837 6.03 7.32
1301.01 305.90 9.73095 4.91 8.45
1569.26 308.82 8.21432 1.57 8.87
1845.36 310.07 7.12317 0.95 7.88
2420.14 311.71 5.56259 4.34 7.22
3027.27 313.28 3.95776 5.28 6.81
3671.99 315.22 3.03162 5.91 8.32
4360.32 317.14 2.83443 4.15 11.80
5099.75 319.49 2.57266 3.39 17.68
5899.88 322.05 1.66070 3.47 22.72
6773.16 325.11 1.02907 2.40 26.84
7739.10 329.32 0.74469 3.28 31.88
8822.98 333.86 0.48610 4.20 32.53
10063.11 339.73 0.30697 1.18 34.96
10760.74 342.71 0.18544 -1.04 37.80
11521.85 345.52 0.10156 1.80 38.91
12366.56 353.31 0.04313 3.69 30.28
13335.59 371.93 0.01281 15.84 22.01
14510.68 403.15 0.00484 13.24 12.41
15953.59 421.32 0.00487 6.06 8.52
30935.60 876.62 0.00627 -14.68 0.15
