925.00 299.37 13.65141
0.00 299.37 13.65141 0.00 0.76
83.28 299.37 13.65141 -1.67 2.00
319.51 300.68 13.07637 -2.98 5.37
561.47 302.15 12.14520 -0.06 7.48
809.58 303.86 11.16074 3.64 9.07
1064.03 304.92 10.37077 5.93 10.95
1324.89 306.62 9.95599 5.80 12.24
1593.94 309.93 8.10842 2.95 11.60
1870.84 310.81 6.62710 1.40 9.81
2446.07 311.88 5.60906 2.35 7.69
3053.99 313.66 4.47227 3.14 6.59
3699.37 315.36 3.47234 4.85 7.19
4388.06 317.32 3.13899 4.80 11.11
5128.31 319.92 2.61015 5.21 17.67
5929.56 322.56 1.81764 4.98 22.44
6804.60 325.81 1.35167 2.92 26.88
7772.68 329.87 0.88027 2.98 30.52
8858.53 334.53 0.56814 5.00 30.71
10099.93 339.39 0.28976 2.40 32.53
10796.19 341.73 0.17911 0.48 35.61
11554.84 344.43 0.10811 4.54 36.64
12396.70 352.36 0.04736 7.33 30.14
13365.12 372.06 0.01214 15.44 22.46
14538.53 401.98 0.00491 12.23 10.96
15975.83 419.65 0.00496 6.68 9.15
30963.39 877.56 0.00626 -14.17 0.38
