950.00 296.04 13.73781
0.00 296.04 13.73781 -3.16 -1.51
31.89 296.04 13.73781 -3.80 -1.34
260.67 297.40 12.68694 -8.01 1.41
495.58 299.97 11.80221 -7.90 5.73
736.99 301.64 11.15718 -6.19 9.24
984.15 302.25 11.16595 -4.92 11.89
1237.09 303.20 10.94451 -4.55 13.42
1496.78 305.06 10.34306 -5.05 13.77
1763.84 306.78 9.48416 -5.99 13.30
2038.19 307.77 8.40972 -6.04 12.45
2608.64 308.91 6.80272 -3.30 10.93
3211.46 311.27 5.23755 -1.11 10.68
3853.09 313.95 4.18088 0.73 11.46
4540.23 317.05 3.37117 3.95 13.61
5279.83 319.67 2.81694 7.73 16.09
6080.51 322.49 2.16980 10.42 19.29
6955.01 325.51 1.50413 11.03 23.72
7921.04 329.54 0.99232 9.81 28.13
9006.05 334.26 0.56540 6.23 26.74
10244.40 337.56 0.24176 4.51 27.78
10935.66 339.09 0.14450 7.12 32.05
11690.24 343.42 0.10130 14.96 38.75
12530.06 352.18 0.03936 21.74 37.30
13503.52 376.81 0.01132 20.87 21.81
14684.98 403.54 0.00495 10.05 12.26
16130.24 422.74 0.00484 8.74 12.89
31145.58 876.66 0.00627 -12.66 -0.50
