950.00 305.94 12.34838
0.00 305.94 12.34838 -3.81 4.72
165.35 305.94 12.34838 -8.56 12.96
402.06 307.39 11.85793 -9.42 19.18
644.13 308.05 11.40366 -8.31 22.45
891.26 308.14 11.26730 -6.17 23.06
1143.58 308.38 11.05857 -3.60 21.86
1401.46 308.73 10.81823 -1.45 20.10
1665.33 309.22 10.48917 0.49 18.35
1935.58 309.97 9.99163 2.11 16.37
2212.81 310.95 8.76536 3.04 13.95
2789.73 312.80 6.19383 3.52 12.21
3399.63 314.37 5.36979 4.23 14.70
4046.77 316.17 4.05071 4.49 16.37
4739.13 319.83 2.83479 1.88 15.49
5486.30 323.65 1.47150 4.59 17.76
6297.09 326.45 0.60648 5.03 21.55
7180.18 327.97 0.51340 4.36 22.44
8151.34 330.36 0.40170 4.89 19.99
9237.96 334.35 0.15549 8.09 20.25
10477.68 338.45 0.19754 12.74 21.56
11172.05 341.00 0.14935 13.26 20.05
11930.30 343.95 0.10082 12.82 18.34
12764.92 346.56 0.05550 10.74 18.77
13715.75 367.98 0.02504 10.32 22.60
14872.95 394.78 0.00847 18.57 8.99
16286.50 416.59 0.00501 5.34 1.43
31271.57 881.23 0.00615 -11.56 0.82
