925.00 300.32 14.01192
0.00 300.32 14.01192 2.35 -1.12
69.60 300.32 14.01192 4.09 -2.53
306.19 300.63 13.34863 2.96 -3.58
547.77 301.10 12.73059 3.45 -2.89
794.73 301.96 12.28263 5.15 -1.87
1047.85 303.42 11.84441 5.41 1.20
1307.73 305.01 11.45347 5.38 5.86
1575.16 307.36 10.85561 4.54 9.79
1850.78 309.35 10.31370 2.59 10.80
2426.45 312.15 8.03280 -0.45 7.36
3034.80 312.54 5.72626 -0.28 3.63
3678.53 314.98 5.01933 -0.94 6.53
4368.95 318.68 4.58579 -1.41 15.02
5113.70 322.02 3.67616 -0.85 20.72
5920.67 324.77 2.73204 0.37 22.91
6801.21 327.66 1.89734 0.97 24.44
7773.67 331.04 1.12604 1.56 26.37
8860.84 334.29 0.60602 3.49 27.20
10101.54 338.89 0.29056 4.38 27.72
10796.21 341.38 0.18039 2.45 30.97
11555.53 344.40 0.10963 -3.16 33.77
12394.08 351.87 0.06303 1.64 34.45
13371.52 375.87 0.01615 10.41 20.63
14541.30 397.86 0.00481 17.45 13.81
15966.07 417.69 0.00501 9.93 8.05
30920.30 875.37 0.00622 -15.26 0.80
