950.00 297.15 11.72553
0.00 297.15 11.72553 -2.88 1.74
178.57 297.15 11.72553 -6.88 5.84
408.15 297.91 11.51709 -7.08 9.12
642.69 298.64 11.17641 -6.05 10.92
882.50 299.41 10.86981 -5.56 10.78
1127.79 299.94 10.76720 -4.95 10.21
1378.70 300.79 10.08432 -4.43 9.21
1635.86 301.85 9.26873 -3.97 9.05
1899.82 303.77 8.29545 -2.91 9.09
2171.85 306.04 6.85543 -0.66 8.12
2740.28 309.11 5.18517 4.02 9.34
3343.99 311.99 4.40990 5.25 10.79
3986.49 313.99 3.48390 4.35 11.12
4672.35 316.21 2.76645 6.23 9.52
5410.25 319.20 2.09674 10.51 13.01
6209.37 321.59 1.48891 13.46 15.77
7080.56 324.01 0.97417 15.23 18.82
8041.22 327.03 0.73651 17.03 24.65
9118.74 332.48 0.51295 10.93 31.41
10352.65 336.57 0.23318 7.36 36.05
11043.40 339.42 0.14810 13.30 41.09
11800.07 345.27 0.10124 21.75 37.96
12646.77 354.78 0.04103 26.25 29.54
13623.49 377.40 0.00914 17.73 15.33
14802.51 401.45 0.00490 11.96 11.74
16246.18 425.13 0.00481 12.20 10.89
31294.09 873.95 0.00630 -13.78 3.42
