925.00 297.74 13.11366
0.00 297.74 13.11366 -2.43 -0.46
111.14 297.74 13.11366 -5.00 -0.03
345.89 298.74 12.70572 -7.87 2.95
586.23 300.23 12.24412 -8.01 6.63
832.79 301.88 11.67736 -6.44 10.07
1085.65 302.92 11.25832 -4.30 12.65
1344.93 304.33 10.63402 -2.37 14.30
1611.38 306.12 9.90770 -2.33 14.66
1885.56 307.91 9.18442 -3.28 13.81
2457.35 309.98 7.67416 -3.18 11.50
3061.80 311.56 6.13346 -0.00 9.89
3704.38 314.26 4.46649 3.48 10.96
4392.33 317.42 3.11814 6.86 13.76
5133.01 320.25 2.25443 9.25 17.65
5934.90 322.85 1.72155 9.05 21.95
6810.35 325.85 1.25029 7.27 26.51
7778.17 329.98 0.95446 7.06 28.99
8864.88 334.58 0.53735 6.12 25.31
10103.13 337.66 0.25236 3.82 29.33
10794.90 339.72 0.15358 6.80 34.48
11551.72 344.43 0.10744 12.55 40.21
12392.87 351.78 0.04319 16.31 36.87
13358.73 373.66 0.01469 22.92 24.51
14539.38 403.71 0.00497 10.71 11.92
15988.76 423.47 0.00483 7.15 13.00
30997.32 877.29 0.00621 -12.62 -1.02
