925.00 302.64 13.70494
0.00 302.64 13.70494 1.34 -0.49
181.77 302.64 13.70494 1.68 3.51
420.52 303.67 13.50722 -0.14 8.98
665.14 305.49 13.56690 -1.70 13.90
916.15 306.82 13.53059 -2.40 17.75
1173.35 307.53 13.29251 -2.22 20.10
1436.47 307.85 12.93262 -1.51 21.57
1705.89 308.54 12.52895 -0.33 22.71
1982.45 309.95 11.27180 1.30 22.88
2558.63 312.04 8.10494 2.21 21.44
3167.41 313.69 5.70777 -0.11 20.90
3814.73 316.80 4.73295 -3.24 21.39
4508.46 320.20 3.58294 -3.12 21.45
5256.86 323.98 1.96012 0.51 21.85
6068.95 327.31 0.73764 2.98 23.41
6955.13 329.37 0.74473 3.74 21.59
7931.18 332.19 0.68329 6.03 18.07
9022.99 335.81 0.60619 7.62 15.70
10268.93 340.39 0.31336 8.03 17.29
10965.90 341.94 0.18152 9.51 16.80
11723.23 343.02 0.09385 12.19 15.97
12557.91 348.04 0.05059 11.53 19.23
13510.17 363.75 0.02323 6.18 20.86
14658.85 395.97 0.00519 16.56 9.87
16082.04 418.62 0.00499 9.63 2.96
31051.00 877.07 0.00618 -12.76 -0.12
