925.00 304.23 14.04067
0.00 304.23 14.04067 0.05 2.25
219.82 304.23 14.04067 1.52 5.97
459.67 304.86 13.82570 -0.10 10.39
705.08 306.20 13.72705 -1.37 14.65
956.51 307.18 13.62258 -1.75 18.35
1213.99 307.96 13.34360 -1.22 21.00
1477.52 308.23 13.03396 -0.43 22.39
1747.16 308.71 12.40768 0.85 23.47
2023.80 310.07 10.80001 2.32 23.53
2600.13 312.34 7.73632 2.54 21.63
3209.55 314.15 5.64189 -0.42 20.18
3857.26 316.68 4.53096 -3.57 20.04
4550.38 319.98 3.20829 -3.70 20.28
5298.04 323.76 1.54983 -0.01 21.59
6109.92 327.37 0.58447 1.96 23.67
6996.17 329.45 0.62205 3.23 21.12
7972.86 332.51 0.47877 6.77 17.39
9065.19 335.61 0.48639 8.66 15.75
10309.45 339.72 0.30452 9.37 17.13
11005.55 341.62 0.18381 12.06 16.21
11762.88 343.21 0.09720 15.21 15.92
12599.23 349.22 0.04530 13.46 19.66
13553.69 364.21 0.02209 5.97 20.49
14703.34 395.59 0.00523 16.19 9.64
16125.05 418.31 0.00492 10.70 2.91
31088.96 877.59 0.00626 -12.63 -0.03
