975.00 289.12 10.02675
0.00 289.12 10.02675 -6.18 3.28
17.83 289.12 10.02675 -6.23 3.39
240.48 296.69 12.41832 -7.05 6.56
470.41 299.13 11.51864 -2.60 7.70
706.56 301.52 11.43797 0.35 10.66
949.14 303.11 11.63081 1.60 13.50
1197.84 304.41 11.41196 2.27 15.73
1452.87 305.71 11.03656 3.01 17.20
1714.47 306.90 10.64863 4.01 17.73
1982.86 307.90 9.87397 5.16 17.54
2258.08 308.60 8.55456 6.10 16.87
2829.90 309.84 6.29407 6.78 16.04
3432.59 310.10 5.99401 7.02 15.56
4074.66 314.76 5.24699 7.18 15.33
4763.58 317.72 4.23789 7.75 15.62
5505.04 320.56 3.39403 8.54 16.52
6308.09 323.50 2.55288 9.39 18.02
7185.72 326.70 1.73982 10.39 19.83
8154.33 329.71 1.01606 11.19 21.34
9237.15 332.85 0.52794 12.45 23.70
10471.06 337.17 0.24314 12.49 28.14
11162.53 339.61 0.15133 10.20 30.44
11915.12 340.51 0.07055 11.50 31.55
12750.00 354.35 0.07458 15.64 24.83
13732.79 375.44 0.03677 12.24 11.43
14897.12 395.05 0.00729 8.08 9.07
16315.97 418.68 0.00498 11.16 5.98
31334.42 875.41 0.00623 -11.36 -0.36
