950.00 298.42 10.68253
0.00 298.42 10.68253 -3.35 -0.07
86.08 298.42 10.68253 -6.15 0.05
316.29 298.93 10.71564 -8.93 0.52
551.50 299.46 10.67035 -9.85 1.49
791.71 299.82 10.45462 -9.57 2.77
1037.25 300.39 10.07210 -8.50 4.10
1288.38 301.07 9.37176 -7.09 5.33
1545.67 302.09 8.60588 -5.82 5.91
1809.53 303.10 7.98068 -4.75 6.10
2080.49 304.46 7.15141 -3.64 6.25
2645.99 307.41 5.68168 -1.69 9.79
3244.91 308.64 5.33138 -0.27 11.90
3881.45 311.51 4.83193 2.59 12.93
4563.71 314.68 3.75938 8.36 15.85
5298.20 317.63 2.73579 11.36 19.19
6094.56 320.89 1.80313 14.16 23.46
6965.27 324.15 1.10363 14.34 28.05
7927.41 327.95 0.61277 9.92 34.79
9008.13 333.33 0.56013 2.91 31.48
10242.91 336.53 0.24350 2.04 41.53
10931.98 337.99 0.13134 6.15 48.08
11686.87 345.29 0.08138 14.60 49.25
12535.91 356.56 0.03346 20.41 39.86
13520.95 380.21 0.00907 20.19 21.04
14707.71 404.42 0.00510 12.33 12.86
16163.56 428.62 0.00472 11.80 11.36
31208.05 877.29 0.00621 -14.95 2.65
