950.00 299.09 14.01085
0.00 299.09 14.01085 -3.00 -3.85
188.22 299.09 14.01085 -8.07 -5.85
420.49 302.29 12.99996 -10.28 0.56
659.34 304.68 12.41530 -9.91 7.91
904.50 306.22 11.83451 -8.46 14.01
1155.67 307.19 11.42125 -6.47 18.22
1412.74 307.84 11.01429 -4.30 19.98
1675.89 308.34 10.67422 -2.05 19.69
1945.35 308.87 10.39861 0.10 18.20
2221.59 309.65 9.84426 1.86 16.33
2796.19 311.15 8.25911 3.50 14.45
3404.41 313.90 5.46618 4.90 15.80
4051.04 316.14 4.76579 7.01 17.65
4743.53 319.51 3.60346 5.33 17.23
5489.66 322.80 2.11941 6.12 18.72
6298.25 325.48 1.42337 7.72 20.83
7179.89 327.64 0.99022 8.88 21.34
8150.97 330.40 0.68497 9.21 19.72
9237.87 334.24 0.43088 9.82 19.76
10476.32 337.79 0.26342 11.45 19.56
11169.11 340.08 0.15751 11.85 18.86
11924.15 342.44 0.08861 10.98 19.38
12755.76 345.69 0.04770 9.67 21.43
13711.89 372.04 0.02649 12.96 19.98
14875.46 394.29 0.01392 18.35 8.60
16290.24 417.02 0.00499 5.20 2.43
31277.39 881.85 0.00624 -11.90 -0.30
