950.00 297.15 14.66900
0.00 297.15 14.66900 0.34 -0.82
7.11 297.15 14.66900 -0.13 -1.19
237.07 299.78 13.57623 -2.90 -1.53
474.15 302.37 13.23270 -4.81 3.84
718.02 304.83 12.92093 -5.70 9.89
968.53 306.57 12.46475 -5.77 14.85
1225.47 307.69 12.10171 -5.17 18.20
1488.75 308.39 11.83340 -3.94 20.01
1758.49 309.06 11.39191 -2.17 20.54
2035.08 309.88 10.43838 0.01 19.82
2610.09 311.07 7.69032 3.11 16.77
3216.43 312.65 6.24209 3.33 15.67
3862.88 316.54 5.46606 2.24 17.36
4556.87 320.19 4.25609 1.98 19.06
5304.88 323.42 2.80752 2.64 19.37
6114.96 325.94 1.84451 3.93 20.30
6997.77 327.99 1.45543 4.65 21.75
7969.41 330.51 1.20816 5.10 22.43
9056.77 335.07 0.71339 5.40 22.24
10300.36 340.08 0.31985 6.65 23.34
10996.97 341.93 0.19421 7.78 24.60
11753.80 342.66 0.09770 7.55 25.43
12584.14 344.64 0.04522 7.61 26.31
13534.71 368.55 0.04056 14.92 25.02
14692.73 397.64 0.00864 14.77 5.04
16117.70 419.51 0.00491 5.96 3.21
31102.56 876.68 0.00628 -12.39 0.73
