925.00 297.71 12.91621
0.00 297.71 12.91621 -3.00 -1.32
202.32 297.71 12.91621 -7.62 -0.13
437.04 298.85 12.38429 -9.02 3.47
677.65 300.93 11.62182 -8.01 7.74
924.68 302.28 11.18625 -6.32 11.18
1177.60 302.95 11.03446 -4.73 13.35
1437.10 304.81 10.40971 -4.26 14.30
1703.97 306.60 9.65539 -5.25 14.02
1978.32 307.86 8.76732 -5.85 13.13
2549.17 309.03 7.28254 -4.21 11.26
3152.27 311.31 5.75647 -0.48 10.88
3794.44 314.11 4.37565 2.44 11.82
4482.08 317.25 3.37601 5.65 14.05
5222.33 319.97 2.59724 9.10 17.03
6023.68 322.65 1.98204 10.54 21.01
6899.00 325.88 1.37335 9.41 25.67
7866.44 329.89 0.97145 8.03 28.92
8952.54 334.76 0.56020 5.44 25.66
10191.81 337.70 0.25540 4.01 27.60
10883.32 339.34 0.14708 6.66 32.34
11638.82 343.76 0.10374 13.50 39.15
12478.49 351.44 0.04103 18.50 37.74
13446.70 375.52 0.01307 22.62 23.67
14628.21 403.66 0.00498 10.66 12.23
16076.78 423.44 0.00484 7.99 13.22
31089.47 876.73 0.00628 -12.61 -0.75
