925.00 299.30 14.24037
0.00 299.30 14.24037 -1.98 1.45
20.39 299.30 14.24037 -2.46 1.89
256.84 301.87 12.25607 -4.22 6.39
500.05 304.43 11.66229 -0.93 8.82
750.29 306.57 11.17115 1.72 10.69
1007.00 307.62 10.82747 3.23 12.60
1270.20 308.86 10.60217 4.22 14.80
1540.58 310.48 10.39176 4.62 15.72
1818.50 311.62 9.32013 3.84 13.91
2395.88 312.35 6.72820 2.77 9.02
3003.92 313.14 5.54059 3.54 6.53
3648.31 315.06 5.15792 4.50 8.45
4338.35 318.12 4.59669 4.08 16.19
5081.22 321.01 3.57877 3.35 21.28
5885.48 323.73 2.54394 3.55 22.69
6763.86 326.79 1.71497 2.41 25.23
7734.00 330.49 1.06215 2.42 27.94
8821.71 334.92 0.61466 2.54 29.73
10065.92 340.31 0.30560 0.12 29.36
10763.14 341.93 0.18145 -1.64 30.41
11520.93 343.43 0.09783 3.82 33.01
12358.40 349.95 0.05901 6.90 29.34
13322.44 371.84 0.01805 10.31 22.31
14492.33 399.70 0.00487 14.61 11.72
15924.59 419.07 0.00499 7.94 7.49
30898.29 877.20 0.00620 -14.89 0.58
