975.00 290.75 10.43080
0.00 290.75 10.43080 -2.52 2.94
16.83 290.75 10.43080 -1.96 2.60
238.38 295.03 12.06051 -4.67 9.88
467.41 298.40 11.50949 -1.83 10.68
702.83 300.32 10.71750 -0.49 10.15
944.09 301.34 10.80611 0.34 10.72
1191.07 302.35 10.88185 1.48 11.46
1444.35 303.83 10.52497 2.99 12.62
1704.41 305.37 9.97526 4.45 13.76
1971.58 306.81 9.55813 5.60 14.55
2246.11 308.15 8.83443 6.14 14.93
2818.19 310.21 6.38232 5.49 14.57
3423.60 312.35 5.00856 4.15 12.52
4067.13 314.79 3.63766 4.30 11.35
4754.90 317.06 2.90970 6.61 10.86
5494.30 319.71 2.33039 9.63 12.25
6294.69 322.21 1.85082 12.49 13.78
7168.51 325.33 1.45509 14.19 17.82
8134.39 329.23 0.95088 14.37 22.76
9216.88 332.95 0.51550 14.66 24.53
10450.58 336.57 0.23172 15.22 27.17
11140.47 338.50 0.14155 15.33 30.89
11891.23 340.43 0.07321 17.93 35.23
12732.78 358.15 0.07866 16.68 21.52
13713.73 373.10 0.01507 15.75 9.92
14876.79 395.39 0.00613 11.01 12.52
16301.61 422.26 0.00495 13.15 6.90
31346.56 874.18 0.00634 -10.46 1.95
