950.00 295.97 13.35405
0.00 295.97 13.35405 -3.04 -1.45
90.33 295.97 13.35405 -5.15 -1.07
319.46 297.85 12.34450 -7.85 2.79
555.02 300.90 11.43405 -6.66 6.73
796.89 301.99 11.09853 -4.89 9.53
1044.35 302.78 11.01600 -3.37 12.08
1297.88 303.95 10.55159 -2.65 13.90
1558.08 305.70 9.90402 -3.06 14.52
1825.65 307.39 8.96527 -4.25 14.04
2100.39 308.21 7.90608 -4.71 12.99
2671.52 309.43 6.40737 -3.25 11.65
3274.92 311.26 5.11559 -1.78 11.60
3916.28 313.87 4.16401 0.13 11.87
4603.08 316.87 3.37349 3.18 13.52
5342.26 319.51 2.89617 6.68 15.72
6142.75 322.55 2.18512 9.48 18.52
7017.35 325.56 1.49481 10.85 22.82
7983.36 329.39 0.95904 10.47 27.35
9067.76 334.05 0.55122 7.56 27.09
10306.06 337.70 0.24701 5.66 28.14
10997.88 339.40 0.14388 8.16 32.21
11753.07 343.62 0.10235 15.48 38.26
12593.70 352.66 0.04148 21.93 36.13
13567.58 376.27 0.01073 20.19 21.57
14747.86 402.84 0.00499 9.75 12.17
16189.50 421.83 0.00488 8.86 12.63
31203.36 877.05 0.00634 -12.61 -0.67
