950.00 299.33 13.59368
0.00 299.33 13.59368 -3.42 -2.72
155.00 299.33 13.59368 -9.02 -4.58
387.34 302.43 13.11701 -8.90 1.23
626.38 304.94 12.57824 -9.05 7.51
871.95 306.89 11.98068 -8.69 13.11
1123.77 308.08 11.48803 -7.59 17.09
1381.60 308.63 11.36975 -5.71 18.94
1645.44 309.02 11.34414 -3.45 19.56
1915.59 309.51 11.25231 -1.06 19.28
2192.52 310.23 10.55724 1.12 18.07
2768.57 311.82 8.20934 4.62 14.93
3376.76 312.99 7.28031 5.69 14.76
4022.40 315.40 6.14542 5.20 17.33
4714.22 319.36 3.89171 4.08 18.43
5460.28 322.71 2.26999 5.60 18.79
6268.24 325.09 1.64115 6.81 19.90
7148.93 327.35 1.29989 6.94 21.13
8119.12 330.04 0.99746 7.06 21.13
9205.08 334.24 0.63290 7.07 22.32
10445.97 339.22 0.28626 9.34 25.00
11141.41 341.23 0.16977 9.96 25.29
11897.72 342.52 0.09018 9.52 25.67
12729.44 346.06 0.04714 7.94 27.12
13688.83 371.74 0.03273 17.85 21.72
14846.14 394.09 0.01734 13.08 3.93
16266.72 420.00 0.00489 5.75 3.06
31258.97 879.03 0.00633 -12.04 0.69
