950.00 297.32 13.65296
0.00 297.32 13.65296 -4.79 -2.65
174.79 297.32 13.65296 -11.37 -5.20
405.88 300.87 12.71919 -12.35 0.15
643.91 303.91 12.35513 -11.41 6.98
888.65 305.89 11.96231 -9.40 13.15
1139.70 307.19 11.48455 -6.72 17.19
1396.82 307.91 11.17765 -4.13 18.71
1660.09 308.50 11.09377 -1.68 18.52
1929.81 309.14 10.86337 0.86 17.63
2206.41 309.98 10.02829 3.38 16.31
2781.59 311.59 7.41759 6.75 14.92
3389.45 312.76 6.61344 7.82 17.18
4034.07 315.12 5.84838 8.65 19.70
4725.23 319.01 3.92020 7.39 19.95
5470.27 322.17 2.64949 7.95 19.94
6277.16 324.82 1.95342 8.72 20.46
7157.95 327.59 1.36919 9.12 20.58
8129.47 330.67 0.89708 9.01 19.99
9217.00 334.36 0.51339 8.33 20.13
10456.16 338.10 0.25524 8.84 20.72
11149.21 340.14 0.15722 9.23 21.49
11903.74 341.90 0.08543 8.71 23.15
12734.59 346.42 0.04922 9.34 25.98
13698.11 373.39 0.03378 17.17 18.04
14856.53 393.01 0.01952 13.93 6.48
16275.95 419.19 0.00496 5.21 2.42
31269.52 880.12 0.00615 -11.95 -0.30
