925.00 297.72 12.75899
0.00 297.72 12.75899 -3.31 -0.76
221.34 297.72 12.75899 -8.40 1.97
456.70 300.78 11.67649 -7.70 6.64
698.82 302.72 11.06476 -4.93 10.23
946.99 303.50 10.95457 -2.40 13.15
1200.82 304.17 10.68770 -0.87 15.29
1461.52 306.65 9.73879 -1.64 15.72
1729.92 308.44 8.28552 -3.86 14.49
2005.31 308.96 7.25470 -4.81 13.23
2577.44 310.08 6.15396 -3.48 11.88
3182.04 311.72 5.18505 -1.69 11.65
3824.24 314.13 4.25927 0.34 11.85
4511.52 317.05 3.50607 3.55 13.45
5251.08 319.61 2.98172 7.26 15.50
6051.96 322.70 2.21627 9.73 18.59
6927.25 325.81 1.44988 10.00 23.06
7893.85 329.51 0.92416 9.30 27.68
8978.78 334.24 0.55597 8.01 27.23
10217.84 337.97 0.24162 5.84 28.16
10910.42 339.90 0.14789 8.15 32.23
11666.94 344.03 0.10561 14.50 37.67
12507.22 351.97 0.04108 19.97 35.93
13477.88 375.46 0.01161 21.14 22.58
14656.84 402.35 0.00511 10.08 12.05
16098.48 421.59 0.00486 8.13 12.99
31108.21 877.79 0.00629 -12.49 -1.06
