950.00 295.85 13.13745
0.00 295.85 13.13745 -3.25 -0.44
144.90 295.85 13.13745 -5.88 1.00
373.92 298.46 11.94606 -6.71 4.13
609.71 300.59 11.60112 -6.28 5.54
851.30 301.77 11.44144 -4.88 7.52
1098.92 303.19 11.29019 -2.96 10.52
1352.93 304.56 10.99552 -1.02 13.45
1613.66 306.07 10.38964 0.47 15.47
1881.52 307.60 9.48470 0.91 16.40
2156.63 308.73 8.36956 0.35 16.02
2729.09 310.22 6.40793 -1.19 13.58
3333.56 311.36 5.54194 -0.88 14.19
3975.79 314.23 4.43109 0.40 13.80
4663.07 316.92 3.39235 2.74 14.25
5402.40 319.66 2.81765 5.51 16.27
6203.27 322.67 2.20755 7.84 19.07
7078.70 325.88 1.51665 10.03 22.68
8045.50 329.42 0.97790 11.29 26.59
9129.66 333.79 0.53702 9.76 27.11
10368.47 338.24 0.24583 8.63 30.33
11061.56 339.91 0.14367 9.99 33.07
11816.30 342.85 0.09368 15.06 36.14
12658.16 354.49 0.06183 20.41 32.76
13632.64 374.45 0.00859 17.65 21.41
14808.85 400.14 0.00463 9.69 11.61
16238.05 419.62 0.00491 10.53 10.82
31249.97 877.90 0.00631 -12.73 -0.90
