975.00 291.36 10.42513
0.00 291.36 10.42513 -2.23 2.11
6.52 291.36 10.42513 -1.45 1.36
227.65 294.20 11.49925 -4.45 8.61
456.26 298.26 11.35949 -1.90 10.88
691.62 300.28 10.64345 -0.41 10.82
932.83 301.26 10.74930 0.30 11.33
1179.77 302.30 10.74560 1.20 11.73
1433.02 303.86 10.33777 2.43 12.70
1693.06 305.42 9.71980 3.56 13.62
1960.26 306.91 9.27125 4.55 14.27
2234.81 308.17 8.63337 4.98 14.67
2806.86 310.18 6.53294 4.27 14.43
3412.12 312.23 5.13029 3.28 12.21
4055.52 314.70 3.61858 3.71 11.03
4743.06 316.95 2.89643 6.12 10.39
5482.26 319.67 2.29032 9.46 12.28
6282.52 322.14 1.78319 12.55 14.17
7155.96 325.13 1.43394 14.48 18.62
8121.25 329.05 0.94569 14.49 23.92
9203.41 332.91 0.52243 14.92 26.19
10437.12 336.64 0.23544 15.56 28.96
11127.20 338.63 0.14252 15.25 32.57
11878.11 340.39 0.07328 17.43 36.33
12719.00 358.18 0.07684 18.46 22.48
13701.49 374.19 0.01204 16.13 10.46
14868.47 396.39 0.00603 9.88 12.53
16292.42 421.30 0.00494 13.35 7.70
31336.20 873.63 0.00624 -10.81 2.04
