925.00 298.23 12.77982
0.00 298.23 12.77982 -0.23 -0.05
71.94 298.23 12.77982 -1.24 0.22
306.97 299.03 12.57187 -3.80 2.86
547.21 299.78 12.35461 -5.11 5.33
793.22 301.08 11.87852 -4.97 7.96
1045.55 302.54 11.32759 -3.69 9.58
1304.42 303.75 10.85001 -2.16 10.76
1570.14 305.18 10.12679 -1.10 11.58
1843.37 306.78 9.52175 -0.88 11.20
2413.86 309.56 8.25548 -1.30 9.27
3017.98 311.31 6.50189 -0.03 7.84
3659.84 313.73 4.47864 4.81 9.89
4346.62 317.13 2.85151 8.40 13.10
5087.12 320.48 1.95438 9.11 17.90
5889.58 323.00 1.42731 7.18 22.17
6764.82 325.60 1.00346 4.23 26.71
7731.95 329.88 0.63191 4.19 29.90
8817.42 333.66 0.45274 5.14 29.82
10053.88 337.50 0.26130 2.28 30.77
10745.75 339.99 0.16155 5.83 38.52
11503.44 344.96 0.10586 11.09 42.85
12347.13 352.86 0.04556 14.26 37.06
13312.95 372.64 0.01568 22.88 25.83
14494.51 404.71 0.00485 11.22 11.91
15947.97 424.70 0.00484 6.69 12.15
30954.65 877.22 0.00620 -13.12 -0.86
