925.00 299.09 13.72749
0.00 299.09 13.72749 -0.08 1.33
60.39 299.09 13.72749 -0.92 1.60
296.26 300.06 13.13023 -2.95 4.74
537.63 301.35 12.43727 -1.37 7.50
785.03 302.88 11.45033 2.36 9.41
1038.74 303.97 10.71686 5.61 11.40
1298.86 305.80 9.85304 6.20 12.21
1567.20 309.31 7.57182 2.58 11.44
1843.54 310.28 6.60577 1.10 9.14
2418.06 311.56 5.66185 2.45 6.22
3025.34 313.33 4.38652 3.53 6.60
3670.19 315.13 3.41338 5.17 8.31
4358.57 317.25 3.03520 4.80 12.00
5098.58 319.82 2.39809 4.92 17.83
5899.36 322.33 1.61331 4.96 22.50
6773.22 325.19 1.19930 3.40 26.94
7739.69 329.47 0.80296 3.44 31.24
8824.67 334.32 0.41495 5.67 31.58
10065.11 339.13 0.29906 2.34 33.91
10761.11 341.83 0.18426 1.68 37.81
11520.63 345.02 0.10855 4.94 37.67
12363.97 352.72 0.04261 8.71 31.66
13331.62 372.26 0.01295 17.79 22.90
14509.11 403.01 0.00490 11.78 10.58
15950.03 420.36 0.00489 5.62 9.89
30941.82 877.73 0.00628 -13.88 0.37
