925.00 302.07 14.19038
0.00 302.07 14.19038 1.56 -0.42
139.88 302.07 14.19038 0.19 0.45
378.66 304.16 13.63415 -3.37 6.32
623.52 305.61 13.21631 -5.40 12.61
874.49 306.80 12.70616 -6.08 17.37
1131.56 307.76 12.40779 -5.59 20.51
1394.94 308.40 12.06588 -4.40 22.09
1664.68 308.93 11.74808 -2.61 22.55
1941.17 309.64 11.08413 -0.56 21.79
2516.33 311.30 8.37186 1.63 18.01
3123.59 312.95 6.36456 0.52 16.28
3769.99 316.20 5.37425 -1.07 18.88
4463.03 320.03 3.67957 -1.18 20.05
5211.61 324.31 2.04596 1.71 20.76
6024.31 327.23 0.89879 3.81 22.61
6909.54 328.76 0.86766 4.32 22.08
7882.99 331.05 0.81704 5.89 20.04
8971.44 335.01 0.64719 7.95 18.81
10214.84 339.94 0.33722 10.98 20.14
10911.50 342.10 0.19711 13.18 20.39
11669.65 343.49 0.10351 12.52 20.65
12502.23 345.57 0.04962 11.88 21.28
13450.77 366.30 0.03545 12.76 24.27
14603.08 397.55 0.00695 16.17 6.76
16026.16 418.48 0.00500 5.68 2.62
31007.96 877.27 0.00621 -12.09 0.46
