950.00 297.23 11.60426
0.00 297.23 11.60426 -3.28 1.11
166.60 297.23 11.60426 -7.01 3.88
396.19 298.01 11.33918 -8.47 7.10
630.73 298.58 11.12804 -8.07 9.86
870.48 299.32 10.94446 -7.22 11.04
1115.63 299.67 10.91368 -6.43 10.39
1366.38 300.60 9.96568 -5.71 8.84
1623.37 301.70 9.14749 -5.04 8.44
1887.12 303.43 8.08671 -3.85 8.46
2158.80 305.68 6.60838 -1.39 7.89
2726.49 308.78 4.94988 3.97 9.40
3329.33 311.41 4.29176 5.48 10.66
3970.69 313.51 3.78277 4.85 11.29
4655.91 315.95 2.93324 6.90 10.51
5393.33 319.00 2.23233 11.55 13.91
6192.21 321.55 1.57316 14.00 16.75
7063.30 323.88 1.01292 15.09 19.30
8023.40 326.73 0.68323 17.24 24.79
9099.08 331.90 0.49027 12.68 32.68
10332.13 336.50 0.23224 5.25 36.74
11022.06 338.92 0.14740 11.53 41.84
11778.94 345.62 0.09795 23.13 39.90
12626.91 355.90 0.02348 26.22 30.88
13606.70 378.24 0.00952 18.34 16.37
14788.87 402.44 0.00498 11.39 11.23
16234.02 425.21 0.00480 12.37 11.47
31285.24 874.83 0.00629 -14.29 3.51
