925.00 297.64 13.06544
0.00 297.64 13.06544 -3.09 -0.18
147.91 297.64 13.06544 -7.35 1.60
382.84 299.67 12.29405 -8.59 5.74
624.37 302.26 11.37818 -6.13 9.87
872.43 303.57 10.96499 -2.80 12.92
1126.26 303.91 10.79275 -0.36 15.10
1386.76 306.64 9.53759 -0.06 16.13
1655.39 308.98 7.77289 -2.85 15.06
1931.32 309.71 6.76331 -4.03 13.77
2504.66 310.79 5.99635 -3.04 11.88
3110.36 312.08 5.21089 -0.99 11.26
3753.38 314.45 4.19987 1.58 11.35
4441.33 317.27 3.39197 4.84 13.03
5181.37 319.76 2.80878 8.06 15.72
5982.42 322.65 2.16429 9.27 19.57
6857.79 325.79 1.41274 8.30 24.09
7824.74 329.64 0.85544 8.14 28.33
8910.49 334.49 0.54106 8.81 27.43
10150.01 338.09 0.24313 5.68 28.69
10842.90 340.29 0.15567 8.01 33.25
11600.54 344.44 0.10928 13.13 37.79
12441.33 351.83 0.03993 17.74 35.34
13409.24 374.07 0.01255 21.78 23.28
14587.54 402.25 0.00505 10.24 11.73
16029.73 421.45 0.00494 7.25 12.94
31035.64 878.62 0.00626 -12.50 -1.25
