975.00 293.12 11.11901
0.00 293.12 11.11901 -1.59 2.56
19.18 293.12 11.11901 -1.17 2.28
241.51 294.75 11.75255 -3.27 8.96
470.12 297.82 11.58298 -1.63 11.50
705.06 299.63 10.68742 -0.98 10.79
945.70 300.62 10.53207 -1.02 10.60
1192.06 301.54 10.72273 0.06 10.97
1444.62 302.94 10.55954 1.76 11.77
1703.90 304.49 9.84774 3.12 12.52
1970.43 306.34 9.17655 4.45 13.16
2244.63 307.94 8.59358 5.43 13.43
2816.47 310.12 6.74423 5.35 14.06
3422.17 312.73 4.72500 4.68 12.18
4066.05 314.87 3.21794 4.77 11.25
4753.72 316.98 2.67210 7.35 10.19
5492.97 319.71 2.07021 10.54 11.85
6293.41 322.26 1.51157 14.25 13.07
7167.00 325.12 1.25096 16.95 17.26
8131.91 328.84 0.93300 16.64 22.60
9213.71 332.82 0.52018 14.73 24.95
10447.11 336.36 0.22859 14.22 27.46
11136.28 337.96 0.13514 15.51 31.25
11886.22 340.57 0.07480 19.61 36.07
12729.00 357.87 0.08141 18.45 21.45
13707.56 372.70 0.01281 16.80 9.89
14872.46 396.69 0.00563 11.86 13.14
16301.50 422.78 0.00493 13.06 7.07
31352.32 874.34 0.00621 -10.62 2.63
