925.00 297.86 12.71887
0.00 297.86 12.71887 4.29 -0.98
19.26 297.86 12.71887 4.84 -1.27
253.90 299.00 11.16449 8.16 -2.26
494.04 299.80 11.32558 5.02 0.01
739.79 300.67 11.48626 2.61 3.26
991.78 302.29 11.11151 2.04 5.78
1250.55 303.74 10.28522 2.11 7.72
1516.52 305.93 9.38135 -0.10 7.97
1790.70 308.17 8.22304 -0.55 7.00
2363.18 310.52 6.07633 5.65 7.38
2968.29 312.29 4.00668 8.46 8.26
3611.53 314.72 2.87605 8.30 10.89
4299.56 317.45 2.57000 5.49 14.34
5039.88 319.90 2.38108 2.97 18.46
5840.55 322.10 1.67100 2.81 22.43
6713.17 324.40 0.92806 2.10 25.64
7676.12 328.33 0.52213 2.65 32.09
8757.53 333.01 0.30680 4.09 33.73
9995.53 339.46 0.22581 2.47 36.30
10692.90 342.83 0.15236 1.30 41.07
11454.67 346.33 0.09147 3.34 40.47
12302.49 354.60 0.03810 5.39 32.06
13272.13 371.54 0.01348 18.67 22.91
14451.71 404.79 0.00478 12.69 12.03
15900.99 423.11 0.00490 5.50 8.85
30887.22 876.27 0.00637 -14.79 0.26
