950.00 298.05 10.47902
0.00 298.05 10.47902 -3.77 1.57
104.14 298.05 10.47902 -6.49 3.00
333.85 298.14 10.45305 -8.46 4.30
568.24 298.33 10.36367 -8.85 4.77
807.42 298.42 10.21058 -8.06 4.25
1051.58 298.65 9.63000 -7.07 3.52
1301.31 300.10 7.65765 -5.59 2.91
1557.89 302.15 5.82857 -4.78 3.75
1821.54 303.41 5.57872 -4.30 5.10
2092.38 304.47 5.76326 -3.30 5.72
2657.11 307.13 5.18293 0.68 8.97
3256.49 309.09 4.68508 3.49 12.22
3893.77 311.91 4.34911 5.39 13.69
4576.37 314.85 3.46258 9.11 15.14
5311.49 317.95 2.50220 12.06 17.36
6108.49 321.11 1.76253 13.70 20.39
6978.86 323.51 1.15865 16.96 23.02
7937.54 326.10 0.60607 16.74 28.53
9010.29 330.84 0.38295 15.21 37.78
10242.16 336.83 0.23446 6.54 44.03
10932.81 338.74 0.13435 9.20 49.11
11689.12 346.03 0.07248 20.39 47.95
12541.07 358.20 0.02378 23.61 33.33
13524.93 377.62 0.01055 18.28 20.39
14709.30 404.86 0.00499 13.66 11.07
16164.95 428.57 0.00472 12.90 10.04
31230.39 878.99 0.00632 -15.92 4.14
