900.00 299.95 12.88049
0.00 299.95 12.88049 2.81 -1.09
229.58 299.95 12.88049 4.77 -2.27
470.62 300.73 12.06721 3.83 -0.27
717.32 301.78 11.64301 5.43 0.71
970.29 303.65 10.77219 5.92 2.68
1230.82 306.49 10.36411 4.55 6.71
1499.64 309.13 10.12822 2.88 9.42
1776.47 310.56 9.23417 1.53 9.14
2352.44 312.07 6.38392 2.65 6.96
2959.90 312.87 4.64171 3.40 5.92
3604.03 314.93 3.52977 3.30 6.97
4292.34 317.26 3.51451 1.28 11.58
5033.01 320.22 3.10992 0.95 18.00
5835.29 322.87 2.03620 1.55 21.72
6710.38 325.47 1.41871 1.88 25.35
7676.34 329.22 1.03923 2.68 29.15
8760.07 334.07 0.58396 2.97 31.95
10001.58 339.58 0.29022 -0.06 32.96
10698.40 342.45 0.18168 -2.52 35.77
11458.89 345.03 0.09811 -2.49 38.36
12303.65 354.49 0.04779 -0.62 29.13
13279.26 373.41 0.01310 12.95 20.05
14448.84 400.77 0.00483 15.40 14.75
15884.77 420.40 0.00491 9.03 8.35
30856.63 876.86 0.00631 -15.46 0.45
