950.00 296.56 13.58810
0.00 296.56 13.58810 -3.06 -0.66
173.14 296.56 13.58810 -7.97 0.89
403.07 298.92 12.78237 -7.50 5.64
639.36 301.63 12.34780 -4.78 10.04
882.40 303.97 11.84789 -2.87 14.15
1132.05 305.71 11.55222 -1.18 16.80
1388.20 306.96 11.28326 0.70 17.80
1650.74 307.73 10.75943 2.56 17.81
1919.74 308.54 9.94900 4.35 17.68
2195.65 309.41 8.89496 5.82 17.21
2769.15 310.65 6.97937 6.15 16.38
3375.23 311.87 6.15209 6.68 17.91
4018.91 314.84 5.35348 7.02 19.71
4707.95 317.58 4.00204 7.02 19.20
5449.44 320.63 3.08383 7.28 18.98
6253.27 323.89 2.37877 7.32 20.05
7132.14 326.77 1.61016 7.83 22.52
8101.43 330.00 0.99264 9.23 24.91
9188.25 334.64 0.59123 9.60 27.01
10430.27 338.93 0.27760 10.09 30.55
11124.59 340.39 0.16769 10.30 30.93
11879.68 342.37 0.09462 12.87 31.13
12716.39 351.58 0.07114 14.06 30.90
13688.37 372.36 0.04673 17.49 19.89
14849.24 394.77 0.00605 9.37 8.88
16268.35 420.04 0.00496 10.90 5.36
31272.93 879.53 0.00623 -13.04 -0.62
