950.00 296.09 12.35550
0.00 296.09 12.35550 -1.90 2.61
195.05 296.09 12.35550 -2.17 8.33
424.46 298.73 11.44609 -1.61 10.86
660.10 300.33 11.04012 -2.61 10.15
901.32 301.25 10.85769 -3.50 8.61
1148.22 302.21 10.42622 -3.57 7.77
1401.22 303.50 9.84716 -2.87 8.65
1660.87 304.97 9.15234 -1.75 9.60
1927.46 306.17 8.64023 -0.71 10.32
2201.20 307.27 8.23064 0.09 11.34
2771.51 309.29 7.20535 0.27 12.95
3375.05 310.98 5.64477 0.09 11.95
4016.63 313.90 4.03666 1.16 11.21
4702.80 316.38 2.91074 4.03 10.28
5441.13 319.42 2.31324 8.18 13.62
6240.96 321.92 1.85705 11.38 17.17
7113.40 324.55 1.44919 13.38 21.68
8077.01 328.67 0.91835 13.33 27.50
9159.86 333.54 0.54729 9.95 29.60
10396.01 337.25 0.23772 10.65 33.45
11087.83 339.63 0.14397 12.07 37.71
11841.29 342.19 0.08491 14.48 38.39
12684.93 356.33 0.07147 22.11 28.25
13663.39 376.16 0.00820 17.32 16.09
14839.60 399.62 0.00509 10.72 11.71
16273.64 422.12 0.00488 11.14 10.02
31301.32 873.21 0.00632 -12.89 1.05
