950.00 297.54 12.75784
0.00 297.54 12.75784 -5.27 0.07
183.19 297.54 12.75784 -10.43 4.22
413.90 300.41 11.98934 -6.90 8.85
651.31 303.07 11.61804 -4.88 13.40
895.11 304.53 11.47991 -3.39 16.80
1144.92 305.72 11.21585 -1.46 18.74
1400.89 306.82 11.02701 0.64 19.18
1663.38 307.81 10.63345 2.91 18.29
1932.41 308.55 9.35467 4.89 16.97
2207.96 309.02 7.81351 6.26 16.18
2780.44 310.38 6.42517 8.24 16.98
3384.81 310.83 6.22884 10.15 18.40
4027.72 314.68 5.69036 10.31 18.79
4716.77 317.81 4.59539 10.29 19.04
5459.13 321.01 3.50307 9.78 19.72
6263.62 324.09 2.55531 9.21 20.37
7143.27 327.33 1.65168 9.02 20.65
8113.67 330.24 0.99482 8.81 21.90
9199.44 333.89 0.54685 8.86 24.40
10437.99 338.16 0.25180 7.93 27.19
11131.19 340.12 0.15499 6.92 28.27
11884.70 340.99 0.07874 9.64 29.25
12717.84 350.93 0.06513 14.95 27.12
13692.32 373.93 0.05718 15.21 14.06
14852.58 394.96 0.00846 9.86 8.39
16274.75 419.10 0.00497 7.73 3.62
31278.57 878.12 0.00618 -12.35 -0.69
