950.00 298.25 11.05948
0.00 298.25 11.05948 -4.02 -0.46
98.83 298.25 11.05948 -6.98 -0.60
328.91 298.53 11.04130 -9.98 0.31
563.82 299.03 10.99348 -10.48 2.04
803.77 299.46 10.71462 -9.34 3.72
1049.03 300.11 9.76154 -7.52 4.98
1300.01 301.29 8.12551 -5.62 5.52
1557.33 302.19 7.55223 -4.39 5.61
1821.03 303.04 7.29049 -3.74 5.48
2091.79 304.23 6.69290 -2.85 5.29
2656.57 307.07 5.59360 -0.89 9.39
3255.32 308.80 4.93493 0.67 12.44
3892.11 311.70 4.64420 3.58 13.03
4574.81 314.92 3.63744 8.87 15.46
5309.91 317.88 2.67843 11.75 18.34
6106.68 320.95 1.83055 14.33 22.12
6977.10 323.83 1.18994 15.65 26.10
7937.84 327.27 0.61670 12.94 33.19
9016.02 332.75 0.53945 6.22 34.27
10250.90 336.95 0.23864 2.64 42.52
10940.94 338.31 0.13389 6.08 47.79
11696.08 345.39 0.07957 16.41 49.03
12545.99 357.31 0.02988 22.40 37.55
13531.43 378.91 0.00975 19.23 19.70
14715.80 404.66 0.00509 13.13 12.48
16172.31 428.64 0.00476 11.92 10.91
31221.60 877.68 0.00628 -15.25 2.92
