925.00 297.75 13.67068
0.00 297.75 13.67068 -3.99 -0.83
144.33 297.75 13.67068 -8.68 0.15
379.64 300.29 12.92094 -9.40 5.63
621.91 303.10 12.00254 -5.63 10.23
870.79 304.66 11.01715 -1.33 12.20
1125.72 305.31 10.31958 1.62 14.13
1386.70 306.51 9.79758 3.34 16.02
1655.40 309.32 8.71282 3.40 15.24
1932.04 310.50 7.14154 1.75 14.06
2506.82 311.78 5.73152 0.08 12.71
3114.38 312.90 5.14525 1.19 12.35
3759.12 315.33 4.05818 2.91 11.81
4448.50 317.79 3.29180 4.78 12.67
5189.61 320.16 2.87065 6.33 16.02
5991.94 323.16 2.23170 7.03 20.21
6868.86 326.22 1.50220 6.01 23.95
7836.66 329.62 0.91835 5.89 27.69
8923.09 335.00 0.54456 8.55 28.10
10165.26 338.91 0.27973 6.62 31.19
10859.78 340.84 0.16759 7.89 34.89
11617.27 344.05 0.10662 11.82 34.22
12459.28 353.47 0.05431 13.65 31.65
13430.65 372.35 0.00998 14.24 23.95
14598.81 398.49 0.00519 12.75 10.97
16026.84 418.41 0.00497 8.27 9.79
31027.09 881.34 0.00616 -13.16 -0.33
