925.00 300.13 12.84789
0.00 300.13 12.84789 0.34 -2.03
191.18 300.13 12.84789 2.24 -4.02
428.14 302.18 12.19163 3.96 0.54
671.83 304.66 11.82943 2.94 4.54
921.85 305.96 11.75156 1.77 8.49
1178.26 307.24 11.80535 1.04 12.49
1441.28 308.31 11.72180 0.80 16.14
1711.03 309.08 11.56392 1.12 19.32
1987.70 309.81 11.23558 1.79 21.39
2562.96 311.08 9.43095 3.81 22.46
3170.06 312.89 6.65882 2.23 21.98
3816.25 316.37 4.98379 -1.20 22.23
4510.17 320.48 3.28556 -1.66 22.36
5258.64 323.88 1.96822 1.37 22.46
6070.25 326.96 1.22978 3.57 22.60
6956.06 329.45 0.99326 4.70 20.45
7932.55 332.26 0.82993 4.84 18.16
9024.31 336.10 0.71824 3.77 18.47
10270.30 339.85 0.30454 4.45 18.92
10965.95 341.13 0.17587 6.89 18.83
11721.09 341.79 0.08778 9.37 20.73
12554.64 348.76 0.05036 8.96 24.03
13512.40 367.22 0.02499 7.16 22.36
14668.84 397.00 0.00499 16.06 10.13
16092.28 417.74 0.00500 10.88 4.67
31056.50 876.06 0.00618 -13.56 0.49
