925.00 298.84 13.89064
0.00 298.84 13.89064 -3.78 0.24
78.22 298.84 13.89064 -6.86 2.24
314.56 302.16 12.78678 -7.89 8.60
558.24 304.73 11.86236 -3.38 12.11
808.25 305.89 10.99437 0.60 13.89
1064.25 306.79 10.29265 2.41 16.14
1326.46 307.53 9.91690 2.98 18.82
1595.39 308.76 10.01333 4.15 20.43
1871.88 310.24 9.15308 4.82 19.40
2446.53 311.10 6.47537 3.72 17.30
3053.78 313.01 5.76450 3.54 17.37
3699.09 315.67 5.12025 4.88 17.92
4389.86 318.32 4.03998 5.88 18.54
5132.58 320.86 3.15035 6.68 19.35
5936.36 323.55 2.42797 6.61 21.33
6814.74 326.86 1.60343 5.26 23.88
7783.68 329.81 0.95267 4.65 26.75
8871.46 335.49 0.58685 6.22 28.20
10115.37 339.34 0.29501 6.39 32.45
10810.09 340.55 0.17296 8.33 34.29
11566.51 343.66 0.10532 12.23 31.72
12408.47 353.28 0.07861 10.92 31.24
13375.31 368.58 0.03963 11.38 25.39
14535.05 397.98 0.00460 14.52 9.66
15961.60 419.09 0.00494 9.70 6.37
30958.09 880.50 0.00621 -13.65 0.56
