925.00 297.64 12.74868
0.00 297.64 12.74868 -3.38 0.05
143.48 297.64 12.74868 -5.99 2.14
378.64 300.17 11.87616 -8.08 5.64
620.59 302.71 11.31550 -6.09 9.17
868.96 304.02 10.97809 -2.99 12.16
1123.55 305.24 10.53933 -0.22 14.59
1384.74 306.67 9.89814 1.15 15.98
1653.19 308.52 8.77259 0.53 15.81
1928.99 309.57 7.48678 -0.97 14.81
2502.41 310.87 6.11566 -2.87 13.59
3108.01 311.89 5.29235 -1.83 13.57
3750.36 314.25 4.29065 -0.04 13.24
4437.62 316.93 3.47071 2.48 13.91
5176.95 319.54 2.99133 5.32 15.66
5978.03 322.96 2.19426 8.00 18.30
6853.86 325.95 1.51525 9.92 22.32
7820.66 329.34 0.97235 10.54 26.64
8905.00 334.08 0.53580 9.23 27.14
10144.62 338.31 0.25053 7.29 29.24
10837.87 340.20 0.14524 9.18 32.54
11594.49 343.83 0.10320 14.97 36.46
12435.69 353.09 0.05110 19.75 34.26
13408.44 374.73 0.00892 18.54 22.41
14584.04 400.62 0.00487 10.47 11.61
16017.26 419.79 0.00496 8.87 12.04
31025.52 878.69 0.00627 -12.57 -1.15
