925.00 305.83 13.02423
0.00 305.83 13.02423 -4.13 8.02
213.74 305.83 13.02423 -7.33 16.36
454.69 306.38 12.65392 -7.62 20.56
700.75 306.77 12.21853 -6.80 23.18
952.14 307.24 11.45638 -5.17 24.57
1209.26 308.11 10.21439 -2.97 24.69
1472.85 309.85 8.10228 0.58 22.73
1743.69 311.68 5.78706 2.30 18.90
2021.68 312.37 4.90752 1.10 16.81
2599.13 313.19 4.28337 -0.54 16.44
3209.16 315.15 2.82484 1.11 15.77
3857.96 317.90 1.25441 2.18 14.69
4552.28 320.68 1.09000 0.13 12.89
5300.04 323.72 0.61084 1.41 14.42
6110.27 326.37 0.41433 0.32 16.83
6994.03 328.47 0.39998 -0.35 19.44
7966.87 331.14 0.50428 1.02 17.63
9057.43 335.88 0.22808 7.39 20.54
10300.82 338.67 0.11993 12.29 22.97
10994.84 340.76 0.08266 15.21 18.74
11753.04 344.70 0.08444 19.32 15.87
12593.92 350.69 0.03285 14.01 15.32
13550.77 364.32 0.03044 4.08 16.05
14694.92 393.05 0.00560 14.39 9.84
16108.32 418.48 0.00493 11.08 0.53
31053.33 879.51 0.00623 -13.27 0.33
