925.00 299.51 13.65206
0.00 299.51 13.65206 -1.69 0.98
138.99 299.51 13.65206 -4.95 3.11
375.43 301.29 12.99040 -5.05 7.08
617.95 302.96 12.10543 -1.42 9.29
866.76 304.73 11.02416 2.44 11.01
1121.82 305.54 10.22037 4.50 13.13
1383.14 307.13 9.79001 4.66 14.45
1652.45 310.02 7.88388 3.31 12.63
1929.37 310.80 6.63123 2.15 10.65
2504.53 311.96 5.57156 2.14 8.98
3112.70 313.59 4.65308 2.94 7.47
3758.06 315.38 3.81770 4.86 7.57
4447.18 317.63 3.24198 5.16 11.36
5188.16 320.19 2.68217 5.78 17.22
5990.11 322.83 1.98157 5.41 21.82
6865.73 325.96 1.44787 3.11 25.84
7834.01 329.82 0.89425 2.67 29.30
8919.99 334.68 0.53881 5.73 29.99
10162.06 339.38 0.28742 3.58 32.12
10857.75 341.28 0.17093 2.81 35.71
11615.49 344.15 0.10616 6.92 35.17
12457.60 352.93 0.05004 9.16 29.88
13427.65 372.24 0.01068 14.59 22.24
14598.61 400.36 0.00497 11.73 10.77
16031.07 419.11 0.00493 7.66 9.37
31023.73 878.45 0.00623 -13.87 0.55
