925.00 305.64 13.77386
0.00 305.64 13.77386 0.58 3.75
185.94 305.64 13.77386 -0.68 11.54
426.91 306.32 13.58295 -2.57 16.46
673.16 306.95 13.43251 -3.51 20.10
925.06 307.66 13.21620 -3.35 22.73
1182.77 308.23 12.86290 -2.10 24.12
1446.48 308.64 12.42379 -0.43 24.51
1716.43 309.15 11.75655 1.18 24.18
1993.25 310.31 10.39465 2.68 22.92
2569.81 312.44 7.57773 2.58 19.87
3179.46 314.23 5.67400 -0.33 19.02
3826.88 316.26 4.69016 -3.24 19.87
4519.09 319.62 3.41678 -3.37 20.15
5266.52 323.75 1.73297 0.39 21.19
6078.27 327.26 0.45704 2.04 23.94
6963.86 329.02 0.56826 2.19 22.29
7939.00 332.07 0.41404 5.77 18.62
9030.71 335.69 0.43535 9.12 15.72
10274.97 339.75 0.30075 11.07 16.53
10971.22 341.78 0.18336 12.73 16.20
11729.27 343.68 0.09761 15.03 15.47
12565.72 348.64 0.04694 13.11 18.45
13518.95 363.76 0.02268 6.33 20.28
14666.62 395.69 0.00532 16.56 9.81
16088.94 418.56 0.00496 9.21 2.14
31057.49 877.74 0.00628 -12.50 -0.16
