925.00 299.99 13.59773
0.00 299.99 13.59773 -2.49 1.39
29.42 299.99 13.59773 -2.43 2.11
266.38 302.18 12.15222 -2.06 7.46
509.69 304.13 12.16578 1.38 10.47
759.44 305.68 12.24479 3.21 12.71
1015.69 307.03 12.16809 3.69 14.71
1278.64 308.23 11.84732 3.70 15.98
1548.56 309.70 11.02329 3.56 15.82
1825.76 310.75 9.63443 2.96 13.76
2402.32 312.29 6.90103 1.93 9.35
3011.13 313.35 5.81174 2.83 8.43
3656.59 315.76 5.74662 2.30 13.43
4348.64 319.06 4.93420 0.13 20.28
5093.47 321.66 3.71232 -0.88 23.07
5899.01 324.21 2.70519 0.38 23.70
6779.20 327.87 1.79793 1.90 24.71
7751.76 331.35 1.08027 3.39 26.35
8841.48 335.37 0.60604 2.68 27.91
10086.00 340.20 0.29786 0.17 27.72
10783.37 342.52 0.18738 -1.65 27.82
11542.85 344.12 0.10146 -0.77 29.80
12379.20 348.79 0.05880 4.46 31.32
13344.87 371.28 0.02761 7.48 21.58
14510.68 398.10 0.00482 18.11 12.58
15937.68 418.56 0.00494 9.86 6.93
30897.17 875.35 0.00622 -14.81 0.99
