950.00 297.09 12.14326
0.00 297.09 12.14326 -2.83 1.98
177.90 297.09 12.14326 -5.79 6.16
407.29 297.58 12.07566 -5.75 9.53
641.97 299.19 11.32165 -5.89 11.50
882.31 299.91 11.16580 -7.20 9.49
1127.99 300.45 10.95168 -7.42 7.63
1379.53 301.63 10.28807 -6.47 7.69
1637.64 303.18 9.63860 -5.29 8.43
1902.95 304.88 8.72919 -3.24 8.81
2175.64 306.23 8.14301 -1.43 9.44
2744.53 308.82 6.48253 1.02 10.29
3347.02 310.97 4.76295 1.72 9.12
3988.30 313.64 3.76051 2.08 9.45
4673.95 316.25 3.00506 4.70 10.61
5412.06 319.29 2.37741 9.23 14.38
6211.50 321.78 1.77483 12.05 17.86
7083.18 324.15 1.32611 13.38 21.63
8044.68 327.95 0.89208 12.89 27.07
9124.79 332.81 0.52371 6.99 29.61
10359.01 336.61 0.23362 4.57 32.74
11048.69 338.48 0.14134 9.55 38.46
11803.27 344.53 0.09793 19.54 40.72
12649.97 355.76 0.03110 25.03 32.50
13629.76 378.42 0.00917 19.11 17.60
14815.09 402.71 0.00489 9.31 10.93
16256.42 423.03 0.00485 10.91 12.12
31288.17 874.40 0.00637 -13.53 1.33
