950.00 299.40 13.82837
0.00 299.40 13.82837 -3.76 -3.59
158.56 299.40 13.82837 -9.32 -6.65
391.30 302.97 13.21987 -10.46 0.71
630.82 305.46 12.62564 -10.02 8.29
876.74 307.26 11.95969 -9.28 14.34
1128.79 308.25 11.43691 -7.84 17.97
1386.68 308.63 11.24211 -5.84 18.98
1650.47 308.95 11.20122 -3.59 18.92
1920.54 309.45 11.09924 -1.32 18.40
2197.41 310.22 10.41133 0.65 17.16
2773.41 311.97 7.79108 3.86 14.22
3382.04 313.28 7.01207 5.00 14.58
4027.91 315.44 5.86937 5.45 17.46
4719.76 319.46 3.52176 3.64 18.09
5466.09 323.00 2.03074 5.55 18.89
6274.87 325.43 1.39341 7.11 20.36
7156.07 327.46 1.04728 7.59 21.14
8126.59 330.21 0.79001 7.85 20.45
9212.75 334.10 0.57137 7.72 21.56
10452.83 338.89 0.28270 10.31 23.38
11147.81 341.11 0.16728 11.03 23.18
11904.38 342.77 0.09081 10.21 23.33
12736.40 345.85 0.04693 8.48 25.15
13694.22 371.83 0.02853 16.25 21.82
14851.82 393.36 0.01859 14.91 4.65
16270.06 419.48 0.00491 5.14 2.85
31262.52 879.91 0.00629 -11.76 0.55
