925.00 297.86 12.62035
0.00 297.86 12.62035 -4.12 0.18
145.40 297.86 12.62035 -8.75 1.11
380.10 298.55 12.36052 -11.61 3.54
620.11 299.86 11.84162 -11.49 6.56
866.14 300.93 11.37727 -10.36 8.21
1118.12 302.06 10.91798 -9.13 8.49
1376.63 303.38 10.49099 -7.67 8.56
1642.09 304.78 10.06851 -6.66 8.94
1914.89 306.04 9.36516 -5.71 9.58
2482.91 307.56 7.56107 -2.32 10.18
3083.08 310.05 5.51731 1.47 10.15
3723.19 313.31 4.14431 3.50 11.08
4409.15 316.56 3.42669 6.77 13.68
5147.99 319.44 2.68490 10.60 17.37
5948.05 322.14 1.95992 12.52 21.46
6821.64 325.19 1.33904 12.10 26.26
7786.70 329.25 1.08035 9.47 31.00
8871.30 334.34 0.59368 2.39 26.97
10108.89 337.14 0.25137 0.99 31.03
10798.62 338.08 0.13738 3.41 35.80
11550.75 342.72 0.09280 13.71 43.07
12391.39 353.24 0.03738 21.93 40.14
13370.00 378.79 0.01071 20.81 21.02
14554.47 405.00 0.00496 11.40 12.24
16007.42 425.34 0.00479 9.37 12.64
31033.82 875.69 0.00628 -13.42 0.75
