925.00 297.88 12.78779
0.00 297.88 12.78779 -3.68 -0.56
144.95 297.88 12.78779 -8.14 0.21
379.73 298.63 12.48943 -10.72 2.45
619.76 299.83 11.95544 -10.55 5.49
865.90 301.27 11.48210 -9.48 7.81
1118.21 302.37 11.20536 -8.26 9.00
1377.00 303.57 10.81870 -6.96 9.69
1642.72 305.14 10.08202 -6.05 10.11
1915.84 306.38 9.43524 -5.46 10.29
2484.50 307.89 7.72689 -3.28 10.29
3085.33 310.07 6.07516 0.56 10.93
3725.57 313.36 4.47390 3.38 12.40
4411.89 316.73 3.49910 6.83 14.63
5151.21 319.66 2.60692 10.39 17.82
5951.99 322.52 1.83192 12.03 22.01
6826.87 325.82 1.23652 10.59 26.88
7794.11 329.83 1.07354 7.82 31.03
8880.49 334.87 0.61306 1.84 25.04
10119.04 337.26 0.24554 1.61 29.51
10809.18 338.42 0.14111 4.16 34.76
11562.33 342.97 0.09616 12.88 42.11
12402.00 352.07 0.04327 18.95 40.37
13374.70 377.66 0.01219 22.30 23.24
14558.56 404.44 0.00497 11.43 12.56
16011.40 425.29 0.00482 8.90 12.95
31033.17 875.69 0.00627 -13.12 0.23
