925.00 299.41 13.59088
0.00 299.41 13.59088 -2.84 0.61
144.15 299.41 13.59088 -6.79 3.01
380.68 301.65 12.86275 -6.48 7.64
623.55 303.46 11.95899 -2.70 10.16
872.70 305.09 10.95783 1.24 11.91
1128.01 305.84 10.16994 3.39 14.25
1389.53 307.29 9.62023 4.39 15.85
1658.84 309.87 8.21929 4.23 13.76
1935.72 310.68 6.95867 2.83 12.31
2510.72 311.99 5.56458 1.81 10.82
3118.94 313.42 4.87615 2.81 9.14
3764.38 315.52 3.98790 4.44 8.80
4453.98 317.85 3.30213 5.23 11.50
5195.37 320.37 2.71165 6.09 16.56
5997.78 322.98 2.17124 5.86 21.23
6873.91 326.12 1.50796 3.53 24.85
7842.19 329.76 0.87033 3.07 28.38
8928.50 334.93 0.50951 6.62 29.29
10171.33 339.39 0.29354 4.90 31.94
10866.67 341.02 0.17132 5.10 35.67
11624.00 344.03 0.10493 9.00 34.00
12466.47 353.52 0.05441 10.37 29.97
13437.69 372.02 0.00874 13.04 22.50
14605.14 398.70 0.00509 12.31 11.08
16033.98 418.91 0.00499 8.43 9.09
31030.66 879.62 0.00625 -13.65 0.61
