925.00 298.87 13.46674
0.00 298.87 13.46674 0.52 0.77
58.09 298.87 13.46674 0.18 1.79
293.67 299.81 12.88663 -2.25 4.87
534.71 300.77 12.49848 -1.99 7.64
781.56 302.08 11.80970 0.79 9.88
1034.66 303.21 11.08353 4.17 11.95
1294.14 304.88 10.06108 5.75 12.81
1561.43 307.77 8.52165 2.71 12.37
1836.75 309.20 7.68094 0.69 10.10
2410.13 311.00 6.22849 1.57 6.59
3016.54 312.78 4.71193 3.89 6.56
3660.39 314.70 3.44408 5.84 8.94
4348.42 317.40 2.76371 5.37 13.18
5088.82 320.02 2.34744 4.56 18.40
5889.92 322.41 1.52664 4.63 22.59
6763.40 324.80 1.07108 3.52 26.44
7728.57 329.20 0.66645 3.89 31.35
8813.00 334.07 0.23542 6.26 32.42
10052.57 338.96 0.27004 2.36 35.37
10748.26 341.88 0.17746 3.43 39.47
11508.29 345.35 0.10499 6.44 38.92
12352.24 352.77 0.04244 10.19 33.31
13318.83 372.19 0.01340 20.16 23.29
14498.91 403.77 0.00486 11.48 10.50
15944.47 421.73 0.00490 5.10 10.69
30940.39 878.06 0.00634 -13.72 0.24
