925.00 299.14 13.97382
0.00 299.14 13.97382 1.32 0.74
8.28 299.14 13.97382 1.20 0.90
243.95 299.95 12.89058 -0.06 3.76
485.07 300.80 12.54589 -0.31 6.46
731.92 302.01 11.81054 1.96 8.51
984.96 303.28 11.02242 4.96 10.42
1244.54 305.06 9.99739 6.27 11.30
1512.05 308.02 8.39916 2.95 11.15
1787.59 309.50 7.38995 0.71 9.12
2361.45 311.17 6.01543 2.51 6.13
2968.02 313.02 4.34749 4.61 6.68
3612.41 314.96 3.36957 5.78 8.89
4300.61 317.28 2.88268 4.99 12.78
5040.65 319.80 2.41059 4.25 17.98
5841.25 322.18 1.55509 4.37 22.57
6714.45 324.84 1.03418 3.23 26.74
7679.72 329.20 0.68819 3.49 31.89
8763.86 334.00 0.28497 5.49 32.56
10003.33 339.14 0.28091 2.34 35.19
10699.74 342.25 0.17978 1.91 39.24
11460.28 345.51 0.10362 4.73 38.76
12304.74 352.98 0.04215 8.14 32.37
13271.99 372.09 0.01309 18.71 23.00
14451.20 403.78 0.00486 11.93 10.80
15895.85 421.40 0.00485 5.14 9.85
30887.38 877.30 0.00621 -14.04 0.32
