950.00 305.52 12.93406
0.00 305.52 12.93406 -4.50 7.58
76.84 305.52 12.93406 -6.36 11.36
312.94 306.17 12.56240 -8.31 17.47
554.03 306.68 12.13934 -8.05 20.90
800.22 307.00 11.66322 -6.79 23.04
1051.74 307.52 10.94785 -4.78 24.05
1309.01 308.46 9.72781 -2.36 23.92
1572.87 310.30 7.51787 1.56 21.78
1843.97 312.07 5.33439 3.50 18.26
2122.34 312.99 4.36634 2.57 15.55
2700.97 313.68 4.35386 0.94 14.10
3310.95 314.58 3.40449 1.55 14.80
3958.34 317.05 1.55128 2.74 15.11
4651.44 320.42 1.28771 0.92 13.10
5399.25 323.85 0.65314 2.04 14.68
6209.94 326.58 0.37291 0.24 17.67
7093.87 328.41 0.30857 -0.35 20.78
8066.38 330.99 0.47176 0.27 20.27
9156.31 335.68 0.18030 8.12 21.04
10398.99 338.38 0.08968 13.33 23.65
11092.54 340.52 0.04755 15.70 20.38
11850.03 344.29 0.04391 18.27 17.18
12689.75 350.14 0.03618 11.49 15.86
13645.32 364.13 0.03031 4.49 17.02
14789.52 392.94 0.00567 15.83 10.81
16205.06 418.25 0.00492 8.55 -1.89
31160.72 880.35 0.00619 -13.15 0.44
