950.00 297.51 13.78848
0.00 297.51 13.78848 -1.25 -0.55
130.58 297.51 13.78848 -4.28 -2.14
362.00 301.37 13.14716 -5.89 0.64
600.18 303.86 12.82500 -6.85 6.36
845.03 306.00 12.38161 -7.19 11.73
1096.28 307.42 11.97615 -6.57 16.01
1353.76 308.25 11.71455 -5.23 18.58
1617.37 308.74 11.58932 -3.47 19.77
1887.31 309.22 11.41925 -1.40 19.88
2164.01 309.93 10.65321 0.87 18.88
2739.42 311.37 8.08304 4.26 15.65
3346.42 312.70 6.83571 5.00 14.85
3992.26 315.93 6.01200 4.04 16.62
4685.18 319.73 4.27468 3.53 18.36
5431.92 322.79 2.68302 4.09 18.81
6240.19 325.14 1.88872 5.07 19.86
7121.04 327.38 1.50786 5.20 21.63
8091.35 330.11 1.18040 5.31 22.55
9177.76 334.73 0.67458 5.68 23.27
10420.04 339.68 0.30581 6.80 25.48
11116.04 341.52 0.18412 7.52 26.73
11872.09 342.28 0.09274 7.76 27.46
12702.69 345.41 0.04634 7.39 28.54
13658.98 370.47 0.03757 17.60 23.54
14818.52 396.59 0.01156 13.16 3.94
16242.42 419.90 0.00497 6.14 3.27
31230.85 877.42 0.00623 -12.36 0.89
