950.00 296.30 12.73878
0.00 296.30 12.73878 -2.11 1.57
165.49 296.30 12.73878 -4.01 5.12
394.66 298.02 12.06432 -4.11 8.62
630.07 300.29 11.15351 -4.79 9.10
871.11 300.73 11.22611 -5.89 7.72
1117.62 301.72 10.91543 -5.60 7.58
1370.33 303.02 10.61540 -4.64 9.34
1629.66 304.42 10.22068 -3.62 11.13
1896.01 305.80 9.58532 -2.32 12.32
2169.65 307.12 8.87264 -1.49 12.76
2739.91 309.09 6.97487 -0.96 12.07
3342.73 310.97 5.36281 -0.56 10.59
3984.22 313.83 3.98681 0.59 10.31
4670.33 316.36 3.14706 3.14 11.33
5408.54 319.29 2.53851 7.16 14.64
6208.11 321.90 2.02025 10.05 18.07
7080.68 324.74 1.48387 11.84 22.09
8044.70 328.87 0.91966 11.48 26.93
9127.19 333.26 0.53874 7.61 28.24
10362.73 337.11 0.23895 6.96 30.95
11053.58 339.00 0.14321 10.31 36.12
11807.40 343.39 0.09382 17.11 39.20
12652.16 355.31 0.04882 23.47 32.40
13629.86 377.50 0.00825 18.57 18.62
14813.36 401.54 0.00475 8.94 11.26
16249.18 421.57 0.00491 10.91 11.52
31271.91 875.12 0.00634 -13.09 0.25
