925.00 306.92 13.00460
0.00 306.92 13.00460 -2.26 5.64
173.86 306.92 13.00460 -5.53 12.97
415.76 307.66 12.48197 -7.06 18.44
662.84 308.01 12.17997 -6.85 21.73
915.16 308.17 11.89810 -5.48 23.36
1172.99 308.53 11.51572 -3.48 24.00
1436.80 309.13 10.95885 -1.02 23.72
1707.08 309.93 10.20640 1.45 22.55
1984.29 310.84 9.24555 3.13 20.54
2561.36 312.82 7.04578 3.37 16.04
3171.11 313.99 6.11798 1.66 15.36
3817.71 315.56 4.82520 0.41 18.21
4508.72 319.39 3.18329 -1.19 18.52
5256.08 324.01 1.54558 2.58 20.38
6068.27 327.13 0.41410 2.78 23.54
6952.99 328.56 0.47881 1.99 22.56
7926.13 331.21 0.31291 4.34 19.44
9015.22 335.08 0.31466 8.82 17.82
10257.39 339.17 0.27539 13.61 18.51
10953.18 341.89 0.17657 15.50 18.00
11712.20 344.14 0.10118 15.68 17.42
12547.64 347.18 0.05231 13.83 18.39
13498.32 365.28 0.02540 10.07 22.45
14648.94 396.49 0.00602 16.76 8.92
16069.37 417.55 0.00497 6.19 1.40
31046.64 878.44 0.00623 -12.01 0.29
