925.00 299.68 13.82711
0.00 299.68 13.82711 -1.24 1.10
118.36 299.68 13.82711 -4.04 3.13
355.04 301.56 12.84777 -4.13 6.97
597.73 303.14 11.97130 -0.41 8.77
846.70 304.98 10.99584 3.17 10.33
1101.98 305.84 10.15727 4.86 12.32
1363.55 307.28 9.92216 5.02 14.05
1632.99 310.13 8.52897 3.67 13.13
1910.17 311.05 6.94927 2.23 11.05
2485.71 311.87 5.82259 2.20 9.13
3093.78 313.68 4.72300 3.09 7.11
3739.26 315.45 3.87879 5.02 7.06
4428.43 317.58 3.41253 5.18 11.28
5169.39 320.16 2.87838 5.55 17.70
5971.39 322.87 2.04850 5.07 22.08
6847.40 326.17 1.45908 2.87 26.21
7816.21 330.00 0.92913 2.51 29.40
8902.47 334.68 0.57631 4.85 30.07
10144.69 339.55 0.28996 2.83 31.60
10840.79 341.46 0.17462 1.23 34.72
11598.58 344.00 0.10520 6.02 35.31
12439.67 352.31 0.05337 7.75 29.43
13408.91 372.15 0.01184 13.92 21.86
14579.36 400.57 0.00497 12.15 10.92
16012.69 419.29 0.00494 7.72 8.98
31000.66 877.82 0.00630 -14.20 0.47
