925.00 299.30 14.03419
0.00 299.30 14.03419 -2.90 1.61
0.64 299.30 14.03419 -3.43 1.89
236.95 302.16 11.80766 -4.57 7.73
480.57 305.17 11.59275 -1.14 12.25
731.37 307.14 11.69844 1.36 15.11
988.67 308.29 11.57924 2.91 16.87
1252.53 309.37 11.37833 3.81 17.98
1523.25 310.34 11.02682 4.12 17.69
1800.88 310.97 10.22110 4.08 15.91
2377.90 312.34 7.26085 4.21 11.32
2986.43 313.16 5.98257 5.24 9.58
3631.43 315.41 5.77854 5.36 13.12
4322.64 318.62 4.87961 3.45 19.79
5066.55 321.41 3.57020 2.22 22.42
5871.71 324.09 2.62216 2.48 22.54
6750.98 327.22 1.79627 1.64 24.16
7722.04 330.88 1.10474 1.77 26.32
8811.17 335.34 0.61841 1.70 27.66
10056.45 340.53 0.30675 -0.25 27.66
10753.98 342.10 0.18253 -1.41 28.12
11511.52 343.13 0.09511 3.66 30.42
12348.53 349.93 0.05884 7.55 28.48
13311.29 370.04 0.02100 8.54 22.62
14478.53 398.91 0.00489 15.77 11.58
15907.83 418.50 0.00498 8.65 6.70
30876.74 876.69 0.00628 -14.82 0.81
