950.00 296.56 14.61418
0.00 296.56 14.61418 -2.07 -0.79
10.53 296.56 14.61418 -2.44 -0.97
240.43 300.16 13.66733 -5.49 1.81
477.92 303.47 12.91209 -6.07 7.15
722.61 305.86 12.54073 -6.66 11.81
973.78 307.21 12.36379 -6.21 15.45
1231.13 308.03 12.23840 -4.72 17.66
1494.64 308.54 12.08889 -2.70 18.60
1764.51 309.09 11.68370 -0.37 18.87
2041.18 309.87 10.95112 1.99 18.79
2616.72 311.52 9.08777 6.23 18.61
3224.97 313.13 6.93460 7.94 19.20
3870.35 315.34 6.17175 7.35 19.52
4561.79 318.81 4.25580 6.29 20.21
5305.88 321.49 3.09473 6.45 20.34
6111.29 324.20 2.36356 6.15 20.99
6990.72 327.09 1.74127 5.42 22.08
7961.03 330.44 1.06170 5.17 23.11
9048.82 335.00 0.59920 5.26 25.38
10292.16 339.75 0.29642 6.04 29.42
10988.16 341.20 0.17436 6.49 30.70
11744.07 342.46 0.09158 6.91 30.59
12577.36 347.50 0.05332 7.03 30.89
13537.78 369.24 0.04370 19.16 23.10
14695.95 397.68 0.00725 11.82 4.84
16122.29 420.40 0.00486 7.65 3.64
31112.15 878.01 0.00633 -13.16 0.97
