950.00 298.18 11.85797
0.00 298.18 11.85797 -3.91 -0.73
122.91 298.18 11.85797 -7.08 -1.09
353.28 298.76 11.73349 -10.74 0.48
588.39 299.21 11.60063 -11.53 2.49
828.71 300.02 11.18559 -10.59 4.34
1074.54 300.74 10.55072 -8.83 5.34
1326.21 301.78 9.78174 -6.85 6.03
1584.16 302.72 9.16798 -5.30 6.41
1848.66 303.80 8.50928 -4.13 6.91
2120.23 304.91 7.83489 -3.15 7.34
2685.98 307.01 6.44021 -1.25 9.37
3284.88 309.04 5.12449 0.93 11.48
3922.28 311.93 4.67730 3.42 12.23
4605.59 315.27 3.72528 8.36 14.56
5341.61 318.28 2.78021 11.90 18.36
6139.32 321.30 1.89189 14.17 22.43
7010.77 324.39 1.22218 13.96 26.88
7973.57 328.18 0.87440 10.56 32.82
9055.16 333.62 0.56603 2.74 30.27
10291.42 337.04 0.23518 0.86 37.84
10981.40 338.14 0.13430 3.53 43.26
11734.91 344.01 0.08552 14.75 48.11
12580.65 355.60 0.03686 22.33 39.92
13564.41 379.46 0.00995 20.18 19.97
14749.48 404.99 0.00489 12.57 12.47
16205.64 427.58 0.00473 10.57 11.74
31244.43 876.43 0.00624 -14.51 2.09
