925.00 300.32 13.74640
0.00 300.32 13.74640 -5.13 0.56
145.34 300.32 13.74640 -9.74 1.01
383.29 303.41 12.79534 -6.58 4.70
627.58 305.20 12.19637 -2.30 8.10
877.98 306.42 11.39560 -0.46 11.30
1134.67 307.71 10.90938 0.66 13.91
1397.95 308.73 10.65353 2.15 15.97
1667.92 309.71 10.43359 3.86 17.61
1945.10 310.66 10.40773 5.61 18.59
2521.61 311.83 8.13071 8.02 18.05
3129.20 312.52 6.38279 7.76 18.31
3775.32 316.32 5.32388 6.65 19.63
4468.13 319.35 4.11364 5.37 20.65
5213.53 322.10 2.86394 4.99 21.22
6020.47 324.87 2.06013 3.84 22.30
6901.19 327.61 1.41226 1.52 24.03
7873.59 331.39 1.12367 -0.02 24.34
8965.58 336.56 0.71789 0.52 23.82
10212.04 339.93 0.29010 0.09 25.95
10907.63 340.71 0.16127 3.38 27.39
11663.08 342.86 0.09123 6.89 28.13
12501.67 351.13 0.05946 3.98 28.07
13463.36 366.67 0.02727 8.76 22.48
14617.60 396.42 0.00509 16.03 10.28
16042.11 419.70 0.00496 9.09 6.03
31020.60 876.33 0.00622 -14.46 0.40
