950.00 296.02 11.86126
0.00 296.02 11.86126 -2.12 2.11
198.36 296.02 11.86126 -2.95 7.59
427.53 298.28 11.40332 -1.19 11.05
662.81 299.91 10.92070 -1.55 10.98
903.65 300.76 10.73953 -2.41 10.04
1150.10 301.60 10.48374 -2.73 9.29
1402.53 302.79 9.89763 -2.63 9.33
1661.60 304.46 8.79644 -2.06 9.53
1927.83 306.16 7.82836 -0.96 9.45
2201.54 307.42 7.34320 0.07 9.66
2771.86 309.47 6.74252 1.15 11.73
3375.82 311.35 5.51183 1.98 11.73
4017.97 314.09 3.70231 2.64 11.32
4704.19 316.40 2.78550 5.04 9.30
5442.65 319.50 2.09365 9.13 12.78
6242.50 321.91 1.58998 12.47 15.88
7114.69 324.36 1.27874 14.93 20.33
8077.13 328.08 0.91942 15.08 26.34
9158.59 333.29 0.54251 11.37 30.16
10394.04 337.09 0.23841 11.61 34.31
11085.60 339.58 0.14553 13.18 38.60
11838.81 341.92 0.08329 15.19 39.34
12681.73 356.15 0.07648 23.25 27.20
13659.63 375.91 0.00837 17.81 14.56
14835.64 400.50 0.00503 11.05 11.94
16272.99 422.52 0.00486 10.80 9.98
31308.26 872.71 0.00639 -12.67 2.18
