925.00 299.43 13.89639
0.00 299.43 13.89639 -2.86 1.40
90.46 299.43 13.89639 -5.47 3.07
327.68 302.56 12.26855 -5.36 7.04
571.25 304.80 11.39622 -2.18 10.49
821.70 306.89 10.98030 0.21 13.78
1078.69 308.00 10.82047 1.99 15.88
1342.25 309.20 10.66708 3.40 17.35
1612.81 310.51 10.43272 4.42 17.38
1890.65 311.39 9.54060 4.39 15.65
2467.57 312.00 6.87747 3.95 11.49
3075.26 313.06 5.56066 4.86 9.15
3720.36 315.65 5.13860 5.83 10.93
4411.34 318.45 4.41984 5.37 17.33
5154.54 321.05 3.41203 4.38 21.27
5958.81 323.78 2.52640 3.92 22.39
6837.28 326.83 1.72045 2.23 24.86
7807.47 330.56 1.04543 1.95 26.95
8895.39 335.03 0.61001 2.76 28.20
10139.95 340.42 0.31803 1.11 29.29
10836.92 341.39 0.17993 0.76 30.87
11593.54 343.23 0.09755 7.68 31.99
12432.34 351.11 0.06237 7.15 28.32
13397.70 371.18 0.01722 9.67 21.16
14564.12 398.23 0.00497 14.01 10.93
15992.15 419.15 0.00491 8.60 7.80
30970.74 877.34 0.00622 -14.74 0.52
