950.00 297.77 12.89194
0.00 297.77 12.89194 -3.17 0.04
31.95 297.77 12.89194 -4.03 -0.26
262.00 298.67 11.89922 -9.25 1.07
497.17 299.26 11.74248 -10.96 2.72
737.47 299.93 11.53904 -10.86 4.43
983.36 300.82 11.13894 -9.70 5.40
1235.20 301.93 10.62835 -8.15 6.00
1493.48 303.07 10.08818 -6.66 6.46
1758.54 304.40 9.14907 -5.01 7.31
2030.75 305.53 8.44423 -3.84 7.96
2597.67 307.23 7.01863 -1.67 9.41
3196.88 309.12 5.77737 0.65 11.05
3834.87 312.28 4.75386 3.19 12.49
4519.04 315.70 3.74975 7.70 14.82
5256.00 318.67 2.77251 11.37 18.42
6054.71 321.76 1.86295 13.41 22.76
6927.68 325.15 1.18708 12.16 27.54
7893.06 329.17 1.00654 8.28 32.64
8977.76 334.32 0.59550 1.04 27.78
10214.94 336.96 0.23338 0.53 34.64
10904.56 338.06 0.13667 3.14 40.24
11657.41 343.32 0.08873 13.19 46.41
12500.14 353.92 0.04267 20.29 41.37
13479.51 379.35 0.01033 21.41 21.77
14665.00 404.78 0.00494 12.09 12.68
16120.29 426.90 0.00477 9.90 12.32
31151.95 875.80 0.00629 -13.92 1.38
