950.00 297.55 12.25182
0.00 297.55 12.25182 -3.95 1.37
185.36 297.55 12.25182 -4.90 5.22
416.14 300.35 11.45929 -4.03 7.04
652.83 301.59 11.39074 -3.21 7.94
895.11 302.50 11.28456 -2.67 8.71
1143.14 303.50 11.17549 -1.70 10.49
1397.28 304.55 11.33602 -0.30 12.99
1658.00 305.86 11.35343 1.04 15.23
1925.69 307.03 10.49940 2.07 16.32
2200.32 308.01 8.98409 2.40 16.44
2771.91 309.93 6.77265 1.48 14.72
3376.18 310.78 5.77186 0.90 13.38
4017.74 314.06 4.54349 1.64 12.96
4705.02 316.97 3.32034 4.03 13.13
5444.78 319.95 2.68627 7.25 15.89
6246.45 322.84 2.25578 9.41 19.44
7122.40 326.01 1.58218 10.27 23.87
8090.07 329.65 0.98302 11.89 27.24
9174.83 333.82 0.56467 13.07 29.35
10413.58 338.26 0.25658 11.24 32.49
11106.98 340.07 0.15072 10.42 33.87
11860.54 341.20 0.08286 12.08 34.02
12697.25 354.44 0.06821 18.01 29.29
13677.44 374.91 0.01655 16.03 17.40
14846.42 397.48 0.00530 10.39 11.46
16272.10 420.16 0.00493 10.61 7.47
31285.61 875.64 0.00627 -12.71 -0.64
