925.00 298.63 14.46203
0.00 298.63 14.46203 -3.63 0.67
23.54 298.63 14.46203 -3.83 1.33
259.10 301.46 12.96992 -7.97 7.24
502.67 305.01 11.96063 -4.09 12.15
753.06 306.38 11.24764 -0.48 14.36
1009.52 307.30 10.63362 1.17 16.43
1272.26 308.04 10.21260 1.85 18.60
1541.47 308.79 10.11713 3.05 20.56
1817.86 310.05 9.78152 4.71 20.70
2392.84 311.10 7.14389 5.22 18.97
3000.12 313.08 5.96746 4.48 19.33
3645.27 315.53 5.48341 5.59 20.82
4336.03 318.27 4.30177 6.38 21.21
5078.92 321.00 3.23763 7.10 20.89
5883.19 323.74 2.49411 6.80 21.58
6762.07 327.02 1.63746 5.81 23.49
7731.32 329.82 0.97411 5.11 25.96
8819.18 335.55 0.59596 5.97 28.42
10063.44 339.37 0.29786 6.49 32.69
10758.22 340.58 0.17662 8.72 33.63
11514.73 343.65 0.10544 12.05 31.36
12355.83 352.36 0.07980 10.11 31.50
13320.07 367.67 0.04911 13.25 25.67
14478.49 398.28 0.00441 14.12 8.49
15904.99 419.44 0.00498 9.67 5.43
30900.04 880.16 0.00616 -13.65 0.62
