925.00 299.16 14.66560
0.00 299.16 14.66560 -2.50 -0.16
66.29 299.16 14.66560 -3.68 0.26
302.46 302.33 13.04793 -6.76 5.50
546.64 305.60 12.55253 -6.25 10.86
797.67 307.08 12.41717 -5.55 14.17
1054.92 307.93 12.30222 -4.29 16.30
1318.40 308.56 11.96712 -2.48 17.60
1588.25 309.15 11.35672 -0.22 18.52
1864.92 309.97 10.68635 2.47 19.24
2440.51 311.49 8.80063 6.54 19.59
3048.73 313.29 6.68181 7.52 20.23
3694.24 315.38 5.79317 7.31 20.90
4385.50 318.66 4.15589 6.66 21.30
5129.14 321.32 3.13179 6.87 21.31
5934.29 324.19 2.43331 6.28 21.81
6813.97 327.21 1.70641 5.44 22.63
7784.29 330.34 1.05731 5.01 23.64
8872.48 335.33 0.62354 4.92 26.48
10116.79 339.75 0.29425 5.50 30.84
10812.48 341.02 0.17347 6.67 31.75
11568.85 342.92 0.09586 7.64 31.14
12404.44 348.65 0.05996 7.18 31.23
13364.19 367.84 0.04515 17.63 24.33
14521.75 398.31 0.00527 12.88 6.06
15949.26 420.42 0.00488 8.12 3.94
30939.02 878.15 0.00618 -13.48 1.01
