925.00 299.27 13.78637
0.00 299.27 13.78637 1.09 0.38
50.12 299.27 13.78637 0.45 0.88
286.04 300.10 13.18711 -1.40 3.77
527.43 301.32 12.31310 0.07 6.35
774.76 302.78 11.36413 3.47 8.11
1028.42 304.07 10.67516 6.30 9.90
1288.69 306.09 9.88195 6.30 10.86
1557.26 309.41 7.95204 2.64 10.63
1833.73 310.41 6.69302 1.02 8.99
2408.58 311.73 5.56618 2.96 6.77
3016.04 313.47 4.23897 3.86 6.58
3661.16 315.28 3.26188 5.18 7.85
4349.65 317.21 2.99463 4.59 11.48
5089.43 319.71 2.46419 4.65 17.66
5890.03 322.26 1.66237 4.61 22.63
6764.02 325.39 1.19710 2.92 27.15
7731.00 329.63 0.81831 3.31 31.44
8816.14 334.29 0.49144 4.99 31.55
10056.73 339.37 0.30480 2.04 33.78
10753.34 342.11 0.18503 0.14 36.95
11513.17 345.00 0.10772 3.59 37.81
12356.30 352.67 0.04425 6.61 30.82
13324.21 371.96 0.01259 16.41 22.64
14499.76 402.92 0.00485 12.46 11.21
15940.63 420.38 0.00489 5.88 9.15
30927.68 877.19 0.00620 -14.22 0.30
