925.00 298.82 13.93712
0.00 298.82 13.93712 -0.83 -1.30
55.93 298.82 13.93712 -0.36 -2.19
292.64 301.72 13.25527 -1.93 4.54
535.78 303.95 13.07610 -2.16 11.39
785.67 305.79 13.10040 -2.39 15.91
1042.08 306.87 12.94644 -2.44 18.58
1304.87 307.93 12.59045 -1.89 19.88
1574.43 308.83 11.62128 -0.66 20.45
1851.00 309.92 10.59487 1.01 20.36
2426.41 311.33 8.01267 3.08 19.09
3033.29 312.49 6.08274 3.05 19.35
3679.33 316.57 5.32436 0.85 20.51
4373.24 320.08 4.48497 0.09 21.53
5121.57 323.75 2.95734 1.17 21.17
5932.99 326.75 1.58624 3.55 21.62
6818.02 328.80 1.35253 4.23 22.09
7792.03 331.35 1.14074 4.47 21.58
8882.04 335.78 0.67568 4.66 19.47
10128.54 341.00 0.30693 5.68 20.27
10826.88 342.75 0.18799 5.87 20.60
11585.69 343.54 0.09529 5.11 20.29
12418.63 345.71 0.04738 4.97 20.83
13366.05 365.04 0.03670 8.19 23.50
14515.04 397.62 0.00543 17.07 8.54
15941.49 419.37 0.00493 7.34 3.42
30919.27 876.00 0.00633 -12.89 0.15
