900.00 301.36 12.57351
0.00 301.36 12.57351 -1.20 0.90
181.50 301.36 12.57351 -3.69 4.16
424.35 303.63 12.05409 -0.06 5.86
673.72 305.32 11.49806 3.06 6.39
929.51 306.60 10.94007 4.50 8.65
1191.97 308.14 10.56469 5.09 11.94
1461.87 310.07 10.24842 4.91 14.30
1739.58 311.63 9.04977 3.48 12.85
2317.19 312.66 6.21308 1.85 7.62
2925.59 313.13 5.20994 2.56 5.06
3569.65 314.73 4.75234 2.78 6.92
4259.00 317.93 4.50883 2.09 15.15
5001.74 321.06 3.64057 1.63 21.02
5806.13 323.69 2.65920 2.50 23.14
6684.38 326.84 1.73943 2.53 25.83
7654.37 330.42 1.07380 2.90 29.00
8741.72 334.92 0.60840 2.48 30.96
9986.03 340.21 0.30340 -0.36 30.31
10683.46 342.36 0.18602 -2.55 30.92
11442.88 344.12 0.10301 0.28 33.36
12280.35 349.63 0.05620 4.73 31.08
13245.15 372.18 0.01778 9.56 22.41
14414.89 399.84 0.00487 15.97 13.11
15848.88 419.68 0.00489 8.26 7.22
30819.01 876.93 0.00615 -15.06 0.73
