950.00 305.88 13.24068
0.00 305.88 13.24068 -4.71 8.05
74.71 305.88 13.24068 -6.59 11.99
311.19 306.46 12.83869 -8.61 18.87
552.46 306.77 12.43506 -8.19 22.35
798.79 307.18 11.85326 -6.42 24.53
1050.51 307.77 11.09116 -4.13 25.49
1308.04 308.71 9.90383 -1.77 25.42
1572.11 310.45 7.87236 1.86 23.55
1843.38 312.22 5.49895 3.82 20.17
2122.04 313.44 4.15442 3.51 17.02
2701.81 314.57 3.95330 2.36 13.65
3313.32 314.93 4.35766 2.12 14.05
3960.61 316.25 2.58649 2.36 15.57
4652.35 319.78 2.15150 0.82 15.25
5399.17 323.38 1.13750 2.84 17.09
6209.17 326.40 0.41251 1.49 20.42
7092.90 328.45 0.42011 0.11 22.51
8065.74 331.11 0.38351 1.55 20.65
9156.00 335.66 0.09738 8.76 20.59
10398.58 338.67 0.08333 13.77 20.37
11093.20 341.15 0.07744 16.19 17.91
11851.86 344.49 0.05590 17.39 16.85
12690.61 349.31 0.03716 12.87 17.34
13644.60 364.27 0.02766 5.43 19.39
14791.30 394.43 0.00562 16.70 10.08
16209.29 417.86 0.00499 8.16 -0.56
31174.58 879.94 0.00612 -12.50 0.13
