950.00 296.05 13.64147
0.00 296.05 13.64147 -3.23 -0.60
14.64 296.05 13.64147 -3.86 -0.56
243.52 297.83 12.69507 -7.48 2.56
479.02 300.96 11.61038 -7.68 6.75
721.36 302.98 11.14287 -5.04 10.10
969.78 303.92 10.92866 -2.16 12.96
1224.13 304.88 10.47778 -0.03 15.22
1485.21 306.86 9.65115 0.12 15.99
1753.81 308.71 8.25635 -1.56 15.00
2029.51 309.34 7.16872 -3.01 13.72
2602.35 310.57 6.01035 -3.40 12.74
3207.44 311.75 5.16934 -1.94 12.63
3849.53 314.13 4.22696 0.02 12.43
4536.69 316.97 3.47380 2.91 13.53
5276.04 319.54 3.01770 6.19 15.37
6077.00 322.90 2.18742 8.79 18.11
6952.60 325.87 1.45488 10.02 22.45
7919.22 329.36 0.95203 9.97 27.04
9003.69 334.12 0.53990 8.72 27.27
10242.96 338.13 0.24804 6.59 28.67
10935.85 340.09 0.14589 8.72 32.39
11692.62 344.03 0.10550 14.83 37.10
12533.35 352.49 0.04472 20.03 35.07
13505.34 375.20 0.01046 19.92 22.37
14682.57 401.46 0.00504 10.17 11.89
16120.03 420.67 0.00490 8.39 12.62
31128.89 878.28 0.00620 -12.51 -1.13
