925.00 297.41 11.91207
0.00 297.41 11.91207 5.54 -2.68
38.99 297.41 11.91207 6.55 -3.35
273.15 298.06 10.74669 10.77 -7.01
512.55 299.04 10.68395 8.30 -6.43
757.76 300.24 10.85842 5.48 -3.42
1009.35 302.01 10.54654 3.63 0.14
1268.30 304.73 10.38103 1.73 4.28
1535.65 307.49 10.23659 0.49 7.09
1811.14 309.26 9.03390 1.22 7.69
2385.79 311.95 5.74980 4.62 8.24
2992.84 312.74 4.31506 6.10 7.66
3636.44 314.58 3.51306 5.51 9.70
4324.08 316.99 3.47830 1.17 12.95
5063.94 319.80 3.09517 0.70 17.65
5865.41 322.66 2.07796 2.07 21.06
6739.88 325.19 1.39671 3.06 23.68
7704.42 328.52 0.96141 4.10 27.65
8786.04 333.44 0.54492 2.66 29.52
10024.74 338.96 0.27449 -1.24 31.21
10720.33 341.61 0.15904 -2.87 38.47
11480.42 346.99 0.09594 -1.01 39.27
12333.13 356.90 0.04442 0.78 26.62
13309.35 372.92 0.01216 15.43 19.79
14481.73 402.51 0.00480 15.08 15.05
15921.18 420.66 0.00491 8.05 8.90
30891.21 876.77 0.00629 -15.83 0.31
