950.00 298.79 13.28598
0.00 298.79 13.28598 -6.33 -0.70
183.09 298.79 13.28598 -10.39 1.13
414.81 301.71 12.68659 -7.85 5.91
653.33 304.44 12.10189 -7.06 10.60
898.38 306.21 11.74721 -6.64 14.66
1149.59 307.35 11.47495 -4.99 17.44
1406.84 308.04 11.45789 -2.67 18.67
1670.29 308.62 11.38323 -0.13 18.74
1940.14 309.26 10.96395 2.19 18.12
2216.83 310.02 10.19567 4.33 17.29
2792.09 311.40 8.29751 7.89 16.96
3399.98 312.84 6.80523 9.48 18.89
4045.03 315.20 5.88176 8.56 21.22
4735.38 318.23 4.12652 8.21 20.81
5478.81 321.44 2.83796 8.90 19.80
6284.22 324.39 2.25903 8.13 19.79
7164.41 327.35 1.56050 7.81 20.41
8135.13 330.36 1.00909 7.48 21.46
9222.49 334.51 0.59533 7.36 23.94
10464.30 339.14 0.28390 10.02 26.67
11159.28 340.82 0.16865 10.07 27.12
11914.78 342.20 0.09108 9.90 27.95
12747.41 347.78 0.05369 9.52 28.71
13712.97 372.13 0.04950 19.24 18.74
14868.64 393.21 0.01615 10.09 5.16
16289.43 420.79 0.00485 7.22 3.23
31286.07 879.41 0.00621 -12.63 0.04
