900.00 301.27 12.87143
0.00 301.27 12.87143 -0.14 0.54
204.76 301.27 12.87143 -2.33 2.99
447.31 302.82 12.22170 0.92 3.97
695.83 304.14 11.65501 4.21 3.73
950.68 305.60 10.77946 5.54 5.70
1212.48 307.66 10.26016 5.68 9.44
1482.10 309.97 9.75506 4.78 12.24
1759.66 311.59 8.42852 2.82 11.12
2336.98 312.59 5.94836 1.73 6.68
2945.13 313.07 4.82342 2.54 4.81
3589.16 314.72 4.14553 2.47 5.99
4277.77 317.52 4.17667 1.65 12.90
5019.60 320.74 3.56310 1.31 19.70
5823.28 323.39 2.58429 2.26 22.77
6700.48 326.40 1.69259 2.35 26.29
7669.24 330.11 1.05072 2.73 30.03
8755.53 334.70 0.59109 2.76 32.16
9999.17 339.96 0.29788 -0.22 31.91
10696.45 342.45 0.18937 -2.57 32.64
11456.63 344.51 0.10665 -1.22 35.04
12295.38 350.62 0.05444 2.18 31.56
13263.85 373.10 0.01584 10.52 21.59
14433.28 400.05 0.00489 15.98 13.81
15868.39 420.18 0.00493 8.51 7.54
30839.45 876.96 0.00616 -15.18 0.64
