925.00 299.97 13.34572
0.00 299.97 13.34572 -2.55 -0.26
229.80 299.97 13.34572 -6.76 1.32
467.57 303.66 12.92621 -7.15 6.82
712.34 305.90 12.63194 -7.33 11.56
963.53 307.18 12.46231 -6.28 15.27
1220.83 307.92 12.35091 -4.52 17.28
1484.28 308.48 12.16729 -2.44 17.92
1754.16 309.14 11.51852 -0.08 18.11
2030.85 309.99 10.74496 2.28 18.11
2606.52 311.53 8.91080 6.26 17.88
3214.54 313.08 6.76792 8.05 18.24
3860.30 315.57 6.11296 7.63 18.54
4552.28 319.05 4.57635 6.18 19.36
5297.11 321.76 3.27575 5.42 19.96
6103.05 324.28 2.38757 4.89 20.88
6982.32 327.02 1.74964 4.15 22.42
7952.77 330.64 1.06437 3.69 23.69
9040.94 335.19 0.59157 3.78 24.92
10284.38 339.93 0.29950 3.89 28.13
10980.89 341.53 0.17634 3.81 29.76
11737.05 342.37 0.08916 3.75 30.14
12569.17 346.58 0.04908 4.75 30.98
13527.25 368.97 0.03763 18.05 24.18
14686.33 398.22 0.00672 13.44 5.43
16114.10 420.42 0.00488 7.12 3.62
31100.75 876.76 0.00629 -13.20 1.00
