925.00 299.54 13.74875
0.00 299.54 13.74875 1.59 -0.07
45.73 299.54 13.74875 2.19 0.23
281.87 300.30 13.03382 0.89 2.41
523.37 301.45 12.01772 2.04 4.53
770.72 302.77 11.38967 4.89 5.46
1024.45 304.34 10.64952 6.72 6.67
1285.28 306.93 10.02241 5.74 8.78
1554.49 309.80 8.82214 2.77 9.73
1831.49 310.91 7.37781 1.30 8.82
2407.39 312.12 5.62037 3.26 7.46
3015.02 313.41 4.12455 3.84 6.08
3660.07 315.33 3.12009 4.56 6.69
4348.51 317.08 3.10458 3.66 10.87
5088.16 319.72 2.90135 3.28 17.97
5889.22 322.45 1.92960 3.37 22.59
6763.87 325.68 1.28955 2.40 26.93
7731.18 329.69 0.89831 3.34 31.28
8816.34 334.37 0.59110 3.63 32.25
10058.16 339.78 0.29716 0.29 33.54
10755.48 342.51 0.18999 -2.25 35.27
11515.82 344.85 0.10496 0.78 37.91
12357.94 352.38 0.04843 2.44 29.85
13327.17 372.16 0.01318 13.82 21.75
14498.79 402.07 0.00484 14.11 12.90
15938.90 420.77 0.00486 6.96 8.06
30917.24 876.89 0.00631 -14.86 0.20
