950.00 296.55 13.83712
0.00 296.55 13.83712 -3.19 -0.34
141.60 296.55 13.83712 -7.22 0.89
371.65 299.20 13.13720 -7.41 5.73
608.36 302.48 12.50545 -4.93 10.73
852.26 305.11 11.94421 -3.52 15.00
1102.77 306.63 11.68858 -1.89 17.26
1359.61 307.61 11.39701 0.07 17.93
1622.60 308.15 10.92046 1.93 17.92
1891.94 308.80 10.32159 3.80 17.95
2168.18 309.67 9.62291 5.71 17.82
2742.44 310.82 7.70441 7.62 17.25
3349.08 312.21 6.44965 8.14 18.99
3992.99 314.84 5.66521 8.02 21.69
4682.49 317.83 4.02698 7.68 21.23
5424.47 320.80 3.18331 7.81 19.97
6228.68 324.00 2.46912 7.29 20.10
7108.03 326.94 1.64793 7.44 22.01
8077.56 330.03 0.99285 7.99 24.32
9164.91 334.87 0.59757 8.41 26.77
10407.79 339.17 0.28468 9.97 30.28
11102.47 340.58 0.17165 10.39 30.64
11858.17 342.68 0.09715 12.38 30.59
12694.47 350.36 0.06866 12.07 30.63
13662.53 371.25 0.05491 18.19 20.74
14821.57 395.04 0.00696 9.48 7.11
16241.44 420.23 0.00500 10.18 4.62
31242.35 879.79 0.00627 -13.13 -0.30
