925.00 297.67 13.11807
0.00 297.67 13.11807 -2.70 -0.23
139.94 297.67 13.11807 -6.05 0.70
374.68 298.93 12.55397 -8.24 4.22
615.48 301.18 11.76522 -7.15 8.41
862.79 302.77 11.20546 -4.56 11.85
1116.14 303.33 10.97837 -2.11 14.32
1375.98 305.51 9.99973 -1.02 15.69
1643.58 307.67 8.81131 -2.74 15.36
1918.77 308.98 7.86214 -4.07 14.12
2491.43 310.32 6.76533 -3.45 11.72
3096.42 311.88 5.54991 -0.43 10.62
3739.38 314.45 4.26034 2.59 11.12
4427.56 317.42 3.22813 5.77 13.39
5168.03 320.02 2.52600 8.63 16.79
5969.42 322.67 1.99241 9.14 20.91
6844.69 325.79 1.36874 7.88 25.48
7812.10 329.84 0.89563 7.77 28.62
8898.38 334.61 0.51920 7.79 26.53
10137.49 337.87 0.25278 4.81 28.62
10829.82 339.99 0.15348 7.49 33.50
11587.05 344.42 0.10959 12.86 38.79
12427.79 351.67 0.04049 17.13 36.10
13394.32 373.83 0.01359 22.56 23.81
14573.95 403.08 0.00496 10.42 11.82
16020.07 422.47 0.00486 7.15 13.05
31027.20 877.96 0.00632 -12.52 -1.16
