950.00 296.66 11.95354
0.00 296.66 11.95354 -2.55 2.11
188.00 296.66 11.95354 -5.36 7.27
417.28 297.64 11.85095 -4.86 10.85
651.89 299.02 11.24245 -4.54 12.00
892.10 299.99 10.95120 -5.11 10.45
1137.86 300.56 10.81057 -5.15 8.86
1389.32 301.46 10.05997 -4.77 8.18
1647.20 302.92 9.15133 -3.94 8.46
1912.18 304.84 7.90375 -2.26 8.31
2184.85 306.43 7.12460 -0.19 8.40
2753.79 309.08 6.10434 2.55 10.30
3357.37 311.71 4.77719 3.09 10.46
3999.62 313.98 3.53731 2.79 10.57
4685.53 316.26 2.80215 5.07 9.76
5423.61 319.30 2.15878 9.48 13.39
6223.00 321.73 1.58180 12.67 16.58
7094.50 324.06 1.15740 14.54 20.22
8055.46 327.47 0.87787 14.81 25.92
9135.07 332.96 0.52783 8.24 30.11
10369.49 336.56 0.23194 7.11 34.31
11059.99 339.19 0.14362 12.30 40.00
11815.69 344.89 0.09805 19.99 38.49
12662.90 355.32 0.04736 25.29 29.48
13640.19 377.59 0.00880 17.84 15.75
14820.37 400.89 0.00496 10.81 11.64
16260.43 423.93 0.00486 11.85 11.27
31298.86 873.45 0.00636 -13.49 2.25
