950.00 296.94 12.39600
0.00 296.94 12.39600 -2.10 2.52
192.60 296.94 12.39600 -2.72 7.06
423.02 300.08 11.18527 -2.49 9.02
659.47 301.30 11.08485 -2.52 8.84
901.46 302.21 10.84327 -2.71 8.05
1149.18 303.27 10.46574 -2.12 8.51
1403.04 304.34 10.48145 -0.79 10.39
1663.46 305.60 10.46948 0.37 12.43
1930.73 306.61 9.93624 0.89 13.87
2204.98 307.65 9.01675 1.08 14.72
2776.14 309.72 7.24105 0.49 14.38
3380.18 310.56 6.03023 -0.20 12.82
4021.28 313.87 4.43929 0.79 11.90
4707.88 316.63 3.11250 3.74 11.70
5446.80 319.63 2.49720 7.65 14.73
6247.44 322.34 2.11524 10.40 18.44
7121.72 325.42 1.56180 11.76 23.33
8087.98 329.37 0.95303 12.44 27.88
9172.02 333.68 0.55843 12.61 29.74
10409.56 337.84 0.25044 11.79 33.03
11102.24 339.87 0.14763 11.29 35.59
11855.40 341.11 0.08075 12.35 36.23
12694.14 355.75 0.06937 19.38 28.64
13674.75 375.37 0.01085 16.70 16.78
14847.34 398.67 0.00535 10.60 11.48
16276.33 420.65 0.00494 10.65 8.63
31295.85 873.97 0.00630 -12.65 0.06
