925.00 298.74 13.50934
0.00 298.74 13.50934 -3.67 -0.10
145.25 298.74 13.50934 -8.08 1.93
381.53 301.53 12.86699 -7.78 7.33
624.46 303.64 11.89996 -3.84 10.48
873.68 305.15 10.85752 0.19 12.17
1129.02 305.81 10.13989 2.56 14.38
1390.34 306.81 9.80498 3.96 16.66
1659.24 309.45 8.95418 4.43 15.79
1936.06 310.61 7.36391 3.03 14.35
2510.84 311.74 5.79124 1.33 12.61
3118.73 313.18 5.21219 2.32 11.65
3764.03 315.54 4.19418 3.80 11.14
4453.89 317.97 3.40467 5.06 12.47
5195.49 320.41 2.84264 6.24 16.36
5998.15 323.10 2.29908 6.46 20.75
6875.02 326.33 1.54690 4.59 24.27
7843.22 329.71 0.90150 4.23 27.83
8930.07 335.17 0.53722 7.37 28.50
10173.10 339.24 0.29114 6.10 31.71
10868.08 340.84 0.16965 6.99 35.30
11625.16 343.91 0.10582 10.89 33.41
12467.53 353.69 0.05970 11.76 30.63
13438.60 371.53 0.01225 12.15 23.64
14603.95 397.99 0.00514 13.27 11.06
16031.11 418.64 0.00496 8.82 8.70
31029.94 880.82 0.00626 -13.46 0.35
