900.00 300.75 13.07632
0.00 300.75 13.07632 1.23 -0.08
205.90 300.75 13.07632 0.77 0.84
447.76 301.78 12.16323 2.12 2.17
695.35 302.89 11.72032 5.06 2.23
949.21 304.61 10.78398 6.11 4.01
1210.40 307.15 10.24886 5.47 7.90
1479.71 309.71 9.74097 3.92 10.62
1756.99 311.19 8.60610 1.93 9.90
2333.65 312.29 6.27146 1.96 6.51
2941.41 312.97 4.68817 2.83 5.21
3585.52 314.85 3.74063 2.67 6.17
4273.88 317.32 3.82781 1.38 11.74
5015.02 320.46 3.35874 1.05 18.67
5817.93 323.09 2.31983 1.86 22.22
6693.96 325.91 1.56988 2.04 26.11
7661.35 329.70 1.04812 2.55 30.04
8746.41 334.41 0.58661 2.97 32.60
9989.09 339.76 0.29396 -0.00 32.96
10686.16 342.51 0.18907 -2.40 34.25
11446.70 344.69 0.10417 -2.14 36.89
12287.79 352.44 0.05204 0.19 30.79
13260.44 373.49 0.01448 11.67 20.71
14429.62 400.28 0.00485 15.76 14.36
15865.14 420.40 0.00495 8.87 7.93
30836.95 876.92 0.00615 -15.31 0.54
