925.00 299.12 13.64168
0.00 299.12 13.64168 2.48 -0.62
37.79 299.12 13.64168 3.61 -0.95
273.62 299.92 12.81132 3.76 -0.09
514.65 300.72 12.15488 3.06 2.78
761.32 301.89 11.49409 4.74 4.56
1014.39 303.62 10.75320 6.22 5.71
1274.61 306.23 9.93580 4.47 7.56
1543.18 309.07 8.77394 1.62 8.64
1819.62 310.34 7.64724 1.35 8.12
2394.91 312.00 5.57456 4.47 7.64
3002.39 313.33 3.90626 4.98 6.54
3647.16 315.24 3.00759 5.43 7.81
4335.47 317.08 2.92070 3.43 11.44
5074.87 319.53 2.75418 2.63 17.74
5875.34 322.20 1.77009 2.77 22.51
6749.02 325.21 1.09774 2.18 26.41
7714.88 329.22 0.84533 3.29 31.42
8798.52 333.91 0.58079 3.63 32.72
10039.46 339.91 0.30067 0.24 34.75
10737.30 342.79 0.18794 -2.10 37.07
11498.35 345.38 0.10005 0.36 38.88
12343.06 353.52 0.04465 1.63 29.37
13313.57 372.17 0.01288 14.58 21.41
14486.52 402.53 0.00484 13.96 13.31
15927.85 421.31 0.00492 6.97 8.21
30905.93 876.63 0.00627 -15.00 0.11
