950.00 297.17 11.48514
0.00 297.17 11.48514 -3.01 0.89
162.70 297.17 11.48514 -6.93 3.09
392.25 297.93 11.26005 -8.73 6.25
626.76 298.58 11.09296 -8.48 9.19
866.49 299.24 11.03282 -7.59 10.80
1111.56 299.53 11.00571 -6.86 10.37
1362.18 300.45 10.01167 -6.30 8.84
1619.11 301.75 9.10435 -5.58 8.25
1882.92 303.48 7.79020 -4.16 8.12
2154.54 305.62 6.38083 -1.64 7.81
2722.03 308.68 4.76999 3.72 9.59
3324.39 311.05 4.27745 5.41 10.67
3965.00 313.18 3.98999 5.09 11.53
4649.74 315.74 3.04796 7.24 11.18
5386.75 318.85 2.33520 12.05 14.43
6185.46 321.53 1.63431 14.29 17.30
7056.52 323.84 1.05255 15.16 19.67
8016.34 326.59 0.66608 17.37 24.89
9091.21 331.64 0.47781 13.78 33.25
10324.10 336.67 0.23443 4.88 37.57
11014.08 338.75 0.14545 10.30 42.41
11770.65 345.55 0.09463 23.17 41.45
12619.24 356.58 0.02210 26.16 31.26
13600.30 378.19 0.00997 18.64 17.14
14783.54 403.18 0.00499 11.29 10.95
16230.32 425.34 0.00485 12.18 11.59
31283.08 875.32 0.00637 -14.53 3.56
