925.00 307.23 13.36786
0.00 307.23 13.36786 -2.40 6.02
212.08 307.23 13.36786 -5.81 17.57
454.18 307.76 13.12427 -6.20 21.89
701.32 307.88 12.84021 -5.49 24.44
953.69 308.25 12.34593 -3.78 25.76
1211.73 308.80 11.78384 -1.43 26.13
1475.88 309.62 10.90444 1.35 25.39
1746.54 310.45 9.62040 3.46 23.60
2024.12 311.50 8.21728 4.31 21.28
2602.01 313.39 6.30448 3.20 17.47
3212.91 314.80 5.33574 0.75 16.58
3860.30 315.77 4.26322 -1.07 17.94
4551.23 319.23 3.01279 -1.97 18.38
5297.77 323.45 1.46595 1.32 20.10
6108.74 326.95 0.32183 1.40 23.56
6993.41 328.61 0.47748 0.69 22.54
7967.42 331.85 0.21541 4.58 19.37
9058.93 335.65 0.24002 9.39 16.88
10301.91 339.15 0.23925 12.95 16.82
10997.45 341.55 0.16453 15.01 16.19
11755.96 344.18 0.09104 16.76 15.76
12593.84 349.10 0.04160 13.60 18.27
13547.89 364.02 0.02358 6.13 20.07
14695.25 395.31 0.00543 16.60 9.79
16116.24 418.36 0.00492 8.82 1.25
31084.03 878.51 0.00624 -12.36 -0.13
