925.00 307.07 13.92969
0.00 307.07 13.92969 -0.95 6.66
222.94 307.07 13.92969 -2.94 15.52
464.90 307.45 13.66806 -4.04 19.76
711.96 307.77 13.40311 -3.86 22.52
964.34 308.16 13.03514 -2.75 24.39
1222.43 308.75 12.53210 -0.84 25.32
1486.58 309.25 11.95634 1.22 25.02
1756.96 309.82 10.91488 2.95 24.14
2034.21 311.02 8.96181 4.18 22.55
2611.59 313.17 6.37425 3.13 19.28
3222.28 314.90 5.18609 0.11 17.77
3870.26 316.23 4.34223 -2.46 17.99
4561.86 319.31 3.07319 -3.27 18.46
5308.17 323.22 1.46147 -0.16 20.12
6118.90 327.02 0.42573 1.26 23.57
7004.03 328.91 0.50748 1.40 22.18
7979.19 332.22 0.25869 5.86 18.81
9071.39 335.68 0.26426 9.61 16.64
10314.63 339.25 0.27990 11.98 17.01
11010.27 341.44 0.18371 14.78 16.01
11768.27 343.87 0.10050 17.15 15.78
12606.40 349.74 0.04054 14.23 19.13
13561.72 364.16 0.02213 5.57 19.83
14710.21 395.22 0.00534 16.22 9.49
16131.00 418.45 0.00495 10.39 2.13
31094.35 878.33 0.00621 -12.48 -0.11
