925.00 298.84 14.04136
0.00 298.84 14.04136 -5.26 -0.12
77.91 298.84 14.04136 -8.37 -0.11
314.99 302.91 13.01406 -9.64 4.66
559.27 305.42 12.95574 -6.00 8.18
810.12 306.77 12.60289 -3.70 10.62
1067.22 307.89 12.00128 -1.98 12.86
1330.67 308.67 11.48814 0.00 14.89
1600.57 309.24 11.29062 2.19 16.90
1877.39 310.17 11.18814 4.73 18.48
2453.72 311.80 8.77988 8.31 19.10
3061.79 312.63 6.57082 8.14 19.32
3707.89 316.26 5.26546 7.06 20.07
4400.73 319.43 3.94824 5.81 20.64
5146.20 322.10 2.80317 5.42 21.37
5953.04 324.85 2.02720 4.35 22.58
6833.68 327.52 1.36914 2.22 23.96
7805.63 331.18 1.11268 1.03 24.15
8897.37 336.65 0.72443 1.57 24.17
10144.53 340.11 0.29375 0.47 26.66
10840.63 340.92 0.15968 2.64 27.73
11596.38 342.75 0.08796 3.60 28.45
12432.89 349.56 0.05940 2.58 29.42
13391.83 366.03 0.02967 10.93 24.46
14544.24 396.81 0.00515 16.50 9.62
15970.99 420.50 0.00484 8.23 5.10
30952.49 875.87 0.00630 -14.14 0.52
