925.00 300.86 13.92003
0.00 300.86 13.92003 -0.16 1.63
63.69 300.86 13.92003 -0.70 2.21
301.02 301.93 12.83014 0.27 5.05
543.64 302.49 12.67583 2.84 5.90
791.98 303.90 12.45727 4.26 7.44
1046.84 305.41 12.23466 4.69 9.86
1308.56 307.06 11.84485 4.70 12.45
1577.72 309.13 11.05191 4.02 13.58
1854.59 310.56 9.70635 2.69 12.30
2431.05 312.35 6.57973 0.74 7.81
3040.11 313.37 5.50517 1.88 5.97
3685.01 315.69 5.58260 1.30 11.20
4377.11 319.28 4.91836 -0.73 19.25
5122.63 322.00 3.78783 -1.81 23.28
5929.27 324.74 2.78778 -0.40 24.64
6810.47 328.17 1.84549 1.46 25.33
7783.62 331.35 1.10015 2.81 26.35
8872.50 335.05 0.58548 3.09 27.98
10116.00 339.81 0.28491 2.15 28.82
10812.66 342.35 0.18482 -0.01 29.32
11572.89 344.71 0.10912 -2.04 30.74
12410.01 348.90 0.06062 1.90 32.75
13378.69 373.17 0.02487 7.99 21.58
14545.67 397.46 0.00481 18.66 12.58
15969.11 417.76 0.00504 10.36 7.74
30922.63 875.03 0.00632 -14.94 0.80
