900.00 301.63 12.54666
0.00 301.63 12.54666 -1.67 0.69
195.57 301.63 12.54666 -3.36 3.69
438.45 303.36 12.21392 0.33 5.24
687.43 304.74 11.83468 3.20 6.08
942.89 306.25 11.39861 4.39 8.92
1205.20 307.82 11.12986 4.69 12.48
1474.82 309.63 10.77594 4.45 14.65
1752.23 311.19 9.60879 3.19 13.20
2329.55 312.62 6.32813 1.28 7.72
2938.23 313.18 5.29489 2.01 4.90
3582.26 314.87 5.09444 1.92 7.84
4272.30 318.34 4.72019 0.57 16.58
5015.99 321.39 3.73266 0.01 21.78
5821.04 323.92 2.77225 1.29 23.64
6700.16 327.26 1.78773 2.27 25.70
7670.99 330.65 1.08903 2.94 28.48
8758.77 335.08 0.60682 2.52 30.58
10003.64 340.26 0.30513 0.11 30.00
10701.12 342.51 0.19032 -2.02 30.29
11461.05 344.32 0.10616 -0.74 32.26
12298.27 349.38 0.05692 4.36 31.90
13263.79 372.01 0.01961 8.12 22.09
14432.05 398.93 0.00488 17.07 13.46
15863.18 419.42 0.00494 9.16 7.19
30829.24 876.34 0.00622 -15.07 0.95
