925.00 299.17 13.50881
0.00 299.17 13.50881 -0.95 1.24
102.38 299.17 13.50881 -3.11 2.39
338.49 300.53 13.08407 -4.24 5.82
580.35 302.08 12.26759 -1.35 8.34
828.40 303.82 11.17419 2.64 10.16
1082.79 304.75 10.41755 5.27 12.18
1343.50 306.48 9.82086 5.31 13.13
1612.43 309.92 7.42909 2.54 11.71
1889.15 310.65 6.35775 1.49 9.52
2464.07 311.85 5.51577 2.24 7.26
3071.92 313.52 4.49940 2.98 6.86
3717.04 315.23 3.55636 4.91 7.79
4405.68 317.37 3.10990 4.93 11.57
5146.05 319.98 2.48125 5.48 17.59
5947.36 322.59 1.75650 5.31 22.27
6822.09 325.59 1.34609 3.27 26.59
7789.63 329.69 0.86531 3.10 30.32
8875.23 334.51 0.51429 5.77 30.63
10116.53 339.19 0.28851 2.86 32.81
10812.22 341.49 0.17532 2.03 36.56
11570.73 344.54 0.10859 5.67 36.48
12413.25 352.73 0.04445 9.11 30.77
13382.02 372.31 0.01231 16.49 22.70
14556.76 401.90 0.00494 11.62 10.55
15993.50 419.53 0.00492 6.51 9.75
30985.70 878.14 0.00635 -13.83 0.45
