950.00 296.41 14.52223
0.00 296.41 14.52223 -2.16 -0.07
2.84 296.41 14.52223 -2.62 -0.07
232.35 299.29 13.40841 -5.47 3.01
469.34 302.93 12.80434 -5.55 8.30
713.68 305.62 12.40282 -5.74 12.74
964.70 307.14 12.19025 -5.22 16.08
1222.00 308.00 12.03894 -3.73 18.05
1485.46 308.58 11.82301 -1.84 18.91
1755.33 309.11 11.47511 0.21 19.13
2031.95 309.85 10.85233 2.46 19.14
2607.41 311.47 8.90845 6.78 18.88
3215.45 313.05 6.85399 8.11 19.70
3860.63 315.21 5.94178 7.36 20.80
4551.44 318.50 4.04631 6.82 21.19
5294.89 321.31 3.03846 7.50 20.67
6100.05 324.20 2.40488 7.04 20.80
6979.77 327.19 1.69134 6.52 21.76
7949.86 330.22 1.03444 6.34 23.22
9037.52 334.97 0.61908 6.46 26.10
10280.97 339.57 0.29475 8.00 29.85
10976.35 340.94 0.17484 8.79 30.77
11732.36 342.70 0.09519 9.58 30.38
12567.03 348.35 0.05818 8.69 30.36
13529.08 369.56 0.05054 19.14 22.35
14686.64 396.81 0.00752 10.64 4.96
16110.89 420.41 0.00497 8.40 3.81
31104.06 879.13 0.00617 -13.17 0.63
