925.00 297.91 13.23147
0.00 297.91 13.23147 -1.20 0.14
56.69 297.91 13.23147 -2.12 0.39
291.59 298.87 12.89612 -5.63 3.24
531.82 299.79 12.57575 -6.65 6.30
778.02 301.43 11.98355 -5.37 9.40
1030.68 302.88 11.38986 -2.96 11.76
1289.83 304.07 10.85146 -0.60 13.28
1555.98 305.72 9.98333 -0.03 14.08
1829.80 307.59 9.30968 -0.68 13.55
2401.62 310.25 7.84014 -0.87 10.59
3006.78 311.83 6.20961 1.09 8.06
3649.69 314.30 4.23286 4.69 9.63
4337.46 317.45 2.76360 7.67 13.09
5078.34 320.46 2.01987 8.55 17.99
5880.57 322.93 1.53813 7.15 22.31
6755.76 325.62 1.14978 5.10 26.64
7723.28 330.06 0.77535 5.81 29.30
8809.53 333.90 0.49085 6.41 27.73
10046.35 337.66 0.25769 2.99 31.02
10738.48 340.03 0.16406 6.30 37.29
11496.12 344.83 0.10728 11.30 41.50
12338.74 352.35 0.04480 14.66 36.37
13304.25 372.63 0.01544 22.81 24.88
14484.90 404.12 0.00501 10.84 11.64
15935.65 423.70 0.00488 6.41 12.49
30941.01 877.83 0.00630 -12.88 -0.96
