950.00 300.27 13.95362
0.00 300.27 13.95362 -1.43 -3.02
162.78 300.27 13.95362 -5.68 -5.04
396.18 303.61 13.25819 -8.06 2.55
636.14 305.91 12.65613 -8.54 9.95
882.29 307.33 12.05010 -8.54 15.55
1134.30 308.11 11.61267 -7.48 18.59
1392.14 308.54 11.39587 -5.74 19.38
1655.85 308.81 11.36953 -3.64 19.26
1925.80 309.26 11.25463 -1.62 18.79
2202.52 310.02 10.70692 0.12 17.62
2778.44 311.88 7.93024 2.57 14.17
3386.81 313.30 6.82984 3.07 14.22
4033.04 315.74 5.62291 3.06 17.18
4725.34 319.71 3.53782 1.65 17.68
5472.60 323.57 1.86893 4.14 19.05
6282.88 326.03 1.08686 5.80 21.05
7165.10 327.70 0.86718 6.43 21.50
8135.88 330.23 0.66761 7.20 20.26
9221.73 334.03 0.55745 7.91 21.22
10461.75 339.00 0.28670 10.80 23.13
11157.04 341.32 0.16872 11.96 22.91
11914.27 343.14 0.09391 11.53 22.82
12746.75 345.82 0.04796 9.62 24.08
13701.31 370.30 0.02908 14.97 23.50
14859.37 394.64 0.01438 15.67 4.87
16277.41 418.87 0.00493 5.06 2.92
31267.62 879.27 0.00619 -11.68 0.77
