925.00 298.77 13.97824
0.00 298.77 13.97824 -4.65 -0.23
71.54 298.77 13.97824 -7.49 0.06
308.39 302.55 13.02543 -9.71 5.55
552.56 305.48 13.12642 -7.02 10.41
803.60 306.96 13.09171 -4.66 13.00
1060.82 307.71 12.62624 -2.52 14.49
1324.10 308.40 12.23544 -0.52 15.54
1593.89 308.95 11.65117 1.68 16.74
1870.56 309.97 11.28897 4.11 17.90
2446.69 311.72 9.06200 7.55 18.77
3054.76 312.56 6.62516 8.11 19.15
3700.60 316.14 5.39493 6.78 19.89
4393.54 319.65 4.06925 5.43 20.39
5139.83 322.47 2.93227 4.95 20.97
5947.51 325.02 2.05605 4.14 21.85
6828.41 327.52 1.43129 2.79 23.05
7800.05 331.07 1.04903 1.75 23.75
8890.74 336.33 0.66415 2.16 23.42
10137.04 340.27 0.29828 0.80 25.49
10833.85 341.48 0.16416 1.08 26.43
11590.22 342.65 0.08391 1.05 27.19
12424.28 347.61 0.05060 1.14 28.50
13380.00 366.55 0.02860 11.35 25.18
14534.09 397.27 0.00539 16.66 8.84
15961.46 420.38 0.00493 7.74 4.46
30942.60 875.60 0.00626 -13.77 0.49
