950.00 305.99 12.16830
0.00 305.99 12.16830 -4.77 6.68
142.91 305.99 12.16830 -9.23 14.90
379.75 307.16 11.96196 -9.97 20.71
621.61 307.74 11.59273 -8.25 23.27
868.52 307.87 11.37469 -5.96 23.55
1120.64 308.17 11.01209 -3.46 22.70
1378.42 308.73 10.48806 -1.16 21.50
1642.34 309.53 9.82112 1.19 19.82
1912.87 310.58 8.92272 2.97 17.40
2190.54 311.71 7.55325 3.68 14.51
2768.45 313.40 5.38030 3.71 12.22
3378.81 314.48 5.22181 4.07 14.99
4025.98 316.26 3.45665 4.04 16.52
4718.38 320.01 2.54249 1.39 15.37
5465.92 323.78 1.27773 4.39 17.52
6276.88 326.59 0.44897 3.87 21.31
7160.43 328.16 0.42624 2.78 22.69
8132.00 330.50 0.38768 3.37 20.30
9219.28 334.64 0.11761 8.17 20.20
10459.71 338.47 0.14753 13.43 21.12
11154.18 341.11 0.11773 14.24 19.70
11912.69 344.11 0.09446 14.06 17.76
12748.18 347.12 0.05628 11.67 17.74
13698.65 366.59 0.02466 9.05 22.17
14853.20 394.99 0.00683 18.12 9.82
16267.72 416.35 0.00501 5.83 0.57
31248.30 880.70 0.00624 -11.76 0.78
