925.00 300.00 13.05901
0.00 300.00 13.05901 -1.17 -2.28
193.83 300.00 13.05901 -1.70 -3.80
430.47 301.56 12.78308 0.83 0.59
673.95 304.51 12.74561 1.41 5.09
924.09 305.99 12.48597 0.88 9.01
1180.52 306.96 12.38322 0.53 12.61
1443.24 307.81 12.24767 0.63 15.99
1712.68 308.76 12.08240 1.39 18.95
1989.30 309.94 11.39227 2.34 20.94
2565.24 311.58 9.17733 4.36 21.85
3173.11 313.00 6.36570 3.30 21.67
3819.38 316.48 4.83336 0.24 22.42
4513.42 320.54 3.34939 -0.64 22.35
5262.20 324.01 1.98827 2.27 22.22
6074.06 327.04 1.16998 4.03 22.50
6959.93 329.40 0.95118 4.49 20.69
7936.47 332.41 0.79081 4.61 18.09
9028.79 336.25 0.71670 3.51 17.80
10275.55 340.07 0.30412 3.68 18.70
10971.60 341.24 0.17477 5.66 18.47
11726.84 341.87 0.08745 8.20 19.83
12560.19 348.27 0.04872 7.35 23.08
13515.15 365.64 0.02514 6.50 22.36
14667.51 396.41 0.00514 16.39 10.10
16091.10 418.47 0.00495 10.26 4.38
31060.62 876.31 0.00622 -13.50 0.16
