925.00 299.16 13.47860
0.00 299.16 13.47860 -3.21 0.85
148.04 299.16 13.47860 -6.82 1.06
385.17 302.82 12.98468 -8.02 6.30
629.47 305.55 12.75027 -7.22 11.62
880.46 306.97 12.65468 -5.55 15.21
1137.61 307.60 12.48475 -3.69 16.98
1400.84 308.33 12.36582 -1.77 17.52
1670.63 309.17 11.35903 0.49 17.71
1947.43 310.18 10.46951 2.84 17.92
2523.20 311.54 8.59207 6.35 17.67
3130.96 312.88 6.61802 8.05 17.97
3777.06 315.91 5.83871 7.44 18.49
4469.70 319.42 4.70873 5.84 19.31
5215.65 322.22 3.43042 4.65 19.94
6022.74 324.64 2.42218 3.83 20.67
6902.80 327.22 1.71928 3.29 22.42
7873.50 330.78 1.05323 2.64 24.05
8962.13 335.50 0.59659 2.57 24.27
10206.44 340.23 0.29989 2.36 26.08
10903.56 341.95 0.17737 1.87 27.66
11660.48 342.64 0.08813 1.31 28.24
12492.35 345.90 0.04594 2.27 29.38
13446.86 368.17 0.03426 14.99 25.31
14605.08 398.19 0.00622 15.20 6.62
16033.30 420.37 0.00491 6.94 3.73
31016.99 875.89 0.00631 -13.27 0.77
