925.00 298.18 13.87928
0.00 298.18 13.87928 -4.68 0.35
83.63 298.18 13.87928 -7.92 0.37
320.60 303.05 13.10855 -9.81 5.20
564.99 305.49 12.87709 -7.07 8.77
815.83 306.76 12.63515 -5.13 11.29
1072.93 307.88 12.21565 -3.51 13.42
1336.41 308.68 11.59602 -1.41 15.27
1606.33 309.29 11.18100 1.17 17.24
1883.15 310.20 10.93580 4.18 18.77
2459.30 311.64 8.60128 7.93 19.37
3067.37 312.94 6.56536 8.08 19.60
3713.60 316.10 5.35233 7.59 20.33
4405.98 319.13 4.01208 6.47 20.94
5150.61 321.72 2.90537 5.93 21.67
5956.66 324.63 2.18754 4.66 22.77
6836.94 327.41 1.47388 2.86 23.95
7808.31 330.88 1.10729 2.17 24.31
8898.95 336.30 0.68747 2.27 25.49
10145.70 340.08 0.29266 1.53 28.60
10841.70 340.90 0.16144 3.71 29.66
11597.76 342.96 0.09072 4.48 29.90
12434.57 349.53 0.06297 3.64 30.58
13393.36 365.99 0.03364 12.80 25.21
14546.79 397.44 0.00507 15.96 8.97
15975.07 420.87 0.00490 7.91 4.72
30959.42 876.18 0.00636 -14.01 0.79
