925.00 299.83 13.08461
0.00 299.83 13.08461 0.98 -2.92
216.79 299.83 13.08461 2.43 -6.51
453.58 302.02 12.60139 3.23 -1.85
697.22 304.57 12.59058 1.99 3.25
947.44 306.19 12.59097 0.60 8.24
1204.13 307.32 12.53975 -0.34 12.82
1467.20 308.13 12.27008 -0.53 16.68
1736.77 308.91 11.94116 -0.06 20.10
2013.46 309.97 11.30735 0.73 22.33
2589.31 311.52 9.40653 2.86 23.07
3197.55 313.44 6.26940 1.29 21.94
3844.24 316.62 4.66146 -1.74 21.97
4538.43 320.59 3.09907 -2.02 22.05
5287.11 324.04 1.76041 1.45 22.65
6099.22 327.25 1.02032 3.34 22.96
6985.80 329.76 0.83518 4.87 19.83
7963.21 332.59 0.69369 5.85 16.74
9055.33 335.78 0.71033 4.66 17.04
10300.86 339.88 0.29270 5.49 17.65
10996.96 341.45 0.17546 8.37 17.16
11752.92 342.17 0.08933 11.20 18.45
12586.93 348.68 0.04861 10.27 22.25
13542.55 365.84 0.02442 6.60 21.99
14695.98 396.45 0.00510 16.08 9.98
16118.91 417.90 0.00497 10.99 4.18
31083.13 876.41 0.00623 -13.21 0.29
