925.00 299.66 13.93594
0.00 299.66 13.93594 -4.87 0.68
109.10 299.66 13.93594 -9.66 2.07
346.98 303.82 12.67001 -8.48 6.85
591.47 305.38 11.83309 -3.99 9.82
842.01 306.63 10.89590 -0.95 13.05
1098.75 307.88 10.29737 0.28 16.07
1362.10 308.99 10.00921 1.59 18.44
1632.20 309.89 9.87230 3.65 19.83
1909.46 310.86 9.63131 5.38 19.61
2485.35 311.44 6.88770 6.34 17.45
3092.97 313.11 6.11781 6.65 16.32
3739.49 316.25 5.22074 7.06 17.75
4431.39 318.72 4.16297 6.68 20.35
5174.87 321.15 3.22087 6.21 21.89
5979.75 324.25 2.40745 4.52 22.97
6859.40 327.31 1.56585 2.44 24.37
7830.51 330.78 0.96973 2.04 25.29
8919.90 335.65 0.62330 2.39 27.06
10164.92 339.87 0.29944 2.41 30.30
10860.36 340.67 0.16962 5.90 31.72
11616.68 343.66 0.10193 9.40 30.05
12458.13 352.44 0.07450 5.92 29.47
13421.35 367.02 0.03177 8.73 23.11
14577.27 396.70 0.00491 15.37 10.57
16004.18 420.79 0.00494 8.91 6.13
30990.31 877.10 0.00635 -14.39 0.74
