925.00 297.35 13.19917
0.00 297.35 13.19917 -3.90 0.00
82.29 297.35 13.19917 -5.89 1.56
316.95 299.70 12.21409 -9.83 5.26
558.79 302.84 11.61164 -7.21 9.82
807.37 304.32 11.07503 -3.15 12.89
1062.07 305.16 10.55793 0.25 15.10
1323.23 306.91 9.80286 1.80 16.42
1592.08 309.22 8.21236 0.57 15.61
1868.37 310.15 6.90276 -1.12 14.41
2442.61 311.47 5.66066 -2.48 13.50
3049.12 312.34 5.11668 -1.17 13.06
3692.36 314.65 4.09888 0.86 12.66
4380.39 317.28 3.40155 3.57 13.39
5120.35 319.72 2.97500 6.34 15.27
5921.87 323.11 2.15127 8.28 18.34
6798.20 326.04 1.44269 8.89 22.69
7765.16 329.35 0.95605 8.90 27.09
8850.04 334.36 0.53609 9.24 27.38
10090.22 338.44 0.24875 6.88 29.61
10783.88 340.55 0.15190 8.74 33.16
11541.46 344.20 0.10710 13.90 36.15
12382.56 352.67 0.04749 17.91 33.97
13353.78 374.16 0.00943 18.71 23.14
14528.21 400.24 0.00509 10.91 11.40
15961.48 419.51 0.00492 7.98 12.10
30966.07 879.68 0.00626 -12.62 -1.27
