925.00 299.78 13.97956
0.00 299.78 13.97956 -3.26 1.36
116.29 299.78 13.97956 -6.77 3.26
353.72 302.76 12.43454 -5.65 7.15
597.32 304.62 11.38491 -1.96 10.13
847.54 306.60 10.75968 0.63 13.46
1104.23 307.68 10.51393 2.13 16.00
1367.45 308.94 10.38093 3.37 17.78
1637.86 310.46 10.12021 4.55 17.62
1915.57 311.27 9.14897 4.48 15.68
2491.88 311.74 6.62755 3.80 12.40
3099.51 313.12 5.44961 4.67 9.91
3744.97 315.84 4.80109 5.85 10.79
4435.98 318.42 4.11619 5.82 16.17
5178.90 320.90 3.26213 5.21 20.48
5982.76 323.66 2.46573 4.44 22.37
6861.01 326.80 1.68605 2.47 24.92
7831.04 330.42 1.04004 2.13 26.87
8918.55 334.94 0.60432 3.53 28.25
10162.66 340.30 0.32044 2.07 30.28
10859.27 341.13 0.17695 2.15 32.23
11615.78 343.40 0.09830 8.66 32.14
12455.81 351.97 0.06615 6.95 28.55
13422.90 371.12 0.01652 9.74 20.68
14587.34 397.78 0.00494 13.63 11.00
16014.85 419.64 0.00490 8.91 7.93
30998.13 877.51 0.00625 -14.58 0.54
