925.00 299.56 14.12161
0.00 299.56 14.12161 -5.64 0.26
100.48 299.56 14.12161 -9.69 0.77
338.20 303.60 12.84395 -8.90 5.11
582.72 305.47 12.35324 -4.47 8.15
833.39 306.68 11.58924 -1.97 11.02
1090.33 307.99 10.97994 -0.70 13.78
1353.82 308.96 10.53130 1.03 16.09
1623.89 309.75 10.31327 3.13 17.96
1901.04 310.70 10.29897 5.39 19.07
2477.55 311.77 7.82702 8.03 18.37
3085.39 312.84 6.36245 7.85 18.25
3731.79 316.32 5.30729 7.40 19.41
4424.33 319.09 4.15070 6.14 20.74
5168.86 321.63 3.02057 5.54 21.63
5974.80 324.60 2.19916 4.07 22.74
6855.04 327.46 1.44080 1.79 24.44
7826.91 331.18 1.09301 0.72 24.80
8918.45 336.44 0.69138 0.94 25.17
10165.15 339.99 0.28951 0.75 27.64
10860.84 340.75 0.16153 4.46 29.08
11616.85 343.23 0.09434 6.79 29.03
12456.06 351.22 0.06592 4.11 29.17
13417.14 366.06 0.03071 9.48 23.41
14570.31 396.51 0.00505 16.08 10.19
15996.30 420.50 0.00484 8.63 5.80
30978.21 876.31 0.00622 -14.40 0.54
