975.00 288.96 9.55408
0.00 288.96 9.55408 -3.59 3.03
8.11 288.96 9.55408 -3.04 2.58
229.05 295.04 11.94428 -5.24 8.78
458.18 298.66 11.32316 -1.81 9.69
693.82 300.74 10.79293 0.47 10.52
935.49 301.89 10.99104 1.58 11.80
1183.04 303.16 10.85614 2.39 12.68
1437.08 304.74 10.43385 3.44 13.96
1697.86 306.14 10.06416 4.52 15.11
1965.61 307.36 9.59701 5.38 15.76
2240.50 308.43 8.56645 5.72 15.93
2812.57 310.12 6.19110 4.85 14.73
3417.02 311.66 5.38780 3.76 12.77
4060.11 314.67 4.14784 3.88 11.43
4747.88 317.08 3.25858 5.67 11.25
5487.36 319.69 2.63302 8.24 12.89
6287.80 322.27 2.10628 10.54 15.16
7162.05 325.56 1.57102 12.03 19.31
8128.47 329.29 0.97050 12.91 23.60
9210.83 332.90 0.52481 14.99 25.80
10444.79 336.92 0.24047 15.87 29.08
11135.65 339.18 0.14792 14.41 32.23
11887.42 340.37 0.07224 15.70 34.99
12726.22 357.53 0.07608 17.26 23.13
13710.64 374.78 0.01593 14.85 10.78
14876.61 395.56 0.00639 9.06 11.50
16297.20 420.38 0.00493 13.06 7.35
31333.38 873.66 0.00625 -10.84 1.19
