950.00 297.30 12.77419
0.00 297.30 12.77419 -3.87 0.20
62.04 297.30 12.77419 -5.56 0.66
291.49 298.03 12.27987 -9.64 2.94
526.18 298.54 12.18571 -11.06 5.75
766.17 299.66 11.58720 -10.68 8.14
1011.85 300.59 11.11872 -9.79 7.91
1263.47 301.49 10.63354 -8.64 7.52
1521.50 302.92 10.29841 -7.19 7.68
1786.45 304.16 9.89083 -6.33 8.04
2058.71 305.70 9.01886 -4.75 8.65
2626.43 307.69 7.10445 -0.66 9.46
3226.75 309.95 4.91201 2.24 9.31
3866.14 312.99 4.23056 3.67 9.99
4551.39 316.23 3.37778 6.95 12.68
5289.70 319.30 2.64990 11.13 16.53
6089.32 321.86 1.93637 13.01 20.35
6961.58 324.46 1.34176 13.05 24.84
7923.87 328.16 1.03439 11.17 30.13
9005.47 333.57 0.55854 4.55 30.07
10241.93 337.21 0.24480 1.21 33.49
10931.86 338.09 0.13618 3.69 37.76
11684.35 343.29 0.09245 15.61 44.20
12527.84 355.08 0.03173 24.37 38.01
13510.28 378.46 0.01047 19.79 19.67
14695.41 405.46 0.00489 11.05 11.57
16147.75 425.17 0.00478 9.65 12.29
31178.58 875.56 0.00625 -13.76 1.25
