950.00 297.56 12.13730
0.00 297.56 12.13730 -4.40 0.97
191.28 297.56 12.13730 -5.94 5.30
422.06 300.45 11.29788 -3.54 8.22
658.96 302.03 11.30924 -2.27 10.32
901.69 303.14 11.29227 -1.46 12.44
1150.26 304.12 11.28751 -0.60 14.55
1404.96 305.24 11.28743 0.54 16.30
1666.25 306.50 11.04718 1.82 17.35
1934.39 307.59 10.08567 3.01 17.50
2209.32 308.27 8.51105 3.54 17.00
2780.81 309.88 6.43528 3.19 15.23
3384.57 310.41 5.86292 3.64 14.06
4026.31 314.22 4.88466 4.14 13.48
4713.93 317.15 3.65333 5.67 13.43
5454.20 320.13 2.92384 7.83 15.82
6256.43 323.17 2.39232 9.24 18.98
7133.58 326.38 1.62823 9.75 22.66
8101.76 329.63 0.97913 10.97 25.60
9186.13 333.69 0.56159 13.59 28.69
10424.42 338.19 0.26441 11.59 31.73
11117.77 340.10 0.15803 9.63 32.94
11871.23 340.92 0.07783 11.46 32.92
12705.09 352.93 0.06621 17.61 27.83
13685.94 375.04 0.02925 14.85 15.05
14853.08 397.31 0.00569 10.02 10.37
16276.93 418.99 0.00496 9.62 6.26
31289.97 875.20 0.00635 -12.29 -0.59
