950.00 305.55 13.15982
0.00 305.55 13.15982 -4.37 7.85
71.63 305.55 13.15982 -5.77 11.17
307.72 306.17 12.84622 -7.79 17.57
548.83 306.60 12.43746 -7.79 21.23
795.01 306.99 11.89097 -6.57 23.61
1046.57 307.58 11.07371 -4.61 24.84
1303.97 308.59 9.73405 -2.25 24.83
1567.94 310.50 7.41422 1.47 22.64
1839.24 312.36 4.99391 3.09 18.86
2117.82 313.30 4.02224 1.93 16.07
2696.92 314.02 4.14066 0.67 14.08
3307.46 314.81 3.36752 1.47 14.31
3955.01 316.98 1.59429 2.26 14.89
4647.98 320.31 1.49470 0.77 13.56
5395.46 323.61 0.79999 2.37 15.32
6205.56 326.35 0.40533 0.90 18.31
7089.22 328.45 0.34542 -0.05 21.35
8061.90 330.99 0.47596 0.51 20.04
9151.93 335.71 0.14590 8.40 21.55
10394.56 338.50 0.08159 13.55 22.64
11088.52 340.77 0.05645 16.10 19.07
11846.67 344.52 0.05064 18.44 17.02
12686.64 350.13 0.03311 12.50 16.53
13642.32 364.15 0.03036 4.51 17.58
14786.88 393.49 0.00567 15.98 10.28
16203.18 418.34 0.00493 8.85 -1.29
31160.52 880.33 0.00618 -12.97 0.27
