950.00 297.27 11.51990
0.00 297.27 11.51990 -3.33 0.32
170.64 297.27 11.51990 -7.70 1.91
400.24 298.12 11.35129 -9.24 5.13
634.91 298.67 11.50682 -8.93 7.96
874.80 299.39 11.23787 -8.03 9.03
1119.98 299.66 10.69710 -7.47 8.74
1370.63 300.63 9.76975 -6.80 8.11
1627.87 302.31 8.75472 -5.84 7.74
1892.18 304.03 7.46397 -4.28 7.39
2163.96 305.47 6.68477 -2.12 7.48
2731.01 308.27 5.15641 2.25 9.34
3332.23 310.19 4.23574 3.95 10.25
3971.36 312.67 4.24148 4.64 11.01
4655.39 315.53 3.35794 7.57 12.08
5392.27 318.82 2.53567 12.31 15.54
6191.05 321.58 1.77361 14.31 18.59
7062.32 323.90 1.17253 15.01 21.57
8022.19 326.65 0.79137 15.67 27.07
9097.67 331.81 0.48943 11.12 33.36
10331.48 337.15 0.24139 3.23 38.00
11021.77 338.37 0.13805 6.59 42.28
11776.66 344.95 0.09174 20.83 44.59
12625.19 357.26 0.02461 26.06 33.07
13608.49 377.78 0.01073 19.21 18.82
14793.88 404.97 0.00491 11.05 10.65
16244.63 425.47 0.00472 10.90 11.91
31290.25 875.56 0.00625 -14.58 2.75
