975.00 288.13 9.21128
0.00 288.13 9.21128 -4.07 4.05
18.91 288.13 9.21128 -4.31 4.48
240.63 296.05 12.19324 -5.64 9.92
470.14 298.76 11.40013 -1.86 9.18
705.81 300.71 10.82210 0.39 9.54
947.47 301.88 11.04473 1.86 11.00
1195.03 303.14 10.97437 2.92 12.27
1449.01 304.65 10.52998 4.19 13.77
1709.74 306.07 10.13902 5.49 15.04
1977.45 307.32 9.66978 6.51 15.63
2252.36 308.49 8.61876 6.95 15.71
2824.56 310.18 6.11636 6.23 14.80
3429.24 311.75 5.34343 4.89 13.19
4072.48 314.77 4.23534 4.71 11.94
4760.53 317.18 3.34615 6.20 11.76
5500.19 319.74 2.69766 8.35 12.90
6300.74 322.33 2.16150 10.42 14.73
7175.32 325.73 1.57422 11.91 18.32
8142.19 329.41 0.97740 12.98 22.25
9224.68 332.88 0.51480 14.65 24.01
10458.44 336.83 0.23647 15.62 27.37
11149.09 339.07 0.14743 14.59 30.70
11900.76 340.41 0.07204 16.07 34.00
12740.38 357.67 0.07861 15.37 22.05
13723.58 373.82 0.01927 13.89 9.93
14885.16 394.40 0.00656 10.06 11.45
16306.81 421.56 0.00488 12.99 6.73
31344.73 874.22 0.00634 -10.48 1.19
