950.00 297.02 13.72506
0.00 297.02 13.72506 -1.92 -0.85
89.61 297.02 13.72506 -4.87 -1.40
320.97 301.34 12.96259 -6.44 2.87
559.41 304.30 12.71001 -6.42 8.12
804.48 306.17 12.27386 -7.13 12.60
1055.79 307.41 11.98282 -6.37 16.37
1313.22 308.18 11.82802 -4.66 18.67
1576.80 308.64 11.80648 -2.64 19.56
1846.70 309.12 11.60262 -0.39 19.58
2123.37 309.88 10.96547 1.88 18.85
2698.91 311.50 8.95470 5.86 17.28
3306.95 312.97 7.08882 7.57 17.57
3952.41 315.45 6.40226 6.60 18.21
4644.13 318.97 4.40501 5.66 19.28
5388.86 321.81 2.92364 6.07 19.44
6194.81 324.35 2.21261 6.17 20.17
7074.31 327.06 1.70929 5.58 21.58
8044.44 330.30 1.10457 5.42 22.62
9131.57 334.73 0.59535 5.72 24.40
10374.04 339.66 0.29846 6.82 27.96
11069.99 341.30 0.17563 7.09 29.23
11825.75 342.22 0.08986 7.30 29.48
12657.72 346.80 0.04999 7.07 30.13
13618.64 370.51 0.04166 19.58 22.15
14776.76 396.56 0.01061 11.36 4.04
16201.52 420.37 0.00492 7.10 3.42
31192.04 878.07 0.00634 -12.79 0.90
