950.00 295.73 13.45331
0.00 295.73 13.45331 -2.69 -0.13
44.93 295.73 13.45331 -4.52 0.39
273.70 297.49 12.68868 -6.99 3.19
508.74 299.89 12.16337 -6.69 6.28
750.27 301.91 11.90552 -4.90 9.08
998.15 303.58 11.62315 -2.79 12.10
1252.65 305.18 11.21189 -0.53 14.77
1513.91 306.53 10.70160 1.48 16.54
1782.10 307.87 9.88156 2.83 17.50
2057.60 309.11 8.66982 3.03 17.42
2630.82 310.67 6.38434 0.98 14.94
3236.49 311.84 5.57172 1.08 15.64
3879.66 314.74 4.57813 1.92 15.73
4568.14 317.42 3.49415 3.60 16.03
5308.80 320.22 2.82449 5.67 17.83
6111.23 323.22 2.24614 7.43 20.36
6988.18 326.25 1.57365 9.32 23.68
7956.00 329.59 0.96506 10.94 26.52
9041.06 334.22 0.53316 10.53 27.45
10281.70 338.64 0.25720 9.44 31.29
10975.45 340.11 0.15196 10.24 32.56
11730.24 342.56 0.09225 14.27 33.86
12570.72 354.23 0.07136 17.68 32.15
13544.69 372.87 0.01782 16.41 22.20
14714.23 398.02 0.00435 10.24 10.88
16136.85 418.82 0.00496 11.33 8.98
31145.11 879.18 0.00618 -12.87 -0.99
