950.00 305.34 13.64121
0.00 305.34 13.64121 -4.17 7.80
17.41 305.34 13.64121 -4.70 8.95
253.27 306.04 12.99791 -7.55 17.05
494.33 306.50 12.61024 -7.73 20.99
740.48 306.91 12.07338 -6.67 23.51
991.99 307.43 11.23581 -4.87 24.83
1249.29 308.44 9.84783 -2.46 24.85
1513.15 310.35 7.57622 1.27 22.62
1784.35 312.22 5.17324 2.76 18.64
2062.75 312.94 4.36607 1.26 16.30
2641.07 313.58 4.18394 -0.28 15.25
3251.28 314.98 2.93469 1.06 14.96
3899.44 317.46 1.33766 2.09 14.69
4593.12 320.51 1.28231 0.36 13.04
5340.73 323.65 0.68278 1.85 14.78
6150.83 326.33 0.40211 0.54 17.51
7034.46 328.43 0.37036 -0.23 20.36
8007.14 331.03 0.49254 0.60 18.97
9097.30 335.77 0.18323 7.96 21.20
10340.28 338.55 0.10279 12.97 23.03
11034.14 340.73 0.06864 15.76 19.05
11792.34 344.66 0.06517 19.14 16.65
12633.03 350.58 0.03095 13.06 16.21
13589.67 364.21 0.03183 4.13 16.69
14733.67 393.18 0.00567 15.16 10.06
16148.75 418.67 0.00497 9.96 -0.62
31099.92 880.05 0.00614 -13.18 0.29
