950.00 296.66 12.69346
0.00 296.66 12.69346 -2.50 1.60
152.54 296.66 12.69346 -4.98 4.94
381.78 297.75 12.18956 -4.98 8.26
616.94 299.96 11.21171 -5.53 9.67
857.67 300.27 11.27492 -6.85 8.32
1103.83 301.23 10.98621 -6.89 7.79
1356.10 302.54 10.69248 -5.99 9.08
1615.08 304.02 10.32660 -5.02 10.58
1881.15 305.51 9.59704 -3.52 11.51
2154.56 306.84 8.79862 -2.31 11.81
2724.36 308.94 6.77091 -0.97 11.16
3326.88 310.84 5.11553 -0.25 9.77
3968.13 313.76 3.88024 0.99 9.85
4654.14 316.40 3.11746 3.65 11.43
5392.48 319.33 2.55652 7.69 14.84
6192.05 321.88 2.00568 10.44 18.21
7064.41 324.60 1.46843 11.99 22.14
8027.83 328.74 0.90315 11.57 27.27
9110.11 333.29 0.53479 6.96 28.19
10345.40 336.96 0.23737 5.52 30.84
11035.69 338.70 0.14236 9.26 35.97
11789.61 343.64 0.09660 17.57 40.12
12634.06 355.08 0.03890 24.05 33.70
13612.42 377.75 0.00889 19.22 18.96
14797.45 402.75 0.00478 8.86 11.19
16236.94 422.02 0.00487 10.34 11.98
31260.49 875.24 0.00636 -13.15 0.38
