925.00 300.23 13.20249
0.00 300.23 13.20249 -1.43 1.95
67.91 300.23 13.20249 -2.89 4.49
304.97 302.04 12.17503 -0.38 9.19
548.21 303.81 12.44342 2.68 11.83
797.79 305.48 12.41282 3.99 13.52
1053.91 306.80 12.29962 4.21 14.75
1316.66 308.03 11.79609 4.19 15.25
1586.43 309.54 10.72782 3.96 14.68
1863.35 310.54 9.21211 3.35 12.85
2439.40 312.07 6.98346 2.29 9.57
3048.21 313.46 5.99512 3.24 10.02
3694.25 316.10 6.00672 2.52 15.37
4387.17 319.48 5.03023 -0.17 21.16
5132.95 321.97 3.71929 -1.68 23.56
5939.40 324.64 2.69042 -0.38 24.26
6820.38 328.11 1.85425 1.82 24.79
7793.88 331.77 1.08987 3.63 25.62
8884.34 335.39 0.60744 3.16 26.73
10127.74 339.79 0.28534 0.84 27.15
10824.30 342.33 0.18247 -1.17 27.54
11583.82 344.37 0.10324 -1.86 29.23
12419.92 347.97 0.05774 1.77 31.83
13387.01 372.83 0.03496 7.90 21.23
14553.18 397.61 0.00483 18.95 11.81
15976.67 417.75 0.00500 10.41 7.39
30929.22 874.80 0.00628 -14.75 0.79
