900.00 299.31 12.01750
0.00 299.31 12.01750 4.05 -1.59
234.61 299.31 12.01750 7.91 -3.94
475.05 300.05 11.77687 5.75 -1.78
721.10 301.11 11.49528 5.16 0.79
973.51 302.87 10.82481 4.94 2.76
1233.22 305.53 10.17019 2.90 5.80
1501.20 308.26 9.72328 1.09 7.91
1777.21 309.80 8.66529 1.65 7.98
2352.21 312.00 5.56073 4.91 8.02
2959.54 313.06 4.03141 5.58 6.98
3603.75 314.96 3.11686 5.64 8.84
4291.85 317.13 3.03684 2.16 12.27
5031.59 319.69 2.84856 1.32 17.78
5832.54 322.39 1.84273 1.89 21.90
6706.36 325.04 1.13980 2.13 25.02
7670.94 328.64 0.93204 3.33 29.78
8753.12 333.62 0.58300 3.21 31.97
9993.56 339.82 0.29042 -0.33 34.03
10691.14 342.61 0.17525 -2.49 37.98
11452.04 345.98 0.09379 -0.93 39.00
12300.11 354.99 0.04286 0.18 28.07
13273.37 372.57 0.01215 14.80 20.47
14446.07 402.46 0.00479 14.42 14.33
15886.22 421.23 0.00488 7.93 8.56
30860.58 876.64 0.00627 -15.44 0.11
