925.00 299.78 13.96479
0.00 299.78 13.96479 -4.37 0.94
123.99 299.78 13.96479 -8.82 2.71
361.68 303.35 12.52352 -7.18 7.21
605.74 304.94 11.47663 -2.78 10.28
856.00 306.53 10.56921 0.28 13.91
1112.63 307.72 10.16562 1.61 17.01
1375.84 308.94 10.08480 2.74 19.22
1646.06 310.14 9.92025 4.39 19.55
1923.47 311.00 9.28963 5.08 18.19
2499.24 311.48 6.60965 4.80 15.48
3106.90 313.17 5.82166 5.58 13.39
3753.13 316.12 4.93555 6.35 14.42
4444.64 318.59 4.07230 6.46 18.06
5187.79 320.99 3.20190 6.07 20.94
5991.98 323.90 2.46124 4.75 22.63
6870.84 327.08 1.65000 2.57 24.50
7841.29 330.49 0.99019 2.21 25.93
8929.33 335.18 0.60421 3.50 27.63
10173.64 340.04 0.31113 2.99 30.89
10869.54 340.76 0.17179 5.04 32.71
11625.80 343.61 0.10056 9.93 30.81
12467.50 352.89 0.07344 6.77 29.06
13433.68 369.03 0.02455 8.52 21.66
14592.92 396.82 0.00497 14.54 11.00
16019.52 420.40 0.00497 9.24 6.97
31006.77 877.54 0.00625 -14.41 0.70
