925.00 297.81 13.59150
0.00 297.81 13.59150 -3.86 -0.86
156.23 297.81 13.59150 -9.06 0.50
391.84 300.87 12.88565 -8.66 6.65
634.52 303.59 11.95097 -4.61 10.89
883.73 304.99 11.03659 -0.51 12.78
1138.91 305.70 10.33764 2.09 14.67
1400.20 306.63 9.94450 3.34 16.98
1668.77 308.85 9.49730 3.96 17.23
1945.21 310.22 7.93962 2.99 15.94
2519.50 311.34 5.97780 0.73 14.27
3126.66 312.79 5.40951 1.53 14.56
3771.45 315.40 4.40126 3.03 14.23
4461.29 318.01 3.49223 4.57 14.65
5203.01 320.43 2.94728 5.99 16.91
6005.90 323.31 2.30449 6.91 20.42
6883.41 326.43 1.56428 6.27 23.89
7851.36 329.60 0.94646 5.97 27.42
8938.17 335.17 0.56530 8.03 27.94
10181.01 339.06 0.28393 7.09 31.60
10875.58 340.69 0.16808 8.50 34.57
11632.45 343.75 0.10609 12.61 33.25
12474.31 353.61 0.06517 13.44 31.66
13444.92 371.28 0.01888 12.67 24.76
14610.28 398.13 0.00484 13.62 10.47
16036.46 418.20 0.00495 9.10 8.65
31036.16 881.37 0.00617 -13.30 -0.20
