925.00 298.92 13.99167
0.00 298.92 13.99167 -5.26 0.42
84.91 298.92 13.99167 -9.07 1.13
322.39 303.58 12.98133 -9.51 5.93
566.92 305.49 12.41823 -5.53 8.85
817.60 306.63 11.75305 -2.93 11.42
1074.49 307.91 11.13009 -1.65 14.09
1337.92 308.88 10.53280 0.04 16.51
1607.92 309.59 10.29801 2.42 18.65
1884.92 310.55 10.17316 5.04 19.64
2460.99 311.52 7.57440 7.60 18.86
3068.71 313.02 6.32901 7.48 18.61
3715.21 316.27 5.29673 7.45 19.77
4407.46 318.92 4.08599 6.58 21.20
5151.46 321.40 3.06111 6.14 22.07
5956.97 324.53 2.28255 4.52 23.06
6837.18 327.44 1.48414 2.53 24.29
7808.67 330.90 1.04900 1.99 24.78
8899.16 336.16 0.66164 1.93 26.38
10145.35 339.90 0.29344 1.80 29.49
10840.89 340.69 0.16592 5.38 30.64
11597.06 343.42 0.09862 7.40 29.94
12436.77 351.26 0.07135 4.87 30.10
13397.39 365.84 0.03474 10.44 24.46
14550.92 396.97 0.00492 15.86 9.90
15978.49 420.93 0.00487 8.42 5.37
30963.61 876.61 0.00627 -14.25 0.78
