925.00 297.86 12.92287
0.00 297.86 12.92287 -3.13 -1.14
167.93 297.86 12.92287 -7.28 -0.49
402.71 298.71 12.56178 -9.41 2.30
642.94 300.15 12.03406 -9.12 5.89
889.40 301.67 11.54183 -7.93 9.02
1142.01 302.67 11.22964 -6.53 11.12
1401.08 303.94 10.80191 -5.22 12.40
1667.16 305.57 10.25678 -4.88 12.61
1940.80 307.08 9.61363 -5.08 12.10
2511.01 308.83 7.93357 -4.08 10.86
3113.55 310.79 6.22416 -0.25 10.72
3754.85 313.76 4.59898 3.22 12.19
4442.09 317.16 3.34854 6.73 14.54
5182.31 320.05 2.41792 9.88 17.73
5983.95 322.80 1.74428 10.75 21.92
6859.44 325.95 1.22887 8.93 26.66
7827.19 329.92 1.02531 7.31 29.80
8913.88 334.95 0.58253 3.82 24.51
10152.89 337.55 0.25096 3.07 28.54
10843.99 339.11 0.14738 5.84 33.63
11599.14 343.71 0.10178 12.96 40.59
12439.11 351.60 0.04414 17.42 38.59
13407.02 375.48 0.01388 22.92 24.37
14589.24 404.02 0.00495 11.03 12.33
16040.36 424.36 0.00481 8.05 13.12
31054.98 876.21 0.00636 -12.75 -0.53
