925.00 298.41 13.66715
0.00 298.41 13.66715 -4.02 0.45
99.57 298.41 13.66715 -7.42 0.57
336.54 302.90 13.02509 -9.36 5.71
580.93 305.63 12.92599 -7.86 10.32
832.00 306.99 12.90869 -6.14 13.32
1089.22 307.78 12.70043 -4.14 14.97
1352.65 308.47 12.36509 -1.92 15.86
1622.50 309.15 11.63655 0.65 16.83
1899.29 310.08 11.11929 3.44 17.94
2475.37 311.69 9.12331 7.37 18.78
3083.62 312.93 6.73021 8.46 19.18
3729.61 315.86 5.60992 7.79 19.73
4421.94 319.25 4.27264 6.43 20.13
5167.18 321.97 3.08184 5.52 20.87
5973.64 324.57 2.26372 4.44 21.89
6853.60 327.25 1.57117 3.13 23.24
7824.52 330.84 1.06003 2.35 24.08
8914.35 335.96 0.64764 2.55 24.75
10160.04 340.19 0.29466 1.68 27.50
10856.75 341.39 0.16373 2.07 28.73
11613.11 342.66 0.08555 1.95 29.33
12447.07 347.61 0.05276 2.45 30.37
13404.12 367.08 0.03195 14.50 25.39
14559.79 397.92 0.00547 15.68 7.82
15988.43 420.67 0.00496 7.41 4.16
30972.22 875.92 0.00631 -13.68 0.79
