925.00 298.49 13.21029
0.00 298.49 13.21029 3.73 -1.30
29.86 298.49 13.21029 4.63 -1.74
265.17 299.46 11.99247 6.91 -2.69
505.73 300.14 11.93727 4.88 -0.03
751.86 301.25 11.62197 4.39 2.82
1004.39 302.99 10.93665 4.76 4.57
1263.92 305.16 10.02813 2.91 6.38
1531.53 308.02 9.02572 0.55 7.51
1807.25 309.64 8.04364 1.42 7.42
2381.80 311.79 5.60854 5.56 7.99
2988.95 313.12 3.86797 6.47 7.18
3633.18 315.03 2.91840 6.56 9.28
4321.36 317.16 2.80119 3.18 12.51
5060.87 319.53 2.66784 1.93 17.89
5861.18 322.12 1.75698 2.32 22.40
6734.39 324.88 0.99589 2.14 25.73
7698.92 328.72 0.77806 3.24 31.03
8781.05 333.42 0.55357 3.56 32.65
10021.13 340.00 0.29297 0.34 35.16
10719.22 342.85 0.17842 -1.72 38.70
11480.47 345.95 0.09415 0.45 39.27
12327.68 354.37 0.04148 1.52 29.23
13298.85 372.21 0.01242 15.73 21.18
14473.69 403.20 0.00479 13.73 13.51
15916.55 421.78 0.00492 6.92 8.44
30894.22 876.40 0.00623 -15.16 0.04
