950.00 296.09 12.79671
0.00 296.09 12.79671 -2.53 -0.21
158.80 296.09 12.79671 -5.68 2.38
388.07 298.44 11.79036 -5.71 5.98
623.98 300.73 11.16655 -5.47 7.15
865.21 301.00 11.23698 -5.49 7.72
1112.15 302.35 10.94401 -4.57 9.46
1365.40 303.66 10.70807 -3.52 11.73
1625.31 305.15 10.32543 -2.97 13.46
1892.36 306.62 9.50184 -2.52 14.20
2166.63 307.77 8.51130 -2.28 13.76
2737.53 309.34 6.51868 -2.02 12.08
3340.61 310.99 5.40575 -1.35 11.78
3982.01 313.84 4.12203 0.36 11.55
4668.41 316.56 3.27508 3.01 12.70
5406.97 319.38 2.75250 6.41 15.32
6206.88 322.17 2.16852 9.01 18.28
7080.59 325.27 1.49879 10.89 22.17
8045.86 329.20 0.93739 11.20 26.90
9129.37 333.62 0.54061 8.05 27.42
10366.29 337.54 0.24347 6.77 29.67
11057.90 339.26 0.14213 9.36 33.86
11812.18 343.23 0.09655 16.23 38.61
12654.80 354.30 0.04715 22.77 34.10
13630.71 376.35 0.00852 19.07 20.36
14812.78 402.23 0.00466 9.01 11.66
16249.73 421.11 0.00490 9.97 11.80
31266.85 876.42 0.00623 -12.83 -0.35
