950.00 297.97 12.28706
0.00 297.97 12.28706 -6.10 0.71
181.40 297.97 12.28706 -7.80 4.21
412.31 300.33 11.64524 -5.37 7.14
649.23 302.09 11.64362 -3.52 10.01
892.12 303.28 11.58651 -2.36 12.99
1140.87 304.44 11.46417 -1.17 15.57
1395.93 305.68 11.38327 0.25 17.30
1657.60 306.90 11.14177 1.82 17.85
1926.07 307.91 10.01571 3.43 17.46
2201.26 308.56 8.28794 4.38 16.78
2773.21 310.12 6.39144 4.28 15.54
3377.71 310.88 5.77598 4.99 15.15
4020.01 314.37 4.88716 5.50 15.04
4708.08 317.34 3.78058 6.42 15.03
5448.91 320.34 3.03098 7.82 17.09
6251.90 323.53 2.40782 8.66 19.74
7129.92 326.59 1.61568 8.83 22.76
8098.92 329.91 1.00941 10.45 25.30
9184.51 334.07 0.57995 12.11 28.31
10424.34 338.50 0.27129 10.18 31.09
11118.19 340.25 0.15915 9.00 31.72
11872.16 341.31 0.08439 11.62 31.59
12706.38 352.18 0.06576 16.60 28.79
13685.04 374.65 0.03545 15.12 15.78
14848.25 395.72 0.00597 10.23 10.63
16271.18 419.84 0.00495 9.64 5.46
31279.74 877.16 0.00619 -12.66 -0.87
