950.00 297.07 12.34814
0.00 297.07 12.34814 -4.39 1.14
196.47 297.07 12.34814 -6.35 5.47
426.91 300.06 11.32689 -3.36 8.48
663.63 301.97 11.29250 -1.65 11.22
906.38 303.22 11.33091 -0.70 13.64
1155.03 304.25 11.27802 0.13 15.77
1409.86 305.45 11.26558 1.11 17.31
1671.33 306.73 10.94028 2.37 18.01
1939.67 307.79 9.93633 3.65 17.83
2214.68 308.37 8.42677 4.29 17.13
2786.12 309.78 6.32700 4.29 15.48
3389.35 310.33 5.88615 5.09 14.69
4031.34 314.43 5.06256 5.55 14.03
4719.31 317.31 3.88026 6.61 14.03
5459.99 320.30 3.09101 8.12 16.01
6262.57 323.32 2.44322 9.14 18.76
7140.11 326.56 1.66860 9.74 21.81
8108.49 329.64 0.98252 10.61 24.24
9192.35 333.41 0.55028 13.14 27.45
10429.42 337.96 0.25726 11.87 30.75
11122.37 340.03 0.15676 9.66 32.22
11875.57 340.74 0.07409 11.46 32.51
12709.27 352.92 0.06770 17.57 26.90
13690.23 375.21 0.03376 14.18 13.92
14857.42 396.98 0.00600 9.24 9.76
16279.38 418.42 0.00494 9.84 5.95
31293.55 875.14 0.00634 -12.00 -0.53
