925.00 299.02 13.42006
0.00 299.02 13.42006 -3.47 1.39
53.01 299.02 13.42006 -5.56 2.44
289.85 302.59 11.69210 -3.97 9.12
533.73 305.43 11.78068 -0.72 14.34
784.61 307.11 11.75249 1.25 17.15
1041.93 308.34 11.52297 2.80 18.46
1305.87 309.53 11.14940 3.87 18.77
1576.64 310.36 10.71122 4.47 18.04
1854.10 310.75 10.21724 4.96 16.85
2430.89 312.22 7.27975 5.96 14.04
3038.88 312.76 6.17527 6.74 13.77
3684.36 315.85 5.73563 6.03 17.11
4376.39 318.95 4.66001 3.80 20.94
5121.09 321.79 3.30512 2.68 22.12
5927.14 324.46 2.47511 2.61 21.97
6807.07 327.33 1.76386 1.34 23.47
7778.16 331.02 1.16895 0.79 25.07
8868.08 335.72 0.61940 1.12 25.44
10113.92 340.56 0.30384 -0.39 26.45
10811.14 341.77 0.17739 -0.81 27.09
11567.56 342.65 0.09111 4.70 28.98
12404.47 350.33 0.05785 7.19 27.55
13367.44 369.27 0.02127 8.45 22.20
14532.23 398.31 0.00497 15.79 10.96
15958.98 418.13 0.00495 9.21 6.40
30927.89 876.53 0.00625 -14.66 0.77
