925.00 299.27 13.55214
0.00 299.27 13.55214 -4.08 0.96
106.44 299.27 13.55214 -8.02 3.20
343.56 302.95 12.55630 -7.29 8.97
587.41 304.60 11.61222 -2.35 11.33
837.27 305.90 10.56562 1.40 13.56
1093.27 306.90 9.96599 2.79 16.44
1355.65 307.96 9.72337 3.37 19.29
1625.09 309.57 9.66251 4.58 19.57
1902.09 310.70 8.29511 4.47 17.67
2476.87 311.34 6.17195 3.22 15.66
3084.63 313.25 5.68934 4.08 14.26
3730.55 315.92 4.77095 5.30 14.21
4421.56 318.40 3.80549 6.09 15.90
5164.17 320.77 3.04874 6.66 18.60
5967.57 323.44 2.41114 6.06 21.60
6845.59 326.83 1.59085 3.77 24.27
7814.86 329.94 0.93828 3.28 26.93
8902.44 335.35 0.56464 5.61 28.20
10146.35 339.61 0.29765 5.34 32.12
10841.58 340.65 0.17014 6.83 34.58
11598.00 343.71 0.10449 10.96 31.76
12440.47 353.59 0.07454 9.59 30.16
13408.63 369.30 0.02803 9.71 23.74
14568.48 397.39 0.00488 14.43 10.79
15995.43 419.59 0.00493 9.54 6.85
30990.49 879.48 0.00623 -13.86 0.84
