925.00 297.97 13.49545
0.00 297.97 13.49545 -2.37 0.43
194.09 297.97 13.49545 -5.74 3.30
430.14 301.84 12.84872 -5.83 8.61
673.92 305.23 12.09765 -3.99 13.17
924.66 306.86 11.67147 -2.28 15.94
1181.60 307.75 11.32813 -0.58 17.33
1444.75 308.31 10.89276 0.99 18.10
1714.24 308.94 10.48332 2.58 18.72
1990.63 309.84 10.04791 4.41 19.10
2565.58 311.06 8.14222 7.01 18.41
3172.66 312.65 6.41526 6.95 19.45
3816.99 314.97 5.69680 6.89 22.00
4507.03 318.12 3.98394 6.78 22.12
5249.57 320.97 3.16896 7.43 21.00
6053.96 323.89 2.51165 7.20 20.82
6933.15 326.98 1.69714 7.07 22.53
7902.43 329.88 1.01081 6.94 24.84
8989.96 335.19 0.60988 7.29 27.54
10233.71 339.34 0.29172 8.77 31.43
10928.59 340.67 0.17382 9.93 31.95
11684.80 343.15 0.10134 12.07 31.01
12522.63 350.45 0.07130 10.74 31.16
13487.07 369.34 0.05499 17.54 23.33
14646.21 397.12 0.00464 10.94 6.53
16068.78 419.78 0.00490 9.97 4.69
31065.93 880.08 0.00632 -13.35 0.12
