950.00 305.19 13.95470
0.00 305.19 13.95470 -4.98 9.20
9.68 305.19 13.95470 -5.52 10.26
245.68 306.13 13.33075 -8.75 19.60
486.92 306.75 12.86503 -8.17 23.66
733.34 307.20 12.31981 -6.41 25.96
985.17 307.85 11.63075 -3.91 26.85
1242.88 308.88 10.43717 -1.30 26.39
1507.23 310.85 7.58398 2.23 23.79
1778.83 312.79 4.55008 3.30 19.97
2057.72 313.76 3.47870 2.03 17.39
2637.57 314.60 3.65206 0.38 14.95
3249.30 315.45 3.20400 1.08 13.84
3897.54 316.96 2.05766 1.72 14.20
4590.26 319.92 1.79059 0.57 14.25
5336.62 323.04 1.00606 1.79 16.20
6145.65 326.03 0.48144 1.18 19.40
7028.92 328.42 0.49489 -0.20 21.43
8001.83 331.30 0.31925 1.76 19.69
9092.98 335.86 0.13541 8.28 20.70
10336.43 338.94 0.13067 12.89 20.32
11031.20 341.04 0.13456 16.22 17.47
11789.71 344.59 0.09509 19.14 16.48
12630.04 350.46 0.03544 14.93 17.84
13586.43 364.32 0.02670 4.38 17.81
14732.77 394.28 0.00557 15.66 9.29
16149.74 418.49 0.00493 10.73 0.91
31104.53 879.84 0.00628 -12.71 0.10
