950.00 294.10 10.96502
0.00 294.10 10.96502 -2.01 1.13
192.83 294.10 10.96502 -3.59 5.86
421.19 298.40 11.06719 -1.14 10.63
656.78 300.50 10.61564 -0.44 11.43
898.06 301.32 10.69053 -0.42 11.33
1144.99 302.31 10.51056 -0.11 11.06
1398.19 303.80 9.92097 0.51 11.49
1658.12 305.37 9.14645 1.23 12.12
1925.19 306.96 8.57435 1.99 12.55
2199.67 308.11 8.20783 2.30 13.07
2771.36 309.92 7.02372 1.79 13.65
3375.97 311.66 5.44046 2.15 11.79
4018.80 314.41 3.64080 2.86 10.83
4705.70 316.69 2.83079 5.42 9.63
5444.50 319.56 2.15601 9.33 12.38
6244.48 322.00 1.66220 12.71 14.97
7117.25 324.71 1.39740 15.16 19.84
8081.14 328.63 0.93787 14.85 25.49
9162.99 333.04 0.53366 14.67 29.11
10397.42 336.90 0.23876 15.00 32.27
11088.11 338.96 0.14691 14.60 35.69
11839.69 340.58 0.07647 15.92 38.24
12679.25 357.35 0.07419 21.16 24.98
13661.74 375.56 0.00920 17.27 12.02
14835.30 398.94 0.00555 9.33 12.06
16263.32 420.40 0.00496 12.01 8.98
31302.47 872.87 0.00627 -11.57 2.15
