950.00 297.75 11.70190
0.00 297.75 11.70190 -3.63 -0.34
150.52 297.75 11.70190 -8.11 0.27
380.42 298.37 11.68924 -10.37 2.61
615.32 298.98 11.59918 -10.43 5.19
855.43 299.76 11.19336 -9.08 6.88
1101.09 300.51 10.47004 -7.51 7.23
1352.37 301.18 9.89973 -6.29 7.41
1609.97 302.46 9.17883 -5.22 7.58
1874.26 303.68 8.32696 -4.25 7.53
2145.78 305.05 7.40904 -3.06 7.63
2712.02 307.49 5.68602 -0.13 9.33
3311.91 309.49 4.37415 2.36 10.73
3949.85 312.21 4.44496 4.12 11.05
4633.44 315.46 3.51294 8.32 13.25
5370.17 318.66 2.69671 12.41 16.83
6168.60 321.48 1.88452 14.37 20.22
7039.86 324.01 1.25531 14.71 23.90
8000.45 327.11 0.87520 13.58 29.83
9078.47 332.79 0.52061 7.18 32.69
10314.17 337.37 0.24724 1.64 37.72
11004.76 338.26 0.13605 3.97 42.22
11758.43 344.20 0.08751 17.38 46.68
12605.28 356.66 0.02981 25.16 36.43
13589.86 378.17 0.01067 19.28 19.22
14774.88 405.66 0.00492 11.96 11.38
16229.62 426.50 0.00486 10.39 11.71
31270.54 876.09 0.00634 -14.58 2.26
