950.00 297.49 10.97436
0.00 297.49 10.97436 -3.52 1.34
129.40 297.49 10.97436 -6.66 2.81
358.91 297.78 10.86911 -8.85 4.57
593.13 298.09 10.72884 -8.56 5.17
832.17 298.22 10.57561 -7.75 4.86
1076.26 298.60 9.58759 -7.03 4.35
1326.06 300.32 7.31923 -6.00 4.34
1582.79 302.32 6.01744 -5.19 5.23
1846.65 303.61 5.82514 -4.55 6.24
2117.71 304.77 5.83255 -3.28 6.52
2683.13 307.60 4.90626 1.16 9.38
3283.12 309.38 4.60022 3.95 12.02
3920.78 311.97 4.33433 5.60 13.27
4603.43 314.86 3.47819 9.02 14.43
5338.71 318.06 2.55597 12.45 16.94
6136.02 321.20 1.78634 14.17 19.95
7006.62 323.59 1.17642 16.67 22.35
7965.42 326.11 0.63743 17.02 27.44
9038.19 330.91 0.42623 15.63 36.62
10270.63 337.03 0.23949 5.81 42.74
10961.43 338.68 0.13671 8.24 47.39
11717.28 345.66 0.07608 20.95 47.66
12568.37 358.05 0.02463 24.77 33.14
13552.13 377.56 0.01080 18.40 20.10
14736.75 405.07 0.00496 13.23 10.79
16191.94 427.97 0.00478 12.40 10.35
31254.38 878.28 0.00620 -15.70 3.99
