925.00 298.68 13.34113
0.00 298.68 13.34113 1.82 0.70
36.15 298.68 13.34113 2.51 1.42
271.51 299.66 12.44110 1.86 3.75
512.24 300.26 12.31216 0.64 6.10
758.53 301.30 11.92267 0.96 8.42
1011.02 302.66 11.29521 2.74 10.41
1270.01 304.06 10.48974 4.43 11.60
1536.32 306.18 9.55854 2.76 11.90
1810.46 307.87 8.73097 0.41 10.64
2382.46 310.42 7.09376 0.67 7.44
2988.01 312.20 5.25430 4.10 6.59
3631.05 314.25 3.55659 7.09 9.12
4318.64 317.51 2.57934 6.40 13.85
5059.52 320.27 2.28578 4.57 18.67
5861.08 322.51 1.49000 3.95 22.69
6734.57 324.70 0.95671 2.72 26.27
7698.97 328.96 0.55754 3.52 31.78
8782.73 333.72 0.17887 6.02 32.96
10021.28 338.90 0.21545 2.69 36.10
10717.18 342.18 0.14765 3.79 40.57
11477.93 345.68 0.09756 6.52 40.13
12322.95 353.27 0.04187 9.61 33.80
13289.68 371.76 0.01414 20.58 23.80
14470.38 404.38 0.00485 11.72 10.81
15919.35 422.84 0.00483 5.11 10.44
30915.27 877.66 0.00627 -13.98 0.23
