925.00 306.58 13.92378
0.00 306.58 13.92378 -4.15 8.95
148.03 306.58 13.92378 -7.32 16.27
389.71 307.26 13.52579 -7.97 22.05
636.60 307.62 13.08116 -6.70 25.14
888.80 308.03 12.41127 -4.41 26.61
1146.69 308.71 11.46366 -1.71 26.73
1410.80 310.01 9.51134 1.34 25.38
1681.87 311.83 6.42064 3.81 22.38
1960.30 313.25 3.82907 3.52 19.28
2539.64 314.61 2.89124 0.92 15.83
3151.48 315.77 2.78141 0.68 13.99
3800.38 317.14 2.36266 1.16 13.87
4493.14 319.72 2.03994 0.00 14.23
5238.92 322.72 1.08665 1.05 16.42
6047.52 326.02 0.48905 1.51 19.80
6930.84 328.42 0.53541 0.37 21.04
7904.11 331.62 0.25132 2.96 19.21
8996.05 336.02 0.15183 8.27 20.14
10240.56 339.32 0.20162 12.31 19.67
10936.00 341.29 0.17315 15.88 17.06
11694.71 344.61 0.10908 19.22 15.86
12534.74 350.40 0.04583 16.97 17.79
13490.72 364.58 0.02177 4.95 17.79
14639.41 394.68 0.00541 15.49 9.00
16055.81 417.74 0.00493 11.87 2.36
31005.76 879.14 0.00617 -12.58 0.27
