925.00 298.69 13.46347
0.00 298.69 13.46347 -2.48 0.45
117.93 298.69 13.46347 -6.05 1.85
353.58 300.01 12.89324 -6.94 5.51
595.07 301.70 12.25625 -4.22 8.96
842.88 303.45 11.29681 0.16 11.45
1096.86 304.18 10.63039 3.34 13.63
1357.29 306.39 9.17835 4.18 14.46
1625.96 309.64 6.86007 1.90 12.60
1902.45 310.53 6.14819 1.17 10.15
2477.23 311.84 5.36257 1.25 7.91
3084.81 313.17 4.52712 2.38 7.96
3729.48 315.10 3.63460 4.50 9.01
4418.09 317.43 2.95281 5.53 12.48
5158.44 319.98 2.45875 6.01 17.66
5959.85 322.73 1.83386 6.07 21.96
6834.56 325.36 1.32058 4.52 25.79
7801.33 329.59 0.81950 4.62 29.50
8887.10 334.52 0.45819 7.65 30.15
10127.75 338.72 0.27854 3.41 32.46
10822.22 341.03 0.16834 5.00 36.98
11580.67 344.73 0.11114 8.29 36.99
12423.29 352.63 0.04040 12.60 32.60
13391.35 372.71 0.01298 19.20 22.92
14568.02 401.76 0.00497 10.86 10.48
16006.14 420.08 0.00488 6.07 11.24
31005.43 879.83 0.00628 -13.17 -0.01
