975.00 287.20 8.77250
0.00 287.20 8.77250 -5.33 3.65
15.30 287.20 8.77250 -5.60 3.88
237.11 296.11 12.34905 -5.89 8.04
466.75 298.94 11.35736 -1.84 8.55
702.63 301.09 11.14164 0.93 10.44
944.73 302.48 11.36263 2.19 12.48
1192.89 303.84 11.16097 2.89 14.15
1447.47 305.28 10.80442 3.70 15.68
1708.71 306.57 10.43026 4.65 16.56
1976.82 307.68 9.68080 5.60 16.81
2251.91 308.53 8.43560 6.14 16.44
2823.73 309.93 6.16102 5.86 15.25
3427.11 310.84 5.71008 5.38 14.05
4069.79 314.74 4.75256 5.27 12.92
4758.17 317.38 3.76343 6.24 12.94
5498.47 319.99 3.03575 7.80 14.27
6299.88 322.80 2.36371 9.33 16.50
7175.76 326.13 1.66917 10.70 19.75
8143.27 329.47 0.99906 11.89 22.59
9225.70 332.82 0.52740 14.14 24.97
10459.62 337.12 0.24409 14.83 28.96
11151.03 339.54 0.15175 12.66 31.61
11903.37 340.42 0.07152 13.72 33.34
12739.98 356.02 0.07599 16.47 24.03
13724.65 375.31 0.02426 13.13 11.05
14889.65 395.09 0.00681 8.41 10.28
16308.65 419.48 0.00501 12.32 6.77
31336.08 874.23 0.00634 -11.05 0.32
