925.00 300.89 13.39149
0.00 300.89 13.39149 -3.97 0.54
163.40 300.89 13.39149 -7.22 1.28
401.07 302.70 12.71861 -2.84 4.66
644.91 304.80 11.99169 0.45 8.55
894.94 305.90 11.27637 1.24 11.63
1151.19 307.28 11.00440 1.94 14.16
1414.21 308.55 10.80512 2.95 16.06
1684.14 309.61 10.59986 4.09 17.66
1961.21 310.45 10.63706 5.33 18.58
2537.44 311.64 8.51395 7.46 18.41
3144.39 312.20 6.60753 7.00 19.01
3790.18 316.28 5.36270 5.02 20.60
4483.28 319.68 4.01287 3.85 21.19
5229.77 322.73 2.66749 4.14 21.26
6038.23 325.44 1.89470 3.74 21.92
6920.15 328.00 1.38246 1.98 23.09
7893.35 331.57 1.11642 0.31 23.10
8985.24 336.53 0.71605 0.67 22.34
10231.28 339.84 0.30105 0.20 24.10
10926.57 340.66 0.16629 2.52 25.31
11681.25 342.27 0.08822 7.07 27.07
12518.52 350.73 0.05375 4.64 26.98
13480.26 367.41 0.02471 8.27 22.05
14636.60 396.71 0.00500 15.90 10.27
16060.44 418.82 0.00498 9.65 5.92
31034.70 876.39 0.00623 -14.39 0.39
