925.00 297.97 12.40728
0.00 297.97 12.40728 -1.61 -0.49
161.47 297.97 12.40728 -5.03 0.36
396.29 298.99 12.08461 -7.80 1.98
636.46 299.74 11.91363 -8.36 3.59
882.50 301.17 11.51159 -7.65 5.29
1134.70 302.30 11.21151 -6.77 6.00
1393.31 303.56 10.60892 -5.74 6.71
1658.80 304.86 9.63411 -3.83 7.45
1931.47 305.99 9.06817 -2.69 7.88
2499.93 308.30 7.94803 -2.68 9.16
3102.06 310.47 6.34741 -2.27 11.04
3742.11 312.89 4.96691 1.96 13.28
4427.11 315.99 3.74213 7.25 14.90
5165.06 319.31 2.45075 10.50 17.61
5965.58 322.52 1.60104 11.69 21.95
6840.33 325.71 1.02637 8.44 26.38
7807.52 329.78 0.89753 5.75 31.66
8894.36 334.64 0.59646 2.79 27.32
10131.54 337.06 0.24557 2.30 31.73
10821.77 338.76 0.14343 5.25 37.57
11577.02 344.23 0.09235 12.34 44.34
12419.79 352.79 0.04939 16.12 39.80
13389.18 375.83 0.01345 23.08 25.71
14573.50 404.67 0.00496 11.40 12.68
16028.13 426.06 0.00475 8.51 12.54
31046.98 875.36 0.00622 -13.20 -0.01
