925.00 299.55 12.36775
0.00 299.55 12.36775 -1.46 0.57
143.96 299.55 12.36775 0.16 3.67
380.81 303.15 12.31573 2.88 9.76
625.16 305.21 12.51634 2.51 12.45
875.68 306.43 12.34741 1.95 14.16
1132.40 307.32 12.14619 1.73 15.94
1395.45 308.22 11.92466 1.92 17.43
1665.01 308.66 11.88541 2.31 18.63
1941.20 309.18 11.59450 2.91 19.66
2516.00 311.03 9.14910 4.05 21.25
3122.36 312.12 6.69874 1.88 22.71
3767.95 316.36 5.27814 -1.50 22.93
4461.73 320.12 4.06080 -2.12 23.29
5209.14 323.04 2.58493 -0.46 23.68
6018.68 326.09 1.83354 1.91 23.59
6902.99 329.00 1.53627 3.80 22.47
7878.51 332.34 1.27166 4.65 21.25
8972.38 337.02 0.71543 5.32 20.91
10220.01 340.44 0.30384 3.02 22.41
10916.57 341.84 0.17839 2.57 22.73
11673.19 342.61 0.09132 4.35 22.84
12504.90 345.45 0.05037 7.73 27.59
13462.77 370.81 0.03761 6.88 22.58
14626.34 397.98 0.00489 17.51 9.87
16049.53 417.31 0.00502 10.95 5.86
30999.93 874.48 0.00623 -13.85 0.66
