950.00 298.58 13.24969
0.00 298.58 13.24969 -6.34 -0.57
173.57 298.58 13.24969 -11.50 1.87
405.14 301.61 12.43672 -8.75 6.94
643.63 304.32 11.91822 -7.64 11.76
888.50 306.02 11.54109 -6.16 15.57
1139.54 307.16 11.27663 -3.74 17.98
1396.61 307.92 11.25721 -0.96 18.50
1659.96 308.59 10.99444 1.75 17.80
1929.71 309.27 10.19661 4.13 16.65
2206.22 309.94 9.12905 6.05 15.94
2780.84 311.20 7.55362 8.98 16.84
3387.79 312.03 6.70796 10.67 19.31
4031.64 314.88 5.85246 10.08 21.54
4721.68 318.26 4.09567 9.57 21.11
5464.88 321.30 3.06078 9.60 20.11
6270.07 324.34 2.32577 8.82 19.90
7150.38 327.48 1.55164 8.52 19.91
8121.69 330.59 0.95669 7.99 20.88
9209.35 334.45 0.56728 7.48 22.93
10450.14 338.67 0.27288 9.18 25.29
11144.31 340.48 0.16718 8.97 26.04
11898.94 341.72 0.08791 9.52 27.56
12731.11 348.36 0.05580 11.31 28.29
13699.58 373.13 0.05294 18.34 16.37
14855.61 392.55 0.01639 10.56 6.48
16276.19 420.50 0.00492 6.71 2.95
31274.87 879.22 0.00618 -12.49 -0.31
