950.00 297.11 12.77934
0.00 297.11 12.77934 -5.36 0.41
195.70 297.11 12.77934 -10.28 3.64
426.06 299.94 11.96497 -6.49 7.67
663.18 302.81 11.63805 -4.44 12.32
906.84 304.38 11.60098 -3.13 15.87
1156.53 305.56 11.37163 -1.38 18.17
1412.38 306.66 11.04536 0.70 19.05
1674.71 307.60 10.74116 2.89 18.54
1943.64 308.39 9.89186 4.83 17.40
2219.21 309.03 8.32955 6.34 16.41
2791.75 310.22 6.35363 8.59 16.87
3395.48 310.60 6.21631 9.99 18.13
4038.01 314.67 5.81422 10.17 18.90
4727.31 318.04 4.76437 10.14 19.64
5470.18 321.29 3.62444 9.76 20.22
6275.11 324.23 2.61336 9.45 20.52
7154.81 327.46 1.69894 9.53 20.50
8125.36 330.27 1.02857 9.29 21.03
9210.44 333.60 0.52937 8.77 22.70
10447.11 337.66 0.24171 7.43 25.70
11139.28 339.78 0.14828 6.22 27.09
11892.28 340.88 0.07487 8.43 28.42
12725.22 351.21 0.06616 14.00 26.51
13700.11 374.01 0.05716 15.33 13.83
14861.95 395.41 0.00850 9.35 7.85
16283.56 418.37 0.00495 7.79 3.69
31287.33 878.10 0.00618 -12.11 -0.65
