900.00 302.32 12.91596
0.00 302.32 12.91596 -4.11 0.69
221.25 302.32 12.91596 -8.48 6.61
465.30 305.36 11.94137 -4.62 11.36
715.87 306.55 11.37090 -1.51 13.70
972.54 307.54 10.86377 -0.26 16.18
1235.58 308.47 10.39582 0.47 18.53
1505.18 309.15 10.22676 2.25 20.62
1781.84 310.26 9.85913 4.51 20.90
2357.03 311.18 7.20640 5.91 19.50
2964.59 313.23 6.09632 5.60 19.56
3610.48 315.86 5.38834 6.35 20.72
4301.82 318.50 4.25811 6.86 21.48
5044.94 321.05 3.22911 7.30 21.69
5849.51 324.02 2.47587 6.31 22.39
6729.04 327.22 1.58789 4.78 23.59
7699.05 330.10 0.98122 4.15 25.31
8787.52 335.68 0.60349 4.61 28.27
10032.34 339.54 0.30089 4.88 32.36
10727.27 340.62 0.17659 7.67 33.12
11483.84 343.69 0.10517 10.53 31.01
12324.68 351.86 0.07788 8.08 31.07
13286.83 366.70 0.04603 12.54 25.57
14443.11 398.08 0.00453 14.77 8.81
15871.19 420.27 0.00496 9.03 4.98
30862.93 878.80 0.00629 -13.84 0.99
