925.00 299.43 13.89158
0.00 299.43 13.89158 -3.62 1.21
116.08 299.43 13.89158 -7.64 3.45
353.15 302.53 12.70669 -6.59 8.17
596.65 304.28 11.58965 -1.96 10.47
846.41 305.92 10.59938 1.61 13.01
1102.44 306.91 10.09499 3.10 15.94
1364.95 308.25 9.88475 3.96 18.32
1634.77 310.05 9.31980 4.78 17.40
1912.02 310.91 7.97297 4.09 15.40
2487.21 311.62 6.10149 2.99 13.46
3095.23 313.41 5.36000 4.07 10.97
3741.17 315.91 4.45573 5.40 10.70
4431.95 318.30 3.73508 5.92 13.82
5174.36 320.68 3.00460 6.23 18.24
5977.47 323.33 2.38740 5.44 21.69
6854.96 326.69 1.61831 3.02 24.67
7824.31 329.96 0.98622 2.49 27.24
8911.15 335.02 0.55524 5.24 28.63
10154.85 339.88 0.30970 4.37 31.72
10850.70 340.89 0.17260 4.81 34.55
11607.32 343.70 0.10214 9.58 32.39
12449.43 353.40 0.06879 8.50 29.29
13418.97 370.75 0.01667 10.01 21.75
14581.42 397.52 0.00503 13.46 11.23
16008.68 419.64 0.00493 9.33 7.76
31001.03 878.53 0.00624 -14.07 0.76
