950.00 297.04 11.17377
0.00 297.04 11.17377 -3.04 0.69
161.51 297.04 11.17377 -6.98 2.40
390.85 297.85 11.03677 -8.53 5.08
625.29 298.43 11.15621 -8.25 7.44
864.83 298.93 11.10613 -7.46 8.67
1109.62 299.25 10.43171 -7.30 8.93
1359.94 300.37 9.35298 -7.04 8.25
1616.87 302.11 8.36358 -6.08 7.72
1880.93 303.80 6.89435 -4.54 7.51
2152.50 305.45 6.03670 -2.36 7.49
2719.35 308.36 4.53675 2.80 9.67
3320.72 310.25 4.27509 5.11 11.18
3959.86 312.58 4.19906 5.53 12.24
4643.55 315.30 3.28812 8.00 12.47
5379.77 318.55 2.49021 12.76 15.52
6178.02 321.41 1.72043 14.67 18.40
7048.96 323.75 1.11450 15.62 20.67
8008.29 326.31 0.64690 17.45 25.48
9081.80 331.19 0.46383 15.30 34.17
10314.60 337.05 0.24023 4.70 39.58
11005.14 338.63 0.14163 8.46 43.97
11760.95 345.32 0.08687 22.62 44.54
12610.55 357.60 0.02365 26.12 31.86
13593.39 377.74 0.01070 18.75 18.72
14777.91 404.50 0.00491 11.74 10.59
16228.77 426.10 0.00477 11.82 11.41
31284.53 876.42 0.00623 -15.00 3.70
