950.00 298.03 11.31595
0.00 298.03 11.31595 -3.75 -0.60
138.89 298.03 11.31595 -7.32 -0.81
368.88 298.41 11.30282 -10.27 0.72
603.72 298.93 11.26891 -10.53 2.82
843.74 299.63 10.81725 -9.10 4.60
1089.14 300.30 9.78146 -7.18 5.76
1340.33 301.48 8.37440 -5.41 6.36
1597.85 302.39 7.92985 -4.32 6.53
1861.81 303.34 7.56396 -3.66 6.37
2132.79 304.39 7.00774 -2.85 6.14
2697.65 306.91 5.71221 -1.01 9.01
3296.62 309.10 4.64644 1.10 12.18
3933.93 311.90 4.53136 3.85 12.50
4616.88 315.03 3.65061 8.82 14.60
5352.44 318.14 2.70642 12.10 17.94
6149.80 321.14 1.85843 14.44 21.52
7020.50 323.88 1.22782 15.39 25.35
7981.26 327.24 0.73392 13.31 31.99
9059.39 332.80 0.54186 6.41 33.13
10294.78 337.16 0.23819 2.14 40.47
10985.23 338.33 0.13311 4.88 45.53
11739.70 344.82 0.08195 16.73 48.61
12588.19 356.96 0.03110 23.56 37.48
13573.27 378.61 0.01013 19.28 19.41
14757.74 405.16 0.00493 12.97 12.13
16214.36 428.04 0.00474 11.26 11.13
31260.64 877.12 0.00635 -15.05 2.70
