950.00 297.00 12.67955
0.00 297.00 12.67955 -4.41 0.01
187.21 297.00 12.67955 -6.72 2.82
417.47 299.70 11.76610 -5.83 5.38
653.82 301.18 11.64084 -4.35 7.03
895.90 302.31 11.62642 -3.23 9.10
1143.95 303.58 11.51005 -1.96 11.90
1398.32 304.89 11.49313 -0.42 14.72
1659.40 306.28 11.25679 1.30 16.73
1927.46 307.61 10.24316 2.78 17.38
2202.60 308.63 8.48366 3.28 17.00
2774.88 310.26 6.40277 1.88 14.53
3379.74 311.28 5.57229 1.82 14.58
4022.12 314.37 4.53680 2.58 14.42
4709.91 317.18 3.41668 4.45 14.63
5450.33 320.23 2.73649 6.79 16.99
6252.81 323.19 2.24143 8.39 20.12
7129.69 326.25 1.60053 9.36 23.83
8097.89 329.74 0.99142 11.44 26.59
9182.92 333.98 0.56173 11.97 28.50
10422.65 338.52 0.25387 10.57 31.92
11116.40 340.16 0.15240 10.39 32.71
11870.53 341.70 0.08667 12.86 33.10
12708.21 354.01 0.07007 17.43 30.42
13685.85 374.11 0.01927 16.47 19.01
14853.34 396.61 0.00508 9.86 11.52
16276.17 419.98 0.00494 11.33 7.27
31286.72 877.66 0.00627 -12.85 -0.92
