900.00 300.94 12.93835
0.00 300.94 12.93835 1.31 -0.35
234.82 300.94 12.93835 0.64 -0.12
476.74 301.80 12.24818 2.07 0.67
724.30 302.81 11.76536 4.93 0.71
978.11 304.50 10.89719 5.69 3.18
1239.01 306.62 10.33631 5.30 7.39
1507.82 309.07 9.96168 4.20 10.57
1784.71 310.81 9.20649 2.10 10.29
2361.20 312.14 7.02086 0.78 6.41
2969.09 312.78 5.23562 2.00 4.55
3612.79 314.66 4.33185 1.53 5.98
4301.42 317.66 4.17505 0.09 12.58
5043.76 320.98 3.50623 0.08 19.25
5847.97 323.60 2.50582 1.28 22.54
6725.25 326.31 1.70455 1.74 25.91
7693.84 330.03 1.06236 2.06 28.97
8778.87 334.14 0.58526 2.91 31.42
10020.99 339.58 0.29562 1.06 31.94
10717.55 342.31 0.18790 -1.37 33.70
11477.99 344.62 0.10708 -3.14 36.09
12318.53 352.58 0.05486 0.30 32.13
13293.57 374.41 0.01492 10.96 20.26
14462.44 399.26 0.00482 16.47 14.60
15894.29 419.63 0.00497 9.69 8.08
30862.13 876.52 0.00625 -15.36 0.83
