925.00 300.59 13.70693
0.00 300.59 13.70693 -0.12 -0.37
117.69 300.59 13.70693 0.91 0.06
355.19 302.33 13.16340 -0.42 7.30
598.86 304.59 13.22091 -1.58 13.02
849.27 306.28 13.36102 -2.36 17.01
1106.01 307.10 13.22254 -2.54 19.34
1368.93 307.84 12.81031 -1.87 20.74
1638.42 308.68 12.26873 -0.75 21.46
1914.93 309.82 11.21103 0.89 21.50
2490.70 311.66 8.15626 2.39 20.25
3098.34 312.92 5.90048 1.18 20.42
3744.79 316.68 4.99254 -1.63 21.58
4438.73 320.21 4.04793 -1.78 22.03
5187.36 324.00 2.47188 0.79 21.79
5999.34 327.10 1.12433 3.64 22.67
6885.21 329.22 1.00054 4.22 22.00
7860.47 331.80 0.95986 5.22 19.68
8951.60 335.94 0.68499 6.12 17.18
10198.71 340.95 0.31100 6.77 18.45
10896.60 342.40 0.18232 7.30 18.37
11654.54 343.17 0.09323 8.38 17.48
12487.94 346.71 0.05181 8.40 19.27
13437.30 363.94 0.02833 6.79 21.72
14585.17 396.81 0.00514 16.98 9.56
16010.14 418.94 0.00495 8.43 3.21
30983.79 876.45 0.00624 -12.85 -0.05
