925.00 298.71 13.92175
0.00 298.71 13.92175 -3.55 -0.01
64.28 298.71 13.92175 -5.81 0.12
301.01 302.19 13.11533 -7.74 5.60
544.82 305.02 13.02233 -6.01 11.76
795.51 306.64 12.95933 -4.07 15.17
1052.46 307.34 12.63468 -2.40 16.77
1315.45 308.18 12.38370 -0.86 17.36
1585.15 308.95 11.26034 1.11 17.81
1861.84 310.16 10.44033 3.23 18.15
2437.69 311.51 8.38201 6.04 18.10
3045.20 312.58 6.41542 7.20 18.58
3691.19 316.23 5.56398 5.94 19.33
4384.46 319.82 4.52422 4.41 20.18
5131.51 322.78 3.30915 3.77 20.44
5940.14 325.35 2.19665 3.50 20.84
6821.85 327.70 1.59902 3.28 22.21
7793.49 330.97 1.06704 2.62 23.57
8882.83 335.82 0.60226 2.44 22.81
10128.11 340.50 0.29695 2.04 23.99
10825.69 342.25 0.17610 1.48 25.03
11583.38 343.02 0.08726 0.68 25.41
12415.96 345.89 0.04485 1.01 26.41
13367.36 366.85 0.03333 10.91 25.43
14522.57 397.73 0.00576 16.57 7.93
15950.14 420.13 0.00492 7.20 3.91
30931.13 875.58 0.00626 -13.34 0.46
