950.00 297.25 11.57607
0.00 297.25 11.57607 -3.40 0.54
169.30 297.25 11.57607 -7.57 2.85
398.91 298.04 11.43275 -8.96 6.34
633.51 298.61 11.45538 -8.63 9.32
873.40 299.47 11.20633 -8.01 9.98
1118.61 299.64 10.92501 -7.53 8.93
1369.31 300.67 9.87839 -6.68 8.00
1626.58 302.28 8.88859 -5.79 7.77
1890.89 304.06 7.66882 -4.07 7.53
2162.77 305.60 6.88014 -1.65 7.69
2730.26 308.50 5.33369 2.71 9.37
3332.03 310.59 4.29221 3.99 9.80
3972.01 313.00 4.12641 4.28 10.62
4656.57 315.73 3.24117 6.96 11.48
5393.78 318.95 2.46421 11.78 15.01
6192.77 321.65 1.73537 13.98 18.10
7064.14 323.93 1.16564 14.77 21.14
8024.14 326.79 0.82149 15.53 26.66
9100.12 331.93 0.48806 10.66 32.72
10333.78 336.93 0.23806 3.53 36.82
11023.72 338.37 0.13907 7.61 41.47
11778.96 345.11 0.09558 21.30 43.22
12627.34 356.93 0.02336 25.97 32.53
13609.67 378.02 0.01038 19.28 18.22
14795.01 404.33 0.00491 10.56 10.67
16243.22 424.88 0.00480 11.03 12.08
31287.15 875.07 0.00633 -14.35 2.62
