925.00 299.74 14.00494
0.00 299.74 14.00494 -0.94 1.17
68.60 299.74 14.00494 -2.50 2.56
305.28 301.79 12.42430 -3.11 6.24
548.18 303.59 11.85063 0.44 7.54
797.59 305.51 11.14478 3.37 8.49
1053.36 306.44 10.40688 4.70 10.08
1315.51 307.92 10.08034 5.29 12.36
1585.41 310.44 9.52031 4.52 13.21
1863.17 311.62 8.04805 2.80 11.35
2439.99 312.17 6.06399 2.33 8.17
3047.83 313.41 4.90853 3.13 6.10
3692.70 315.19 4.16664 4.46 6.47
4381.77 317.52 3.92522 4.51 12.34
5123.01 320.34 3.33638 4.36 19.22
5925.72 323.16 2.32554 4.24 22.52
6802.64 326.39 1.55490 2.64 26.32
7771.87 330.22 0.99847 2.67 29.43
8858.79 334.73 0.59749 3.31 30.63
10101.67 339.89 0.29386 0.64 30.77
10798.58 341.89 0.17897 -1.67 32.44
11556.84 343.84 0.10110 3.35 35.18
12395.64 350.66 0.05583 5.69 29.71
13362.17 372.48 0.01498 12.61 21.88
14533.03 400.81 0.00487 13.67 11.73
15968.34 419.55 0.00494 7.45 8.09
30946.58 877.32 0.00622 -14.74 0.41
