925.00 299.02 13.39728
0.00 299.02 13.39728 -1.65 0.73
125.80 299.02 13.39728 -4.98 2.33
361.74 300.34 12.95205 -5.64 5.91
603.48 301.97 12.24951 -2.70 8.81
851.47 303.68 11.18679 1.50 10.91
1105.69 304.49 10.46259 4.34 13.09
1366.24 306.46 9.40286 4.70 13.80
1635.07 309.82 6.93084 2.25 11.81
1911.66 310.57 6.18934 1.52 9.37
2486.43 311.85 5.39713 1.94 7.29
3094.12 313.33 4.50486 2.75 7.31
3738.97 315.13 3.61614 4.81 8.40
4427.58 317.42 3.03487 5.16 12.13
5168.00 320.01 2.45020 5.66 17.68
5969.44 322.69 1.75093 5.63 22.14
6844.12 325.43 1.31974 3.78 26.22
7811.15 329.57 0.83433 3.62 29.98
8896.62 334.51 0.46126 6.57 30.49
10137.72 338.97 0.28618 3.05 32.78
10832.85 341.26 0.17173 3.54 37.08
11591.30 344.65 0.10924 6.88 36.56
12434.08 352.81 0.04169 10.87 31.60
13402.75 372.59 0.01268 17.76 22.82
14578.66 401.76 0.00500 11.19 10.36
16015.50 419.65 0.00491 6.27 10.46
31011.88 879.02 0.00632 -13.50 0.37
