925.00 297.60 12.34994
0.00 297.60 12.34994 5.15 -1.98
26.17 297.60 12.34994 5.79 -2.30
260.58 298.47 10.95383 9.68 -4.98
500.28 299.35 11.03504 6.93 -3.57
745.69 300.48 11.28917 4.16 -0.09
997.51 302.20 10.97153 2.93 2.94
1256.25 303.98 10.20529 1.54 5.25
1522.76 306.80 9.27565 -0.33 6.37
1797.67 308.89 8.22700 1.34 6.81
2371.33 311.51 5.76487 6.47 8.52
2977.99 312.76 3.89770 8.07 8.04
3621.52 314.78 2.82898 7.87 10.83
4309.49 317.23 2.78184 3.17 13.85
5049.30 319.68 2.63563 1.32 18.33
5849.87 322.17 1.81602 2.06 22.27
6723.02 324.75 1.03162 2.31 25.11
7686.66 328.33 0.73253 3.33 30.36
8767.67 333.07 0.53047 3.32 32.24
10006.83 339.88 0.27833 0.38 34.92
10704.62 342.63 0.16500 -1.30 39.97
11465.77 346.53 0.09158 0.94 39.40
12315.17 355.05 0.04020 1.80 29.48
13286.70 372.05 0.01264 16.84 21.26
14463.07 403.95 0.00472 13.72 13.60
15908.12 422.28 0.00484 6.73 8.66
30885.28 876.23 0.00620 -15.34 0.01
