925.00 299.32 13.49744
0.00 299.32 13.49744 -2.21 0.48
158.37 299.32 13.49744 -6.14 2.63
394.58 300.97 12.90666 -6.02 6.76
636.89 302.71 12.16827 -2.68 9.48
885.49 304.42 11.13866 1.30 11.37
1140.26 305.18 10.33030 3.70 13.55
1401.32 306.95 9.46715 4.31 14.49
1670.46 309.92 7.38766 3.17 12.12
1947.20 310.64 6.45258 2.09 10.39
2522.23 312.07 5.37945 1.78 8.96
3130.30 313.38 4.61685 2.63 8.03
3775.38 315.27 3.77128 4.57 8.26
4464.37 317.61 3.11857 5.21 11.63
5205.23 320.18 2.56658 5.96 16.99
6007.20 322.86 1.95309 5.78 21.68
6882.59 325.77 1.41809 3.61 25.52
7850.39 329.71 0.84721 3.30 29.16
8936.31 334.70 0.50113 6.69 29.76
10178.18 339.13 0.28393 4.04 32.12
10873.36 341.12 0.16758 4.26 36.23
11631.20 344.33 0.10642 7.80 35.28
12473.83 353.18 0.04586 10.71 30.63
13444.13 372.48 0.01018 15.63 22.61
14616.06 400.23 0.00505 11.49 10.69
16048.37 419.05 0.00492 7.34 9.93
31045.05 879.40 0.00621 -13.54 0.48
