950.00 295.92 12.87107
0.00 295.92 12.87107 -2.38 -0.08
175.84 295.92 12.87107 -5.18 2.70
405.08 298.72 11.70265 -5.32 6.13
641.06 300.73 11.27638 -5.15 6.53
882.44 301.25 11.30400 -4.93 7.11
1129.55 302.53 11.09317 -3.76 9.14
1383.00 303.91 10.90544 -2.43 11.83
1643.17 305.36 10.48145 -1.48 13.97
1910.37 306.76 9.62547 -0.99 15.11
2184.79 307.98 8.67330 -1.01 14.85
2756.18 309.56 6.64511 -1.53 12.79
3359.51 311.01 5.56463 -1.20 12.58
4001.12 313.92 4.28725 0.25 12.11
4687.72 316.62 3.29734 2.79 12.87
5426.41 319.43 2.71555 6.16 15.42
6226.47 322.26 2.16297 8.68 18.47
7100.54 325.44 1.49677 10.69 22.37
8066.34 329.26 0.96259 11.22 26.70
9149.85 333.53 0.54064 8.86 27.49
10387.02 337.73 0.24507 8.06 30.21
11079.10 339.48 0.14358 10.12 34.14
11833.12 342.86 0.09330 15.75 37.73
12675.99 354.81 0.05626 22.04 32.81
13651.75 375.93 0.00801 18.38 20.21
14832.35 401.10 0.00465 9.07 11.60
16265.21 420.56 0.00493 10.64 11.19
31281.78 876.48 0.00624 -12.85 -0.47
