950.00 298.84 9.96814
0.00 298.84 9.96814 -3.66 1.74
66.77 298.84 9.96814 -5.25 2.36
297.29 299.05 9.94230 -8.61 4.10
532.26 299.14 9.79975 -9.10 4.43
771.97 299.14 9.66946 -8.44 3.82
1016.64 299.27 9.40664 -7.30 2.93
1266.65 299.82 8.38557 -5.69 1.76
1522.90 301.48 6.21583 -4.35 1.50
1785.99 302.64 6.02839 -3.64 3.13
2056.19 303.83 5.82083 -2.57 4.55
2619.77 306.22 5.69685 0.24 8.89
3217.45 308.58 4.99718 2.46 11.90
3853.98 311.52 4.43757 5.15 14.26
4536.07 314.73 3.39795 8.80 16.48
5270.91 317.74 2.37032 11.27 18.23
6067.28 320.94 1.70932 12.95 21.42
6937.40 323.52 1.03244 17.38 24.82
7896.17 326.22 0.51175 16.13 31.33
8969.69 331.00 0.27133 13.28 40.09
10200.03 336.08 0.20570 7.90 44.96
10889.71 338.78 0.12168 12.12 52.47
11647.09 346.89 0.06447 19.07 46.96
12501.08 358.72 0.02169 20.59 32.70
13485.76 378.18 0.00934 18.08 20.97
14670.18 404.16 0.00510 13.84 11.70
16125.22 429.33 0.00485 14.05 9.83
31197.18 880.69 0.00624 -16.32 4.53
