900.00 301.85 12.15790
0.00 301.85 12.15790 -2.49 1.16
216.89 301.85 12.15790 -3.56 5.77
460.12 304.32 11.84448 0.05 9.24
710.07 306.01 11.90207 2.67 11.47
966.56 307.31 11.80277 3.66 13.85
1229.68 308.50 11.57973 3.96 15.92
1499.81 309.91 11.08547 3.88 16.54
1777.27 310.99 10.00962 3.23 14.62
2354.34 312.46 6.95376 2.29 9.42
2963.17 313.32 5.71863 3.08 7.18
3607.97 315.30 5.55037 2.94 11.22
4299.05 318.67 4.87483 1.17 19.18
5043.12 321.46 3.69359 0.35 22.65
5848.25 324.01 2.69701 1.36 23.35
6727.77 327.52 1.77791 2.05 24.80
7699.44 330.97 1.08747 2.99 27.06
8788.43 335.28 0.61594 2.25 28.83
10033.40 340.39 0.30679 -0.24 28.28
10731.03 342.48 0.18783 -1.97 28.39
11490.20 343.86 0.09982 0.59 30.68
12326.91 349.25 0.05782 6.09 30.45
13290.58 370.60 0.02280 7.73 22.43
14457.77 398.83 0.00480 17.07 12.73
15887.89 418.97 0.00494 9.04 6.73
30852.88 876.17 0.00619 -14.91 0.99
