950.00 298.81 10.35589
0.00 298.81 10.35589 -3.89 -0.19
79.88 298.81 10.35589 -6.44 -0.00
310.29 299.00 10.42388 -9.57 0.56
545.41 299.36 10.33889 -10.09 1.61
785.43 299.52 10.26725 -9.41 2.94
1030.64 300.01 9.64201 -7.95 4.07
1281.44 300.93 8.27124 -6.12 4.68
1538.45 301.90 7.48119 -4.74 4.84
1801.90 302.70 7.19678 -3.95 4.92
2072.35 303.95 6.64306 -3.06 4.98
2636.98 307.20 5.65840 -0.98 9.90
3235.60 308.49 5.30308 0.34 12.44
3871.83 311.50 4.75383 3.35 13.43
4554.20 314.74 3.60668 8.93 16.29
5288.74 317.60 2.60383 11.50 18.70
6084.85 320.75 1.79241 14.22 22.76
6955.02 323.82 1.12468 15.91 27.06
7915.68 327.25 0.51877 12.54 34.36
8993.75 332.63 0.51910 6.03 35.07
10227.56 336.58 0.23287 3.32 43.62
10917.09 338.30 0.12928 7.62 50.18
11673.05 346.07 0.07711 16.15 48.93
12524.64 357.79 0.02769 21.19 37.22
13510.79 379.36 0.00922 19.16 20.13
14695.72 404.24 0.00511 12.96 12.69
16151.63 429.06 0.00476 12.64 10.79
31203.92 878.26 0.00620 -15.42 3.16
