925.00 300.64 13.77298
0.00 300.64 13.77298 -4.44 0.88
143.87 300.64 13.77298 -9.79 2.39
382.12 303.75 12.40954 -6.60 6.21
626.54 305.42 11.55483 -2.60 10.47
877.12 306.78 10.90006 -0.42 14.33
1134.06 308.03 10.60559 1.01 16.60
1397.56 309.17 10.32707 2.66 17.81
1667.92 310.20 9.92155 4.33 18.29
1945.46 311.09 9.76296 5.61 18.22
2522.19 311.91 7.34400 6.96 16.09
3129.88 312.85 6.06390 7.54 15.55
3776.03 316.17 5.37234 7.21 17.65
4468.21 318.96 4.29238 5.88 20.35
5212.50 321.54 3.15450 4.88 21.45
6018.14 324.37 2.37478 3.51 22.23
6897.82 327.27 1.58750 1.39 24.37
7869.03 331.06 1.08400 0.24 25.40
8959.67 336.04 0.63761 0.66 25.23
10205.61 340.16 0.29709 0.47 27.26
10901.61 340.91 0.16520 3.53 28.94
11657.57 343.24 0.09313 8.83 29.07
12497.64 351.83 0.06128 5.42 27.76
13460.86 367.69 0.02416 8.19 21.60
14619.13 396.64 0.00505 15.39 10.47
16043.64 419.51 0.00495 9.15 6.73
31022.18 876.76 0.00629 -14.65 0.47
