925.00 299.87 12.24009
0.00 299.87 12.24009 -2.59 1.69
106.43 299.87 12.24009 -2.74 6.10
343.35 303.09 12.20833 1.15 12.50
587.92 305.63 12.70260 2.35 16.19
838.89 306.99 12.35389 2.41 17.36
1096.09 307.92 11.92086 2.56 17.94
1359.55 308.71 11.59537 3.00 18.01
1629.50 309.20 11.25013 3.75 17.72
1906.01 309.64 10.80466 4.60 17.37
2481.30 311.48 8.51538 5.23 17.72
3088.55 312.49 6.79360 3.82 20.18
3734.60 316.29 5.83491 1.34 22.12
4427.97 319.70 4.71907 -0.84 23.19
5174.36 322.33 3.21094 -0.72 23.58
5982.04 325.24 2.29162 0.88 23.51
6864.44 328.44 1.72388 2.43 23.41
7838.76 332.20 1.27725 3.57 23.13
8932.18 336.63 0.66913 4.00 23.26
10177.87 340.12 0.29346 1.66 24.10
10874.32 342.03 0.17618 -0.23 24.55
11631.81 343.15 0.09296 0.51 25.28
12464.70 345.88 0.05105 4.25 29.59
13426.13 372.33 0.04362 7.02 21.62
14591.59 398.00 0.00483 18.28 10.32
16015.08 417.46 0.00503 10.67 6.43
30965.95 874.46 0.00623 -14.20 0.72
