925.00 299.07 12.67673
0.00 299.07 12.67673 0.41 -1.10
184.06 299.07 12.67673 3.34 -1.05
420.72 302.55 12.26505 3.78 4.11
664.51 304.62 12.31566 2.29 7.08
914.57 305.90 12.27894 1.13 10.34
1170.85 306.82 12.24317 0.26 13.62
1433.52 307.76 12.07669 -0.18 16.52
1702.76 308.39 11.86404 -0.08 19.12
1978.84 309.20 11.33876 0.46 21.09
2553.44 310.82 9.22139 1.97 22.99
3159.77 312.42 6.43323 -0.22 22.94
3805.66 316.51 5.09233 -3.74 22.20
4499.75 320.40 3.54260 -3.30 22.69
5247.82 323.57 2.04176 -0.61 23.50
6058.79 326.78 1.36434 2.42 23.70
6944.63 329.58 1.23159 5.06 21.32
7921.83 332.65 1.05831 6.26 19.31
9015.35 336.78 0.73063 6.51 19.24
10263.18 340.44 0.31494 4.99 20.64
10959.84 341.79 0.18362 6.52 20.53
11716.46 342.54 0.09273 8.88 20.47
12548.38 345.99 0.05173 11.38 25.24
13504.41 369.00 0.03114 7.16 23.08
14665.13 397.72 0.00496 16.71 9.62
16087.85 417.19 0.00500 11.26 5.28
31038.31 874.72 0.00627 -13.48 0.58
