925.00 297.45 12.25679
0.00 297.45 12.25679 5.32 -2.28
15.05 297.45 12.25679 5.10 -2.13
249.33 298.27 10.89532 10.52 -5.90
488.86 299.17 10.83081 8.03 -5.26
734.14 300.32 11.05357 5.11 -1.97
985.80 302.02 10.76801 3.37 1.22
1244.65 304.37 10.17873 1.54 4.50
1511.59 307.17 9.66538 0.13 6.64
1786.80 309.08 8.53834 1.60 7.31
2360.99 311.80 5.61575 5.71 8.52
2967.94 312.81 4.01417 7.23 7.88
3611.54 314.70 3.09956 6.91 10.51
4299.36 317.11 3.08040 2.02 13.57
5039.15 319.71 2.85764 0.86 18.15
5840.10 322.39 1.91622 1.95 21.80
6713.86 324.98 1.18608 2.62 24.47
7677.94 328.33 0.89418 3.78 29.04
8759.07 333.28 0.55250 3.02 31.00
9998.34 339.60 0.28171 -0.55 33.42
10695.41 342.24 0.16251 -2.19 39.29
11456.21 346.85 0.09236 -0.11 39.00
12307.08 355.69 0.04228 0.80 27.90
13280.34 372.38 0.01235 15.99 20.50
14454.62 403.29 0.00472 14.40 14.39
15896.92 421.54 0.00486 7.48 8.84
30870.46 876.53 0.00625 -15.61 0.05
