950.00 297.74 12.72249
0.00 297.74 12.72249 -6.20 0.09
179.36 297.74 12.72249 -10.06 4.13
410.23 300.50 12.02658 -6.75 8.68
647.62 302.97 11.66216 -4.61 13.00
891.32 304.43 11.48160 -3.21 16.48
1141.07 305.69 11.18516 -1.37 18.56
1397.09 306.86 11.08362 0.68 19.06
1659.66 307.90 10.61043 2.79 18.18
1928.71 308.60 9.16015 4.71 16.87
2204.29 309.01 7.71648 6.02 16.18
2776.87 310.49 6.50118 7.53 16.79
3381.81 311.05 6.16047 9.45 18.02
4024.84 314.65 5.48507 9.71 18.39
4713.68 317.61 4.38758 9.70 18.22
5455.46 320.72 3.39239 9.30 18.99
6259.47 323.95 2.51880 8.75 20.04
7138.89 327.12 1.62643 8.49 21.00
8109.08 330.25 0.97308 8.81 22.92
9195.54 334.21 0.57140 9.48 26.01
10435.57 338.49 0.26742 8.77 28.49
11129.38 340.29 0.16114 7.83 29.23
11883.24 341.23 0.08351 10.77 29.82
12716.64 350.75 0.06371 15.26 27.95
13691.43 374.09 0.05402 15.40 14.52
14850.82 394.36 0.00839 10.09 9.04
16272.78 419.81 0.00496 8.20 3.88
31277.27 878.23 0.00620 -12.57 -0.72
