925.00 301.75 13.56838
0.00 301.75 13.56838 2.67 -0.81
187.72 301.75 13.56838 5.59 -1.65
425.85 303.18 12.73110 4.36 1.54
669.84 304.97 12.64555 2.31 6.35
920.35 306.52 12.51544 0.47 11.00
1177.22 307.52 12.23522 -0.80 15.10
1440.40 308.25 11.88534 -1.37 18.37
1709.91 308.71 11.61383 -1.31 20.88
1986.22 309.46 11.22093 -0.46 22.78
2561.00 310.99 9.02300 1.82 23.37
3168.33 313.25 5.71620 -0.13 21.23
3814.94 316.68 4.67000 -3.43 20.15
4508.62 320.13 3.31038 -3.59 20.86
5256.15 323.58 1.66825 -1.26 22.44
6067.60 327.14 0.96483 1.25 23.67
6954.46 330.12 0.79053 4.05 20.30
7933.55 333.26 0.66850 6.77 17.16
9026.81 335.71 0.71779 6.32 17.80
10271.69 339.91 0.30126 8.47 17.90
10968.45 342.01 0.18638 12.28 16.86
11726.34 343.22 0.09707 14.67 17.00
12561.07 348.16 0.05459 15.31 21.30
13516.08 366.03 0.02432 7.08 21.99
14671.39 396.64 0.00505 15.83 9.33
16092.69 417.10 0.00501 11.80 4.27
31043.96 875.84 0.00630 -12.80 0.42
