950.00 297.55 11.86202
0.00 297.55 11.86202 -3.68 -0.05
154.13 297.55 11.86202 -7.71 0.92
384.02 298.32 11.79103 -10.12 3.77
618.86 298.82 11.79766 -10.30 6.55
858.90 299.64 11.30905 -9.33 8.14
1104.44 300.35 10.74896 -8.17 7.77
1355.62 301.02 10.24569 -7.15 7.47
1613.22 302.47 9.55000 -6.02 7.58
1877.66 303.91 8.62775 -4.85 7.58
2149.51 305.40 7.62722 -3.12 7.81
2716.51 307.83 5.90419 0.65 9.27
3316.94 309.76 4.39344 2.89 9.86
3955.44 312.50 4.36514 4.16 10.36
4639.59 315.70 3.43409 7.74 12.55
5376.88 318.94 2.64585 12.13 16.23
6175.84 321.63 1.87363 14.02 19.63
7047.34 324.06 1.25666 14.31 23.38
8007.92 327.16 0.90939 13.40 29.10
9086.08 332.68 0.52146 7.39 32.59
10321.31 337.29 0.24447 1.79 36.78
11011.66 338.21 0.13648 4.31 40.92
11765.27 344.16 0.09077 17.88 45.54
12611.81 356.60 0.02815 25.51 35.73
13595.88 378.03 0.01071 19.40 19.18
14781.26 405.59 0.00493 11.30 11.09
16234.21 425.69 0.00485 10.18 11.98
31272.85 875.65 0.00627 -14.33 2.05
