950.00 295.89 11.11280
0.00 295.89 11.11280 -2.27 1.61
187.82 295.89 11.11280 -4.25 6.28
416.58 297.65 11.08993 -2.36 10.09
651.44 299.47 10.73854 -1.71 10.86
891.86 300.19 10.68041 -2.27 10.29
1137.77 300.85 10.63536 -2.09 10.22
1389.56 301.94 10.26884 -1.80 10.61
1647.92 303.53 9.14910 -1.59 10.66
1913.54 305.74 7.92725 -0.58 10.26
2187.18 307.61 6.98510 0.57 9.55
2757.80 309.73 6.11366 2.35 10.86
3362.32 311.95 5.12697 3.71 11.50
4005.31 314.38 3.37650 4.00 11.38
4691.86 316.50 2.66724 5.82 8.60
5430.37 319.46 1.97107 9.59 11.98
6230.02 321.83 1.40192 12.97 14.39
7102.03 324.34 1.06614 16.15 18.58
8063.88 327.59 0.86311 17.41 24.62
9143.39 332.78 0.52031 13.81 30.39
10377.96 337.00 0.24052 12.62 34.87
11069.07 339.30 0.14612 14.58 38.82
11821.77 341.61 0.08173 17.09 40.05
12663.83 355.93 0.08044 24.55 26.59
13641.83 375.99 0.00841 17.67 13.07
14818.24 401.28 0.00488 10.81 11.97
16257.28 422.60 0.00488 10.97 9.90
31301.16 873.11 0.00631 -12.47 3.25
