950.00 297.49 12.44144
0.00 297.49 12.44144 -4.72 0.54
186.42 297.49 12.44144 -8.61 4.96
417.04 300.15 11.67371 -5.19 8.52
654.02 302.43 11.44809 -3.13 12.42
897.24 303.78 11.49118 -1.93 15.70
1146.39 304.91 11.29903 -0.66 17.90
1401.75 306.11 11.14026 0.74 18.94
1663.73 307.27 10.76256 2.52 18.76
1932.43 308.18 9.59067 4.21 17.85
2207.67 308.62 8.00581 5.21 16.92
2779.39 309.98 6.28344 6.19 16.31
3382.97 310.51 5.99283 7.69 16.54
4025.40 314.59 5.33509 8.24 16.39
4713.91 317.57 4.28394 8.68 16.62
5455.48 320.69 3.36314 9.02 18.10
6259.21 323.80 2.53714 9.16 19.86
7138.04 326.99 1.67410 9.27 21.30
8107.49 329.93 1.00267 9.61 23.00
9192.20 333.63 0.55611 10.90 26.13
10430.14 338.13 0.25550 9.53 29.21
11123.33 340.15 0.15407 7.87 30.36
11876.74 340.84 0.07533 10.50 30.70
12710.19 351.81 0.06704 16.51 26.89
13687.88 374.64 0.04846 13.90 13.89
14851.45 396.06 0.00661 9.48 9.07
16273.52 418.63 0.00498 8.81 4.66
31281.57 876.83 0.00630 -12.23 -0.79
