925.00 299.63 13.71176
0.00 299.63 13.71176 0.23 0.56
82.83 299.63 13.71176 -0.66 1.72
319.18 300.88 12.91209 -1.95 5.00
561.28 302.31 11.98641 0.95 6.67
809.47 303.97 11.19155 4.27 7.86
1064.02 305.07 10.40531 6.19 9.47
1325.11 306.94 9.99184 5.98 11.16
1594.39 310.02 8.69403 3.34 11.32
1871.55 311.05 7.03169 1.45 9.82
2447.34 312.01 5.67843 2.44 7.94
3055.21 313.62 4.45773 3.25 6.26
3700.54 315.38 3.40816 4.66 6.56
4389.17 317.24 3.21556 4.57 10.90
5129.32 319.89 2.84349 4.71 17.99
5930.73 322.64 1.95010 4.52 22.58
6806.12 326.00 1.37007 2.73 27.04
7774.55 330.00 0.89612 3.05 30.62
8860.74 334.57 0.58971 4.22 31.00
10102.45 339.56 0.29194 1.51 32.12
10799.11 341.96 0.18268 -0.97 34.54
11558.02 344.36 0.10641 3.27 36.75
12399.01 351.84 0.04984 5.57 29.89
13367.02 372.06 0.01268 14.46 22.17
14539.21 401.93 0.00488 13.03 11.55
15977.27 419.88 0.00494 6.80 8.58
30960.00 877.26 0.00621 -14.49 0.33
