950.00 305.99 12.25126
0.00 305.99 12.25126 -4.67 7.15
138.76 305.99 12.25126 -8.76 14.78
375.54 306.86 12.20512 -9.47 20.05
617.10 307.26 11.93584 -8.00 22.49
863.67 307.44 11.56534 -5.98 23.42
1115.50 307.87 11.00708 -3.75 23.43
1373.08 308.63 10.19545 -1.32 22.89
1636.97 309.84 8.95387 1.60 21.22
1907.75 311.17 7.54002 3.46 18.43
2185.75 312.33 6.26180 3.80 15.25
2764.37 313.87 4.81964 3.58 12.25
3375.09 314.54 4.97191 3.71 14.94
4022.16 316.30 2.87399 3.66 16.46
4714.44 320.09 2.26837 1.24 15.23
5462.07 323.77 1.12732 4.12 17.13
6272.91 326.61 0.40230 2.82 20.76
7156.74 328.33 0.38215 1.58 22.83
8128.79 330.68 0.40642 2.17 20.65
9217.06 335.03 0.09803 8.41 20.48
10458.32 338.48 0.10647 13.89 20.98
11152.74 341.09 0.08472 15.04 19.27
11911.19 344.14 0.07749 15.28 17.28
12747.49 347.78 0.05312 12.21 16.97
13698.48 365.47 0.02516 7.69 21.33
14850.22 394.82 0.00611 17.70 10.33
16265.81 416.52 0.00497 6.39 -0.29
31241.25 880.44 0.00620 -12.06 0.62
