950.00 296.71 12.47824
0.00 296.71 12.47824 -5.16 2.09
216.60 296.71 12.47824 -6.73 5.99
446.70 299.51 11.46194 -3.08 8.30
683.10 301.75 11.37964 -0.69 11.37
925.79 303.18 11.47766 0.39 13.99
1174.45 304.31 11.30636 1.14 16.13
1429.35 305.59 11.15017 1.99 17.57
1690.92 306.86 10.80913 3.14 18.09
1959.32 307.87 9.90879 4.38 17.82
2234.43 308.47 8.48863 5.19 17.10
2805.97 309.75 6.26189 5.58 15.84
3408.74 310.22 5.93818 6.28 15.25
4050.88 314.65 5.17924 6.63 14.73
4739.37 317.54 4.07612 7.30 14.87
5480.50 320.47 3.25065 8.35 16.33
6283.44 323.46 2.48292 9.19 18.48
7161.11 326.66 1.71164 9.97 20.90
8129.64 329.67 1.00389 10.69 22.77
9212.87 333.09 0.53779 12.63 25.66
10448.31 337.57 0.25003 12.17 29.46
11140.54 339.86 0.15409 9.89 31.36
11893.43 340.59 0.07140 11.48 32.05
12727.60 353.52 0.07098 17.03 25.84
13709.37 375.41 0.03607 13.31 12.68
14875.74 396.17 0.00661 8.42 9.30
16295.82 418.28 0.00496 10.48 5.88
31311.92 875.21 0.00635 -11.69 -0.45
