925.00 305.86 13.20075
0.00 305.86 13.20075 -4.34 8.58
218.54 305.86 13.20075 -7.56 17.59
459.50 306.31 12.79000 -7.62 21.50
705.56 306.76 12.31139 -6.57 24.03
957.00 307.31 11.61299 -4.71 25.36
1214.25 308.26 10.48152 -2.48 25.35
1478.01 310.10 8.13623 0.91 23.13
1749.13 312.11 5.23566 2.07 19.01
2027.43 312.87 4.31361 0.48 16.87
2605.54 313.59 4.05190 -0.77 16.07
3216.08 315.33 2.68865 1.10 15.01
3864.83 317.74 1.34631 1.87 14.30
4558.97 320.59 1.24616 0.21 13.25
5306.43 323.52 0.68261 1.73 15.06
6116.12 326.14 0.46222 0.92 17.47
6999.59 328.50 0.45712 0.00 19.87
7972.56 331.14 0.43396 1.36 17.81
9063.23 335.89 0.21176 7.63 20.92
10306.93 338.86 0.12287 12.33 22.10
11001.29 340.87 0.11064 15.58 17.98
11759.70 344.76 0.09883 19.59 15.92
12600.54 350.65 0.03665 15.42 16.11
13557.18 364.42 0.02835 4.17 16.52
14702.61 393.68 0.00556 14.81 9.42
16116.87 418.29 0.00494 11.39 1.12
31063.66 879.66 0.00625 -13.06 0.31
