925.00 300.68 12.97025
0.00 300.68 12.97025 -2.19 0.02
156.10 300.68 12.97025 -2.84 0.76
393.39 302.13 12.38035 1.17 5.09
636.95 304.62 11.78032 2.48 9.06
886.81 305.69 11.31102 2.39 11.75
1142.97 307.16 11.22208 2.63 14.38
1405.96 308.56 11.03581 3.14 16.44
1675.91 309.50 10.91621 3.81 18.14
1952.84 310.12 10.94826 4.64 19.19
2528.58 311.34 8.78575 6.43 19.58
3134.97 312.06 6.86509 5.48 20.33
3780.58 316.23 5.34129 2.62 21.79
4473.93 319.99 3.83101 1.55 22.04
5221.39 323.30 2.44732 2.82 21.74
6031.26 326.06 1.70300 3.61 21.84
6914.63 328.47 1.33116 2.94 22.09
7888.62 331.68 1.08885 1.64 21.47
8980.17 336.43 0.70488 1.50 21.03
10226.32 339.90 0.30914 1.21 22.26
10921.61 340.75 0.17034 2.71 23.04
11675.88 341.72 0.08595 6.87 25.36
12511.16 349.96 0.05165 6.09 26.10
13472.24 367.98 0.02380 7.97 22.10
14630.56 397.18 0.00499 15.94 10.31
16054.46 418.10 0.00497 10.17 5.54
31023.88 876.27 0.00621 -14.19 0.52
