950.00 297.81 13.19127
0.00 297.81 13.19127 -5.57 -0.33
180.42 297.81 13.19127 -11.39 2.76
411.44 300.96 12.26320 -8.36 7.98
649.36 303.75 11.85269 -6.92 12.75
893.74 305.30 11.53641 -5.15 16.44
1144.16 306.44 11.29419 -2.65 18.51
1400.70 307.40 11.10008 0.06 18.76
1663.62 308.18 10.75857 2.72 17.70
1932.98 308.87 9.69204 5.04 16.34
2208.96 309.48 8.27840 6.84 15.64
2782.46 310.77 6.81039 9.33 16.98
3387.91 311.25 6.44740 11.14 19.45
4031.20 314.80 5.92927 10.88 20.63
4720.88 318.11 4.64460 10.56 20.67
5463.98 321.29 3.43928 9.83 20.47
6269.06 324.27 2.49368 9.08 20.36
7149.22 327.57 1.60638 8.89 20.14
8120.48 330.51 0.96818 8.36 20.91
9207.25 334.15 0.53867 7.73 22.59
10446.31 338.17 0.25340 7.46 25.01
11139.50 340.10 0.15917 6.96 26.16
11893.17 341.23 0.08186 8.82 27.86
12725.60 349.66 0.06057 12.94 27.56
13696.97 373.48 0.05709 17.02 14.76
14854.99 393.85 0.01203 10.46 7.60
16276.84 419.57 0.00497 6.76 2.96
31277.30 878.82 0.00629 -12.35 -0.50
