950.00 297.88 11.83830
0.00 297.88 11.83830 -2.51 0.25
74.83 297.88 11.83830 -4.37 0.19
304.96 298.80 11.28370 -8.03 1.30
540.14 299.38 11.23286 -9.65 2.49
780.48 300.04 11.10639 -9.83 3.70
1026.39 300.87 10.75900 -8.93 4.56
1278.09 301.59 10.36876 -7.67 5.35
1535.99 302.73 9.75867 -6.34 5.95
1800.71 304.06 8.73117 -4.57 6.68
2072.56 305.24 7.89135 -3.41 7.10
2638.93 307.09 6.52232 -1.80 9.08
3237.82 309.01 5.62432 -0.36 11.39
3875.41 311.97 4.85934 2.72 12.97
4558.77 315.23 3.85264 7.83 15.20
5294.68 318.25 2.79096 11.32 18.81
6092.60 321.50 1.82599 13.60 23.19
6964.96 324.93 1.12814 12.22 27.83
7929.78 328.95 0.91222 7.81 33.13
9013.97 334.24 0.56765 1.20 28.90
10250.74 336.80 0.24353 0.96 37.19
10940.06 337.97 0.13602 3.99 42.63
11693.57 343.94 0.08483 13.21 47.75
12538.13 354.47 0.04299 19.58 41.51
13518.12 379.60 0.01004 21.52 22.36
14704.57 404.68 0.00492 12.03 12.87
16160.33 427.53 0.00476 10.33 12.06
31194.53 875.95 0.00632 -14.17 1.71
