950.00 305.93 12.19973
0.00 305.93 12.19973 -4.33 5.25
170.83 305.93 12.19973 -7.66 12.13
407.44 307.24 11.64843 -8.22 17.80
649.32 307.85 11.18839 -7.50 21.33
896.30 308.03 11.01675 -5.90 22.65
1148.50 308.27 10.83149 -3.66 21.81
1406.29 308.61 10.74344 -1.45 19.79
1670.00 309.00 10.64304 0.55 17.56
1940.02 309.54 10.43051 2.26 15.35
2216.90 310.36 9.53288 3.34 12.91
2792.84 312.35 6.51364 3.33 12.04
3402.39 314.50 4.59553 4.51 14.44
4049.71 316.42 3.83520 5.68 15.73
4742.42 319.83 2.97822 3.74 14.87
5489.27 323.32 1.58948 5.72 17.05
6299.34 326.20 0.82690 6.52 20.78
7182.05 327.85 0.59485 6.19 22.32
8152.80 330.17 0.49628 6.13 19.99
9239.29 334.33 0.15835 8.53 20.42
10478.40 338.07 0.20830 12.40 21.91
11171.80 340.37 0.15924 12.58 19.74
11928.63 343.48 0.09843 12.05 17.83
12762.48 346.26 0.05399 10.16 18.46
13713.62 368.95 0.02516 10.26 21.65
14874.44 394.66 0.00892 19.65 9.74
16286.77 416.19 0.00504 5.43 1.46
31271.27 882.91 0.00622 -11.75 0.54
