925.00 299.43 13.56468
0.00 299.43 13.56468 3.40 -1.53
61.55 299.43 13.56468 4.86 -2.56
297.50 299.97 12.60913 5.08 -4.22
538.53 300.77 11.89873 4.46 -3.02
785.10 301.60 11.59505 5.95 -2.32
1037.86 303.18 11.12504 6.08 0.71
1297.62 305.04 10.80212 5.51 4.94
1565.05 307.52 10.44083 4.31 8.63
1840.82 309.53 10.25433 2.31 9.43
2416.19 311.61 8.47075 0.42 6.62
3023.34 312.12 5.72357 1.15 4.47
3666.78 314.80 4.50030 0.27 6.34
4356.11 318.05 4.14424 -0.58 12.67
5099.28 321.34 3.35273 0.10 18.52
5904.36 324.01 2.37846 1.01 21.58
6782.51 326.63 1.76320 1.47 24.47
7752.32 330.43 1.11666 1.93 26.65
8837.35 333.67 0.59435 2.41 26.57
10076.11 338.55 0.28266 1.88 28.17
10770.27 341.18 0.17418 -0.04 33.08
11528.93 344.20 0.10029 -3.79 37.43
12371.91 355.48 0.05636 0.63 32.21
13353.99 375.62 0.01389 12.64 19.40
14523.42 398.98 0.00484 16.49 14.85
15952.72 418.59 0.00495 9.78 8.29
30914.54 875.95 0.00632 -15.49 0.91
