950.00 295.78 12.92569
0.00 295.78 12.92569 -2.28 0.02
174.20 295.78 12.92569 -4.42 2.99
403.53 298.91 11.64827 -4.93 6.08
639.45 300.66 11.46194 -4.74 6.28
880.96 301.45 11.40407 -4.42 6.86
1128.18 302.62 11.30513 -3.21 8.89
1381.76 304.04 11.12435 -1.66 11.80
1642.06 305.45 10.66461 -0.40 14.29
1909.33 306.83 9.72796 0.16 15.75
2183.86 308.10 8.67967 0.12 15.74
2755.53 309.73 6.67383 -0.83 13.42
3359.14 311.05 5.46671 -1.03 13.16
4000.87 314.00 4.35650 0.24 12.62
4687.70 316.72 3.29536 2.85 13.13
5426.67 319.55 2.68284 6.21 15.66
6227.06 322.35 2.16818 8.66 18.83
7101.54 325.60 1.51172 10.67 22.82
8067.83 329.33 0.96898 11.40 26.84
9151.44 333.53 0.54028 9.84 27.87
10388.97 337.91 0.24841 9.34 31.03
11081.55 339.69 0.14519 10.67 34.30
11835.32 342.39 0.08938 14.93 36.78
12677.74 355.28 0.06424 21.06 31.63
13654.01 375.52 0.00829 17.66 19.97
14832.25 399.92 0.00484 9.33 11.63
16261.76 420.30 0.00495 11.24 10.34
31277.71 876.41 0.00623 -12.88 -0.55
