925.00 297.85 12.92453
0.00 297.85 12.92453 -1.79 -0.43
94.98 297.85 12.92453 -4.25 -0.38
329.85 298.94 12.60444 -7.06 2.24
570.07 299.80 12.38825 -7.85 5.10
816.20 301.25 11.94987 -7.16 8.11
1068.66 302.64 11.42884 -5.74 10.16
1327.55 303.71 10.96180 -3.86 11.66
1593.30 305.16 10.33840 -2.53 12.45
1866.65 306.95 9.77851 -2.38 12.15
2437.43 309.69 8.33932 -2.40 10.54
3041.72 311.30 6.64603 -0.55 9.23
3683.59 313.80 4.78714 3.38 10.90
4370.62 317.04 3.23209 7.58 13.85
5110.76 320.20 2.14999 9.82 17.78
5912.73 322.93 1.53697 9.30 22.21
6788.18 325.83 1.11927 6.63 26.75
7755.90 329.98 0.92602 5.97 29.74
8842.64 334.39 0.58302 4.61 25.55
10079.87 337.48 0.24638 3.00 30.17
10771.33 339.54 0.15681 6.20 36.02
11528.00 344.53 0.10294 12.23 41.94
12370.01 352.17 0.04639 15.58 37.62
13336.13 373.72 0.01526 23.05 25.29
14517.80 404.24 0.00496 10.98 12.07
15969.88 424.46 0.00485 7.26 12.78
30980.02 876.65 0.00627 -12.79 -0.84
