925.00 298.59 12.72401
0.00 298.59 12.72401 4.41 -2.25
56.06 298.59 12.72401 6.73 -3.87
291.15 299.12 11.80103 8.64 -6.64
531.49 300.06 11.32491 6.74 -5.26
777.43 300.91 11.16469 6.21 -3.54
1029.61 302.57 10.88723 5.64 0.02
1288.91 304.71 10.91096 4.84 4.52
1556.16 307.29 10.77461 3.51 7.94
1831.78 309.25 10.55926 2.14 8.52
2406.76 311.50 7.88909 1.78 6.59
3013.25 311.87 5.65492 2.12 5.29
3656.39 314.71 4.47115 1.28 6.94
4345.31 317.72 4.09755 0.13 11.87
5087.36 320.82 3.36961 0.65 16.93
5891.32 323.67 2.35122 1.48 20.19
6768.71 326.41 1.69553 2.07 23.17
7737.37 330.13 1.07015 2.49 25.59
8821.84 333.66 0.57702 1.49 24.81
10059.17 338.02 0.26823 -0.10 26.41
10751.96 340.38 0.16026 -1.61 33.27
11509.08 344.23 0.09300 -3.61 39.60
12356.86 358.32 0.05153 1.54 29.90
13341.63 375.32 0.01240 14.30 19.08
14511.47 399.83 0.00481 16.11 15.26
15943.02 418.79 0.00500 9.17 8.34
30904.23 876.04 0.00617 -15.70 0.89
