925.00 298.29 14.17044
0.00 298.29 14.17044 -1.91 0.68
75.39 298.29 14.17044 -3.02 1.27
311.03 301.53 13.04112 -6.22 6.45
554.74 305.31 12.34885 -5.18 11.84
805.64 307.07 12.06203 -4.09 15.19
1062.87 307.96 11.84984 -2.75 17.12
1326.30 308.64 11.45864 -1.22 18.27
1596.14 309.19 10.95831 0.53 19.02
1872.76 309.93 10.42215 2.79 19.69
2448.25 311.40 8.63637 6.72 19.51
3056.07 313.11 6.61611 7.18 20.04
3700.99 315.10 5.78864 7.04 21.67
4391.61 318.41 4.03995 6.79 22.07
5134.79 321.17 3.16787 7.46 21.38
5939.64 324.06 2.51249 7.02 21.29
6819.24 327.19 1.71191 6.45 22.35
7789.07 330.04 1.03399 6.05 24.10
8876.83 335.27 0.62605 6.15 27.24
10120.94 339.55 0.29443 7.38 31.35
10816.12 340.85 0.17538 8.75 32.03
11572.59 343.14 0.10001 10.31 31.02
12409.45 349.47 0.06532 9.00 30.99
13371.04 368.44 0.05235 17.74 23.85
14529.11 397.84 0.00505 11.76 5.96
15954.38 420.12 0.00493 9.00 4.18
30947.60 879.40 0.00621 -13.42 0.66
