950.00 295.66 12.32125
0.00 295.66 12.32125 -4.15 2.19
209.91 295.66 12.32125 -5.33 6.72
439.53 299.25 11.18945 -2.02 9.04
675.70 301.36 11.06860 0.19 11.03
917.94 302.63 11.15412 1.17 12.60
1166.15 303.83 11.00268 1.80 14.05
1420.65 305.19 10.88730 2.58 15.57
1681.84 306.51 10.59445 3.50 16.56
1949.95 307.60 9.80758 4.38 16.98
2224.91 308.40 8.56960 4.76 16.69
2796.58 309.84 6.28279 4.35 15.04
3399.88 310.72 5.73023 4.31 13.64
4042.26 314.53 4.69113 4.38 12.41
4730.16 317.21 3.59998 5.70 12.33
5470.15 319.94 2.90250 7.78 14.21
6271.50 322.76 2.31054 9.46 16.97
7147.31 326.06 1.65376 10.67 20.86
8114.67 329.43 0.97685 11.68 24.01
9197.49 333.02 0.53609 14.41 26.83
10432.37 337.36 0.24846 14.59 30.37
11124.24 339.66 0.15366 12.27 32.74
11876.78 340.49 0.07302 13.30 34.02
12712.32 355.24 0.07221 17.83 25.39
13696.43 375.58 0.02213 14.52 12.37
14864.90 396.54 0.00628 8.47 10.35
16285.02 418.73 0.00501 11.62 7.00
31309.74 873.90 0.00629 -11.41 0.24
