925.00 297.31 12.84781
0.00 297.31 12.84781 -3.57 -1.17
172.20 297.31 12.84781 -7.76 0.34
406.73 298.95 12.17369 -9.36 4.16
647.41 301.02 11.37808 -8.26 8.20
894.27 301.89 11.22426 -7.04 11.11
1146.85 302.65 11.17561 -6.47 12.48
1406.08 304.39 10.66071 -6.42 12.82
1672.56 306.14 9.94656 -6.79 12.59
1946.53 307.32 8.93377 -6.60 12.05
2516.33 308.40 7.23228 -3.48 10.64
3118.46 311.14 5.51103 -0.26 10.37
3760.38 313.99 4.17814 1.80 11.40
4447.59 317.10 3.37855 4.97 13.76
5187.48 319.80 2.71799 8.77 16.64
5988.35 322.47 2.10592 11.16 20.33
6862.96 325.57 1.47490 11.03 24.86
7829.27 329.71 1.02865 9.17 29.02
8914.87 334.53 0.57821 4.66 26.23
10153.37 337.46 0.24613 3.37 27.77
10844.12 338.79 0.14301 5.98 32.16
11597.99 343.14 0.09909 14.21 39.41
12437.19 351.87 0.03898 21.04 38.45
13410.20 377.24 0.01153 21.45 22.19
14592.68 404.04 0.00488 10.52 12.33
16041.09 423.61 0.00482 8.72 13.03
31058.37 876.29 0.00621 -12.77 -0.30
