925.00 298.19 13.50664
0.00 298.19 13.50664 -2.08 0.69
58.20 298.19 13.50664 -3.43 1.26
293.34 299.23 12.96860 -6.69 4.39
534.09 300.75 12.33910 -5.89 8.14
781.16 302.56 11.56912 -2.12 11.26
1034.54 303.46 10.94847 1.53 13.73
1294.32 305.43 9.84804 3.38 15.02
1561.98 308.05 8.26522 1.47 14.57
1837.45 309.48 7.48362 0.14 12.70
2411.23 311.18 6.28598 0.29 8.97
3017.87 312.78 4.95830 2.22 7.83
3662.03 314.89 3.64693 4.65 9.48
4350.47 317.51 2.71882 6.25 12.87
5091.02 320.09 2.28816 6.61 17.94
5892.45 322.66 1.77115 6.30 22.08
6766.88 325.24 1.27127 5.08 25.92
7733.53 329.84 0.75143 5.91 29.39
8819.81 334.26 0.40328 8.32 29.97
10058.87 338.26 0.27166 3.30 32.40
10752.27 340.64 0.16809 6.03 37.27
11510.57 344.83 0.11342 9.85 39.12
12352.89 352.22 0.04167 13.95 34.56
13319.01 372.51 0.01393 21.71 23.49
14498.08 403.10 0.00502 10.64 10.92
15943.18 421.85 0.00490 5.80 12.14
30944.81 879.31 0.00620 -12.95 -0.63
