950.00 300.06 13.92218
0.00 300.06 13.92218 -3.52 -4.82
176.15 300.06 13.92218 -8.89 -6.07
409.53 303.66 13.20760 -10.34 2.05
649.46 305.89 12.55946 -9.97 10.07
895.61 307.39 11.82964 -9.04 16.03
1147.65 308.15 11.33767 -7.23 19.05
1405.38 308.46 11.09141 -5.19 19.24
1668.99 308.75 11.02574 -3.17 18.43
1938.84 309.22 10.87263 -1.20 17.54
2215.48 310.03 10.23075 0.58 16.17
2791.15 311.90 7.56027 3.24 13.72
3400.06 313.69 6.35720 4.63 14.85
4046.41 315.71 5.50176 5.76 17.39
4738.44 319.45 3.45711 3.68 17.51
5484.80 323.12 1.90097 5.61 18.91
6294.06 325.67 1.23794 7.32 20.86
7175.65 327.53 0.89062 7.90 21.29
8146.42 330.35 0.63188 8.19 20.02
9233.01 334.14 0.45567 8.31 20.97
10472.48 338.53 0.28097 10.84 22.03
11166.90 340.87 0.16461 11.53 21.36
11923.42 342.90 0.09110 10.64 21.25
12755.64 345.74 0.04767 8.97 23.20
13711.72 371.69 0.02611 14.52 21.77
14870.56 393.16 0.01777 16.84 5.90
16286.55 418.72 0.00496 4.77 2.61
31278.09 880.92 0.00628 -11.61 0.39
