925.00 298.21 14.63993
0.00 298.21 14.63993 -2.67 1.10
10.80 298.21 14.63993 -1.96 0.62
245.87 300.94 13.07327 -7.34 5.93
489.30 305.14 12.12657 -4.74 11.72
740.00 306.84 11.62563 -2.30 14.62
996.92 307.73 11.22955 -0.85 16.56
1260.12 308.46 10.79660 0.22 18.16
1529.71 309.05 10.38186 1.61 19.65
1806.20 309.97 10.08502 3.76 20.51
2381.51 311.25 7.97893 6.26 19.62
2989.07 313.16 6.26360 5.79 20.04
3634.05 315.27 5.67014 6.34 21.98
4324.67 318.28 4.24863 6.68 22.31
5067.64 321.08 3.23758 7.37 21.58
5872.24 323.90 2.54223 6.97 21.56
6751.53 327.14 1.68906 6.25 22.95
7721.06 329.87 1.01283 5.61 25.03
8808.87 335.49 0.61246 5.96 28.15
10053.29 339.46 0.29663 6.83 32.37
10748.21 340.72 0.17656 8.81 32.92
11504.89 343.49 0.10399 11.28 31.24
12344.14 350.95 0.07392 9.41 31.41
13306.40 367.68 0.05258 15.63 25.10
14464.56 398.31 0.00434 13.09 7.20
15890.60 419.78 0.00495 9.42 4.70
30884.54 879.77 0.00627 -13.58 0.66
