950.00 295.88 12.76183
0.00 295.88 12.76183 -1.36 1.50
171.92 295.88 12.76183 -3.03 5.42
401.07 298.34 11.86090 -3.47 8.79
636.66 300.44 11.26732 -4.23 8.53
877.92 301.09 11.23135 -5.00 7.35
1124.76 302.14 10.93852 -4.52 7.45
1377.80 303.42 10.56095 -3.42 9.50
1637.43 304.76 10.13909 -2.36 11.47
1904.02 306.05 9.59672 -1.32 12.88
2177.86 307.34 8.87848 -0.66 13.54
2748.46 309.21 7.10823 -0.66 12.94
3351.56 311.04 5.42783 -0.82 11.44
3993.14 313.88 4.10048 0.35 10.94
4679.43 316.41 3.14318 2.95 11.44
5417.69 319.31 2.53366 6.93 14.57
6217.37 321.93 2.05070 9.89 18.05
7090.19 324.88 1.50110 11.85 22.21
8054.75 328.98 0.94038 11.66 27.02
9137.61 333.34 0.53929 8.47 28.39
10373.57 337.31 0.24219 8.52 31.53
11065.03 339.31 0.14394 11.00 36.21
11818.69 342.93 0.09014 16.09 38.35
12663.20 355.69 0.05946 22.61 31.09
13640.84 377.04 0.00793 17.83 18.32
14821.85 400.39 0.00487 9.32 11.39
16254.76 421.33 0.00493 11.34 10.87
31276.68 874.91 0.00630 -13.05 0.15
