925.00 300.55 14.07844
0.00 300.55 14.07844 -1.57 1.01
24.05 300.55 14.07844 -1.21 0.96
261.14 302.04 12.61755 -1.88 4.41
503.98 302.94 12.48861 1.44 5.19
752.58 304.20 12.21879 3.54 6.53
1007.66 305.77 11.91511 4.33 9.56
1269.67 307.38 11.64967 4.41 12.79
1539.00 309.27 11.10016 3.94 14.31
1816.08 310.79 9.82056 2.66 12.81
2392.92 312.46 6.44663 0.66 7.67
3001.75 313.23 5.38712 1.64 5.13
3646.14 315.26 5.40884 1.27 9.25
4337.20 318.81 4.85882 -0.47 17.88
5081.80 321.68 3.79757 -1.17 22.51
5887.52 324.24 2.82221 0.30 24.16
6767.65 327.73 1.82158 1.87 25.52
7739.55 330.97 1.09753 2.95 27.54
8827.87 335.12 0.59302 2.84 29.61
10072.49 340.15 0.29624 1.10 29.55
10769.76 342.52 0.18947 -1.07 29.78
11529.95 344.51 0.10803 -1.48 31.42
12367.02 349.16 0.05904 3.55 32.61
13334.21 372.37 0.02169 7.63 21.57
14501.35 398.04 0.00484 17.97 13.28
15928.61 418.76 0.00499 9.97 7.43
30889.21 875.57 0.00625 -14.99 0.98
