925.00 299.57 12.49010
0.00 299.57 12.49010 -0.12 -0.88
159.60 299.57 12.49010 2.10 -0.49
396.40 302.42 11.97780 3.90 4.93
640.13 304.69 11.89668 2.85 7.99
890.19 305.94 11.85069 2.00 10.90
1146.55 307.14 11.86953 1.44 13.96
1409.49 308.21 11.77950 1.16 16.60
1679.11 308.80 11.68204 1.36 18.91
1955.48 309.43 11.28942 1.91 20.62
2530.23 310.82 9.04246 3.34 22.21
3136.36 312.33 6.60160 1.43 22.54
3782.22 316.42 5.16012 -2.11 22.42
4476.19 320.38 3.59988 -2.25 22.79
5224.36 323.63 2.15562 0.32 23.04
6035.32 326.67 1.42683 2.99 22.99
6920.56 329.24 1.25513 4.66 21.16
7896.43 332.13 1.06423 4.90 19.49
8988.55 336.41 0.71812 4.82 19.55
10235.46 340.32 0.31205 3.71 20.88
10931.76 341.50 0.17945 5.13 20.85
11687.36 341.94 0.08866 7.34 21.48
12519.54 347.47 0.05403 9.59 25.77
13478.02 368.78 0.02744 7.41 22.73
14638.27 397.71 0.00497 16.52 10.20
16062.27 417.44 0.00496 10.91 4.96
31020.12 875.25 0.00620 -13.62 0.71
