950.00 295.87 12.68787
0.00 295.87 12.68787 -1.09 1.65
176.02 295.87 12.68787 -2.53 6.23
405.41 298.89 11.54261 -2.92 8.87
641.28 300.64 11.27882 -3.69 8.25
882.73 301.42 11.14894 -4.25 7.15
1129.88 302.54 10.85109 -3.68 7.37
1383.23 303.76 10.54631 -2.43 9.54
1643.14 305.06 10.20876 -1.30 11.64
1909.95 306.24 9.65863 -0.43 13.15
2183.95 307.47 8.86569 0.07 13.98
2754.75 309.34 7.17246 -0.32 13.60
3358.08 310.99 5.48808 -1.02 12.17
3999.64 313.89 4.21050 0.25 11.49
4686.06 316.49 3.10786 3.09 11.58
5424.52 319.39 2.53675 7.03 14.59
6224.40 321.99 2.09191 9.97 18.16
7097.55 325.04 1.51949 11.94 22.52
8062.67 329.12 0.93629 12.09 27.46
9146.00 333.49 0.54038 9.68 28.81
10382.61 337.52 0.24344 9.96 32.32
11074.68 339.59 0.14424 11.36 36.15
11828.09 342.26 0.08629 14.68 37.61
12671.48 356.04 0.06712 21.49 29.99
13649.68 376.42 0.00799 17.22 17.97
14827.63 399.47 0.00505 9.86 11.53
16258.56 421.23 0.00491 11.44 10.09
31279.71 874.62 0.00626 -12.97 0.08
