925.00 300.23 14.00368
0.00 300.23 14.00368 1.85 -0.75
49.34 300.23 14.00368 2.57 -1.55
286.01 300.90 12.96400 1.24 -1.56
527.82 301.50 12.39902 2.40 -1.18
775.07 302.41 11.95708 4.95 -0.81
1028.57 303.98 11.32721 5.51 2.20
1288.97 305.74 10.82852 5.24 6.55
1556.95 308.13 10.35298 4.32 10.22
1833.19 310.11 9.83512 2.34 10.64
2409.32 312.08 7.66137 -0.14 6.81
3017.44 312.64 5.53553 0.87 3.82
3661.06 314.72 4.78765 0.16 5.85
4350.41 318.14 4.43778 -0.97 13.58
5094.04 321.54 3.61097 -0.55 19.94
5899.69 324.20 2.63847 0.80 22.91
6778.60 326.98 1.80989 1.38 25.47
7749.14 330.54 1.09803 1.78 27.85
8834.87 333.99 0.59098 3.12 29.29
10075.92 339.21 0.29373 2.79 30.17
10771.51 341.90 0.18517 0.44 32.70
11531.54 344.54 0.10918 -3.46 35.13
12371.21 352.47 0.05922 0.97 33.62
13348.19 375.28 0.01511 10.55 20.14
14517.37 398.41 0.00482 17.02 14.38
15945.44 418.65 0.00496 10.08 8.14
30907.37 875.86 0.00630 -15.30 0.93
