950.00 297.28 11.40540
0.00 297.28 11.40540 -3.38 -0.02
170.98 297.28 11.40540 -7.51 1.15
400.54 297.97 11.39697 -9.55 3.50
635.11 298.56 11.35366 -8.77 5.49
874.76 299.00 11.13019 -7.55 6.64
1119.67 299.51 10.15577 -6.59 7.29
1370.19 300.72 8.71943 -5.95 7.56
1627.35 302.36 7.87544 -5.24 7.55
1891.44 303.68 7.10334 -4.29 7.23
2162.75 304.95 6.39462 -2.91 6.98
2728.76 307.81 4.80825 0.80 9.39
3329.03 309.55 4.33509 3.22 11.40
3966.82 312.03 4.46626 4.80 11.89
4649.88 315.16 3.50097 8.71 13.50
5385.94 318.43 2.64309 12.68 16.61
6184.01 321.38 1.82253 14.65 19.67
7054.98 323.80 1.20667 15.68 22.53
8014.61 326.51 0.73578 15.80 28.25
9089.68 331.87 0.50085 11.30 34.36
10324.11 337.34 0.24486 3.11 39.85
11014.91 338.42 0.13742 5.73 44.35
11769.59 344.87 0.08392 19.64 46.96
12618.58 357.52 0.02703 25.66 34.27
13602.85 377.66 0.01082 18.90 19.47
14787.98 405.53 0.00495 12.23 10.94
16242.61 426.90 0.00478 11.13 11.27
31292.31 876.64 0.00627 -15.07 3.03
