950.00 296.79 12.69391
0.00 296.79 12.69391 -5.55 0.71
206.80 296.79 12.69391 -9.59 2.79
436.88 299.48 11.97988 -5.34 5.69
673.61 302.36 11.67575 -3.35 10.01
916.94 304.04 11.70868 -2.52 13.83
1166.40 305.30 11.50051 -1.13 16.79
1422.12 306.44 11.13581 0.77 18.49
1684.28 307.40 10.85125 2.71 18.75
1953.08 308.19 10.35847 4.56 18.05
2228.65 308.97 9.00288 6.23 16.86
2801.29 310.09 6.54643 8.42 16.43
3404.64 310.47 6.19759 9.07 17.43
4046.91 314.64 5.75778 9.31 18.66
4736.37 318.15 4.84236 9.44 19.71
5479.41 321.35 3.74212 9.26 20.16
6284.42 324.23 2.70875 9.30 20.26
7163.92 327.45 1.77348 9.71 20.21
8134.49 330.42 1.04123 9.99 20.30
9219.47 333.61 0.53547 9.41 21.27
10454.96 337.22 0.23559 7.67 24.16
11146.02 339.33 0.14311 6.23 25.77
11898.46 340.81 0.07319 7.84 27.31
12730.79 351.14 0.06448 12.45 26.08
13706.24 374.35 0.05345 15.34 13.79
14869.55 395.51 0.00864 8.95 7.59
16290.09 417.83 0.00496 8.27 4.06
31294.27 878.17 0.00619 -11.86 -0.60
