925.00 298.54 12.99517
0.00 298.54 12.99517 3.31 -1.03
60.39 298.54 12.99517 4.88 -1.50
295.77 299.59 11.96718 5.75 -1.34
536.42 300.22 12.08465 3.70 1.65
782.63 301.29 11.73340 3.37 4.44
1035.19 303.01 11.00261 4.37 6.15
1294.62 304.93 9.88638 3.30 7.41
1561.91 307.71 8.63187 0.39 7.79
1837.33 309.39 7.64903 0.67 7.04
2411.32 311.37 5.72244 5.47 7.46
3017.89 312.96 3.92866 6.83 7.45
3661.99 315.00 2.93548 7.00 9.68
4350.17 317.23 2.71512 4.10 12.86
5089.78 319.54 2.51324 2.64 17.95
5889.89 321.99 1.66359 2.87 22.62
6762.69 324.74 0.92280 2.30 26.23
7727.14 328.81 0.64693 3.10 31.83
8809.58 333.37 0.43260 4.04 33.00
10048.89 339.83 0.28558 1.34 35.65
10746.88 342.89 0.17513 -0.57 39.43
11508.39 345.98 0.09519 1.80 39.53
12354.99 354.00 0.04042 3.40 30.56
13324.68 371.96 0.01268 16.85 21.87
14501.56 403.78 0.00481 13.10 12.64
15946.61 422.07 0.00488 6.00 8.57
30928.21 876.33 0.00622 -14.86 0.11
