925.00 304.63 13.76612
0.00 304.63 13.76612 2.15 1.99
148.50 304.63 13.76612 3.83 4.86
388.59 305.01 13.21797 2.79 8.54
633.63 306.06 12.95153 1.26 12.75
884.98 307.40 12.90015 0.43 16.43
1142.59 308.22 12.69147 0.08 19.21
1406.30 308.70 12.32354 0.31 21.33
1676.19 308.90 12.04285 0.71 22.44
1952.66 309.56 11.12722 1.84 23.23
2527.84 311.56 8.15759 3.32 22.17
3135.89 313.58 5.41612 0.60 19.56
3782.67 316.60 4.22603 -2.63 18.54
4475.64 319.75 3.18140 -3.03 19.39
5222.33 323.29 1.59265 -1.45 21.16
6033.20 326.99 0.87394 0.78 23.17
6919.60 329.88 0.70961 2.80 20.58
7898.20 333.22 0.56525 6.43 17.34
8991.72 335.65 0.64836 7.24 17.49
10236.08 339.76 0.29401 9.44 17.62
10932.54 341.92 0.18359 13.58 16.26
11690.74 343.55 0.09882 16.28 16.06
12526.89 348.92 0.05391 16.33 20.01
13481.44 365.06 0.02270 6.67 20.90
14634.82 396.07 0.00513 15.77 9.20
16055.05 417.16 0.00499 11.98 3.84
31006.68 876.67 0.00628 -12.56 0.35
