925.00 298.87 13.94039
0.00 298.87 13.94039 -2.90 -1.27
69.90 298.87 13.94039 -5.17 -1.33
306.65 301.75 13.06823 -5.78 5.68
550.06 304.67 13.14104 -3.96 11.53
800.52 306.39 13.15231 -2.47 14.69
1057.31 307.16 12.88132 -1.32 16.31
1320.20 308.04 12.43347 -0.30 17.27
1589.82 308.86 11.54985 1.13 18.10
1866.44 309.99 10.78832 2.80 18.72
2442.33 311.59 8.31628 5.14 19.01
3049.66 312.34 6.16859 5.53 19.55
3695.43 316.42 5.22686 3.44 20.68
4389.14 320.11 4.20520 2.07 21.32
5137.05 323.36 2.89241 2.71 21.14
5947.26 326.17 1.76113 3.79 21.42
6830.96 328.42 1.34486 3.90 22.03
7804.33 331.35 1.07929 3.44 22.16
8894.85 336.12 0.62387 3.21 20.65
10141.30 340.69 0.29976 2.76 21.85
10838.88 342.19 0.17626 2.54 22.30
11596.41 342.93 0.08666 2.17 22.45
12429.20 346.28 0.04638 2.24 23.64
13379.42 365.53 0.03128 7.79 24.25
14531.47 397.20 0.00529 17.17 9.00
15957.87 419.66 0.00496 7.90 4.00
30935.75 875.69 0.00628 -13.35 0.19
