950.00 296.41 14.19992
0.00 296.41 14.19992 -2.96 0.29
52.23 296.41 14.19992 -4.84 0.83
281.99 299.10 13.20131 -6.61 4.79
518.93 302.90 12.63400 -5.29 9.92
763.21 305.55 12.18637 -4.69 14.17
1014.13 307.02 11.94432 -3.57 16.83
1271.27 307.91 11.72369 -1.79 18.08
1534.60 308.47 11.34852 0.08 18.45
1804.27 309.00 10.92295 1.99 18.63
2080.76 309.82 10.40431 4.14 18.67
2655.82 311.18 8.42939 7.62 18.18
3263.22 312.70 6.66506 8.42 19.49
3907.77 314.98 5.78982 7.84 21.79
4597.83 318.15 3.96697 7.48 21.77
5340.52 321.05 3.13314 8.01 20.61
6145.22 324.10 2.47173 7.34 20.42
7024.87 327.11 1.66615 7.12 21.77
7994.63 330.07 1.01069 7.10 23.81
9082.21 334.95 0.61526 7.41 26.65
10325.45 339.37 0.29153 9.36 30.10
11020.48 340.77 0.17467 10.04 30.67
11776.49 342.82 0.09747 11.33 30.33
12612.23 349.28 0.06379 10.25 30.29
13576.72 370.25 0.05537 18.75 21.60
14734.64 395.85 0.00740 9.90 5.73
16156.55 420.38 0.00495 9.27 4.11
31153.49 879.72 0.00626 -13.16 0.13
