950.00 294.68 10.67690
0.00 294.68 10.67690 -2.19 1.80
198.72 294.68 10.67690 -3.80 6.17
426.90 297.63 10.98027 -1.91 10.62
661.84 299.66 10.58021 -1.24 11.22
902.42 300.43 10.60013 -1.56 10.76
1148.53 301.21 10.61037 -1.01 10.63
1400.79 302.63 10.21627 -0.12 11.20
1659.71 304.16 9.27604 0.49 11.58
1925.88 306.33 8.22688 1.47 11.59
2200.05 308.01 7.57878 2.25 11.37
2771.49 309.95 6.72862 2.64 12.53
3376.50 312.16 5.17410 3.50 11.78
4019.87 314.57 3.32177 4.01 11.10
4706.85 316.68 2.68692 6.08 8.94
5445.67 319.58 1.97612 9.78 11.85
6245.65 322.01 1.39942 13.34 13.91
7118.24 324.59 1.13910 16.77 18.42
8081.04 328.03 0.90897 17.28 24.42
9161.31 332.70 0.52219 15.03 29.29
10395.12 336.75 0.23657 14.32 32.72
11085.26 338.65 0.14279 15.28 36.31
11836.48 340.77 0.07746 17.79 39.24
12677.57 357.21 0.07832 22.91 24.54
13658.22 375.44 0.00866 17.07 11.44
14832.04 399.70 0.00515 9.85 12.45
16264.45 421.49 0.00489 12.21 9.22
31311.19 873.29 0.00634 -11.72 3.08
