925.00 298.14 12.41886
0.00 298.14 12.41886 -2.87 -0.06
169.47 298.14 12.41886 -7.59 0.72
404.41 299.01 12.16651 -10.08 2.38
644.56 299.73 11.89545 -10.09 4.36
890.60 301.16 11.39352 -9.11 5.89
1142.78 302.23 11.10268 -8.00 6.82
1401.39 303.38 10.66873 -6.79 7.52
1666.83 304.77 9.68249 -5.21 8.19
1939.50 305.95 9.07796 -4.25 8.56
2507.57 307.79 7.63225 -2.67 9.49
3107.99 309.62 6.21847 -0.25 11.14
3747.11 312.81 4.77073 2.94 13.09
4432.38 316.22 3.68264 7.21 15.06
5170.64 319.26 2.62461 10.79 18.08
5970.80 322.35 1.75538 12.49 22.36
6845.27 325.72 1.14141 10.44 27.14
7812.38 329.71 1.05649 7.25 31.99
8898.92 334.88 0.61850 1.41 25.87
10137.17 337.13 0.23536 1.32 31.69
10827.10 338.34 0.14117 3.94 37.14
11580.56 343.26 0.09208 12.57 44.06
12421.50 352.59 0.04681 18.11 40.96
13394.71 377.79 0.01197 22.52 23.83
14579.38 404.52 0.00494 11.63 12.73
16033.55 426.07 0.00478 9.11 12.73
31057.66 875.48 0.00624 -13.35 0.54
