950.00 305.83 13.59260
0.00 305.83 13.59260 -3.00 4.45
101.56 305.83 13.59260 -6.06 9.46
338.05 307.20 12.39753 -8.44 16.35
580.07 307.95 11.95810 -8.24 20.97
827.27 308.23 11.61409 -6.76 22.81
1079.66 308.34 11.37378 -4.69 22.92
1337.59 308.75 10.97680 -2.42 22.30
1601.51 309.34 10.52259 -0.03 21.08
1871.92 310.17 9.78915 2.01 19.27
2149.27 311.10 8.70593 3.10 16.96
2726.57 312.96 6.43179 3.36 13.44
3336.40 314.04 6.10029 3.06 14.91
3983.08 315.82 4.45402 2.65 17.41
4674.93 319.80 2.95323 0.18 16.88
5422.59 323.97 1.42515 3.71 19.19
6234.17 326.76 0.49521 3.62 22.57
7117.92 328.22 0.47478 2.86 22.40
8089.92 330.73 0.30740 4.33 19.62
9177.35 334.54 0.21343 8.33 19.18
10417.63 338.70 0.21420 13.22 20.27
11112.67 341.49 0.14803 14.75 19.54
11871.48 344.12 0.09831 14.57 18.44
12706.50 346.82 0.05429 12.57 18.94
13657.13 366.64 0.02416 10.49 23.07
14811.84 395.69 0.00716 17.35 8.57
16228.50 416.95 0.00497 5.49 1.37
31210.35 879.49 0.00623 -11.73 0.64
