925.00 299.40 13.36318
0.00 299.40 13.36318 3.57 -1.77
70.50 299.40 13.36318 5.61 -3.45
306.35 299.87 12.60233 5.65 -5.61
547.35 300.73 11.97007 5.23 -4.42
793.86 301.42 11.71406 6.26 -3.23
1046.42 302.81 11.46743 6.23 0.14
1305.77 304.38 11.17950 5.90 4.42
1572.54 306.52 10.61560 4.84 8.10
1847.40 308.55 10.51951 2.85 9.34
2422.10 311.54 8.70297 0.18 6.98
3028.99 311.97 5.81722 -0.34 4.32
3672.54 315.01 4.78246 -1.06 6.86
4362.86 318.55 4.32851 -0.95 13.67
5107.18 321.87 3.45110 0.06 18.77
5913.66 324.60 2.54054 0.92 21.14
6793.54 327.31 1.91798 1.33 23.21
7765.49 331.12 1.16505 1.81 25.41
8852.79 334.22 0.62293 2.59 24.30
10091.50 338.17 0.27894 2.85 24.66
10784.29 340.38 0.16988 1.65 30.06
11541.62 343.69 0.10106 -3.67 35.67
12381.85 354.60 0.06336 1.65 34.02
13364.94 376.50 0.01499 12.56 19.96
14535.14 398.42 0.00481 16.88 14.42
15961.79 417.87 0.00504 9.44 8.06
30915.87 875.48 0.00624 -15.45 0.80
