925.00 298.71 13.52748
0.00 298.71 13.52748 2.98 -0.47
9.03 298.71 13.52748 3.44 -0.58
244.36 299.69 12.08839 5.05 0.24
485.10 300.31 12.18415 2.92 2.99
731.41 301.28 11.80079 2.67 5.58
983.91 302.87 11.08087 3.93 7.43
1243.22 304.64 10.00518 4.19 8.64
1510.11 307.09 8.91423 1.34 8.91
1785.09 308.99 7.77943 0.08 7.54
2358.59 310.98 5.90751 4.55 6.76
2964.57 312.79 4.02697 6.79 7.51
3608.58 314.93 3.09222 6.97 9.86
4296.78 317.33 2.71889 4.91 13.36
5036.75 319.70 2.43842 3.27 18.01
5837.09 322.02 1.60831 3.35 22.59
6709.76 324.62 0.91009 2.52 26.33
7674.01 328.82 0.59060 3.06 32.23
8756.67 333.44 0.29970 4.55 33.22
9995.38 339.48 0.26066 2.25 35.81
10692.85 342.80 0.16690 0.87 40.04
11454.42 345.98 0.09550 3.18 39.69
12300.61 353.75 0.04034 5.49 31.80
13269.13 371.82 0.01307 18.07 22.59
14447.94 404.20 0.00481 12.54 11.78
15894.57 422.24 0.00489 5.35 8.99
30880.91 876.48 0.00624 -14.56 0.23
