925.00 298.34 13.28076
0.00 298.34 13.28076 -0.81 0.93
59.77 298.34 13.28076 -1.82 1.36
294.90 299.13 12.91946 -5.02 4.31
535.42 300.20 12.47790 -5.33 7.45
781.91 301.81 11.87546 -2.88 10.44
1034.83 303.01 11.27634 0.19 12.84
1294.18 304.54 10.48988 2.27 14.03
1560.92 306.65 9.32341 1.45 14.23
1835.37 308.32 8.61364 0.12 13.01
2408.01 310.54 7.14337 0.12 9.07
3013.50 312.12 5.49405 2.60 7.29
3656.67 314.44 3.66234 5.71 9.43
4344.77 317.68 2.47550 6.98 13.23
5085.90 320.44 2.08917 6.74 18.39
5887.93 322.80 1.57114 5.62 22.44
6762.48 325.24 1.16154 4.23 26.34
7729.05 329.84 0.65340 5.47 29.69
8814.98 333.98 0.35620 7.43 30.27
10053.07 338.06 0.27119 2.71 32.49
10746.22 340.58 0.17052 5.78 38.44
11504.52 344.91 0.10877 9.91 40.59
12347.34 352.41 0.04408 13.49 35.33
13312.91 372.23 0.01487 22.29 24.22
14492.99 403.92 0.00498 10.93 11.16
15942.07 422.97 0.00490 5.73 12.04
30944.21 878.63 0.00626 -13.12 -0.63
