925.00 299.25 13.89541
0.00 299.25 13.89541 2.82 -0.92
3.49 299.25 13.89541 3.19 -0.95
239.27 299.92 12.82738 4.54 -1.28
480.31 300.75 12.05876 3.60 1.28
726.99 301.82 11.55594 5.24 2.68
980.01 303.64 10.75320 6.15 4.03
1240.45 306.52 10.15381 4.39 7.08
1509.28 309.20 9.54158 2.17 9.05
1786.00 310.53 8.43288 1.52 8.64
2361.77 312.15 5.72754 3.91 7.49
2969.30 313.16 4.08950 4.24 6.26
3613.87 315.14 3.18212 4.52 7.40
4302.18 317.12 3.17589 2.40 11.35
5042.01 319.79 2.94399 1.77 17.82
5843.25 322.49 1.88411 2.11 22.08
6717.52 325.31 1.22426 2.04 25.82
7683.22 329.10 0.97734 3.10 30.53
8766.88 334.06 0.59937 3.26 32.70
10008.39 339.85 0.29356 -0.25 34.16
10705.97 342.71 0.18555 -2.62 36.41
11466.82 345.22 0.09831 -1.13 38.66
12311.53 353.88 0.04620 0.08 28.89
13284.13 372.65 0.01290 13.57 20.75
14455.14 401.72 0.00484 14.69 14.14
15894.12 421.04 0.00493 8.05 8.19
30869.00 876.79 0.00630 -15.27 0.19
