950.00 296.40 12.55234
0.00 296.40 12.55234 -1.78 2.51
188.66 296.40 12.55234 -2.48 7.02
418.59 299.57 11.27827 -2.61 8.93
654.79 300.97 11.17450 -3.13 8.37
896.48 301.81 10.96581 -3.52 7.30
1143.96 302.92 10.61671 -2.91 7.62
1397.54 304.05 10.51761 -1.58 9.69
1657.73 305.33 10.37476 -0.39 11.83
1924.75 306.40 9.80649 0.32 13.36
2198.84 307.53 8.95287 0.63 14.27
2769.80 309.50 7.25976 0.04 14.05
3373.46 310.81 5.73791 -0.85 12.64
4014.84 313.87 4.32826 0.38 11.78
4701.33 316.56 3.09019 3.39 11.66
5440.00 319.51 2.52162 7.34 14.68
6240.26 322.14 2.11271 10.20 18.36
7113.93 325.22 1.53859 11.92 23.00
8079.63 329.27 0.93430 12.43 27.87
9163.42 333.62 0.54910 11.14 29.37
10400.64 337.71 0.24485 11.02 32.84
11093.12 339.78 0.14475 11.42 35.93
11846.38 341.58 0.08303 13.30 36.91
12687.62 356.11 0.06996 20.31 29.19
13667.00 375.80 0.00881 16.86 17.48
14841.84 398.90 0.00520 10.35 11.59
16271.70 421.06 0.00491 11.15 9.31
31291.88 874.28 0.00635 -12.84 0.05
