950.00 296.73 13.13952
0.00 296.73 13.13952 -3.56 -0.62
177.94 296.73 13.13952 -7.92 1.75
407.96 299.24 12.32726 -7.08 5.51
644.15 301.16 12.01153 -4.78 8.41
886.49 302.89 11.76620 -3.05 11.77
1135.19 304.53 11.53851 -1.56 14.83
1390.40 305.94 11.38189 0.12 16.84
1652.23 307.07 11.00947 1.96 17.65
1920.85 308.18 10.04603 3.72 17.67
2196.45 309.11 8.48740 4.72 17.04
2769.31 310.52 6.51045 3.82 15.31
3374.89 311.58 5.86658 4.34 16.21
4018.03 314.68 4.90748 4.94 16.72
4706.54 317.42 3.69183 5.73 16.60
5447.62 320.49 2.88548 6.89 17.96
6250.94 323.62 2.29556 7.69 20.21
7128.94 326.52 1.60913 8.43 23.26
8097.80 329.88 1.00634 10.52 25.73
9183.70 334.30 0.57843 10.90 27.68
10424.60 338.73 0.26604 10.21 31.21
11118.66 340.26 0.16071 10.22 31.64
11873.24 342.04 0.09058 12.96 31.93
12710.31 352.82 0.07102 15.90 30.80
13685.76 373.33 0.03246 16.81 19.29
14849.38 395.34 0.00535 9.56 10.56
16269.56 419.93 0.00497 11.28 6.27
31277.26 878.88 0.00630 -12.93 -0.85
