925.00 299.39 14.01982
0.00 299.39 14.01982 -1.86 1.40
78.60 299.39 14.01982 -3.93 2.94
315.44 302.15 12.29887 -4.27 6.85
558.69 304.28 11.63336 -0.88 8.99
808.77 306.44 10.96962 1.74 11.00
1065.33 307.40 10.55480 3.16 12.90
1328.25 308.61 10.35950 4.22 14.95
1598.53 310.54 10.06201 4.62 15.50
1876.44 311.63 8.83790 3.76 13.48
2453.44 312.11 6.51874 2.90 9.51
3061.20 313.23 5.27360 3.63 7.14
3706.00 315.33 4.80143 5.01 8.03
4395.98 318.00 4.33468 4.98 14.64
5138.34 320.73 3.44865 4.44 20.29
5941.89 323.49 2.44106 4.22 22.44
6819.74 326.62 1.65259 2.51 25.47
7789.54 330.38 1.04492 2.31 28.10
8876.85 334.81 0.61072 3.15 29.59
10120.49 340.19 0.30642 0.90 29.97
10817.46 341.64 0.17865 -0.75 31.58
11574.79 343.42 0.09872 5.47 33.70
12413.14 350.64 0.06000 6.85 29.01
13379.11 372.24 0.01638 11.28 21.51
14548.34 399.56 0.00492 13.61 11.26
15979.88 419.19 0.00495 8.02 8.05
30958.32 877.40 0.00623 -14.74 0.49
