950.00 296.82 12.55002
0.00 296.82 12.55002 -3.27 1.04
180.76 296.82 12.55002 -4.35 4.60
411.01 299.88 11.45191 -4.16 6.49
647.41 301.21 11.40596 -3.71 7.05
889.36 302.07 11.31682 -3.35 7.41
1137.08 303.16 11.21153 -2.28 9.15
1390.97 304.28 11.35298 -0.75 11.99
1651.49 305.63 11.24949 0.65 14.66
1918.99 306.90 10.28462 1.62 16.06
2193.57 308.02 8.85556 1.82 16.29
2765.21 309.90 6.76059 0.68 14.33
3369.39 310.99 5.55171 -0.14 13.42
4011.10 314.05 4.42758 0.85 12.94
4698.21 316.87 3.27235 3.54 13.19
5437.69 319.83 2.66281 6.90 15.91
6238.97 322.63 2.22178 9.23 19.45
7114.34 325.88 1.56463 10.57 23.79
8081.65 329.58 0.96027 11.98 27.40
9166.02 333.73 0.55394 12.15 29.09
10404.47 338.19 0.24907 11.00 32.43
11097.72 340.00 0.14703 10.85 34.17
11851.33 341.47 0.08399 12.86 34.87
12690.28 355.17 0.06946 18.79 29.95
13669.25 374.97 0.01188 16.55 18.59
14840.92 397.95 0.00514 10.11 11.69
16267.12 420.33 0.00489 11.23 8.34
31281.54 875.94 0.00632 -12.83 -0.64
