950.00 306.10 12.15498
0.00 306.10 12.15498 -5.71 8.07
169.63 306.10 12.15498 -9.24 16.59
406.36 307.46 11.52272 -9.55 21.56
648.31 307.83 11.17797 -8.02 23.57
895.23 307.92 11.05381 -5.92 23.49
1147.37 308.26 10.78940 -3.34 21.98
1405.18 308.73 10.52442 -1.09 20.02
1669.01 309.30 10.23136 1.06 17.98
1939.35 310.11 9.75427 2.77 15.58
2216.65 311.10 8.53591 3.68 12.84
2793.64 312.98 5.78078 3.58 12.18
3403.80 314.66 4.42094 4.47 14.78
4051.22 316.54 3.26911 5.15 15.70
4744.09 320.06 2.52943 2.97 14.48
5491.40 323.57 1.35631 5.50 16.49
6301.95 326.43 0.57783 5.47 20.46
7185.17 328.04 0.44642 4.50 22.56
8156.15 330.19 0.46172 4.33 20.40
9242.77 334.48 0.11737 8.18 20.57
10482.54 338.21 0.15190 13.14 22.12
11176.20 340.54 0.13515 13.28 20.01
11933.68 343.80 0.09974 12.85 17.47
12768.51 346.76 0.05710 10.64 17.41
13718.88 367.50 0.02495 9.15 21.65
14876.74 394.76 0.00722 19.22 10.44
16289.28 415.87 0.00502 5.91 0.64
31271.38 882.50 0.00616 -11.75 0.84
