925.00 298.60 13.40704
0.00 298.60 13.40704 -1.61 0.86
98.06 298.60 13.40704 -4.06 1.95
333.58 299.68 12.93034 -6.12 5.17
574.71 301.15 12.27205 -4.31 8.54
822.05 302.79 11.44225 -0.01 11.19
1075.58 303.61 10.82409 3.60 13.50
1335.52 305.72 9.53874 4.70 14.37
1603.55 308.78 7.61602 1.82 13.21
1879.48 309.96 6.90944 0.78 10.56
2453.60 311.37 5.80073 1.33 7.05
3060.62 313.04 4.59774 2.93 7.18
3704.91 314.91 3.53176 4.90 9.08
4393.24 317.40 2.82015 5.51 12.88
5133.56 319.98 2.35901 5.55 18.21
5934.77 322.60 1.69473 5.64 22.28
6808.86 325.06 1.23674 4.39 26.09
7774.92 329.51 0.74868 4.74 30.06
8860.39 334.35 0.35966 7.47 31.22
10100.57 338.68 0.28570 2.72 33.62
10795.04 341.13 0.17753 4.76 38.02
11553.85 344.91 0.11231 8.15 38.26
12396.63 352.42 0.04143 12.45 33.53
13363.26 372.53 0.01350 20.60 23.15
14542.28 402.94 0.00495 10.90 10.48
15985.19 421.13 0.00492 5.51 11.48
30984.47 879.24 0.00619 -13.24 -0.09
