950.00 296.12 12.96805
0.00 296.12 12.96805 -2.76 -0.29
124.19 296.12 12.96805 -5.26 1.52
353.37 297.92 12.09950 -6.47 5.25
588.85 300.28 11.40293 -6.11 7.60
829.88 300.73 11.26288 -6.16 8.60
1076.48 301.86 11.04765 -5.66 9.83
1329.32 303.17 10.67682 -4.95 11.44
1588.82 304.72 10.26684 -4.69 12.70
1855.53 306.32 9.51752 -4.38 13.17
2129.55 307.48 8.49304 -3.68 12.77
2699.89 309.03 6.52560 -2.13 11.34
3302.64 310.96 5.10560 -1.17 10.87
3943.76 313.81 3.98196 0.66 11.10
4630.21 316.65 3.24846 3.45 12.77
5369.00 319.44 2.74817 6.98 15.48
6168.96 322.15 2.14966 9.61 18.45
7042.44 325.11 1.50732 11.22 22.47
8007.28 329.15 0.94222 11.06 27.37
9090.86 333.76 0.54550 7.17 27.32
10327.68 337.36 0.24370 5.50 29.24
11018.73 338.99 0.14147 8.37 33.54
11772.91 343.40 0.09857 16.31 39.36
12615.07 353.86 0.04013 23.26 35.41
13591.49 376.79 0.00958 19.60 20.51
14774.43 403.23 0.00485 9.19 11.78
16215.55 421.88 0.00489 9.47 12.20
31233.65 876.27 0.00621 -12.84 -0.20
