925.00 298.65 12.84295
0.00 298.65 12.84295 4.50 -2.17
50.23 298.65 12.84295 6.02 -3.32
285.34 299.07 11.89704 8.56 -6.21
525.60 299.91 11.53395 6.44 -4.59
771.53 300.91 11.27360 5.85 -2.80
1023.73 302.76 10.71106 5.21 0.44
1283.34 305.32 10.75455 4.00 5.04
1551.22 308.07 10.72151 2.58 8.29
1827.40 309.81 10.09382 1.45 8.64
2402.82 311.85 6.99611 2.44 7.08
3009.87 312.33 5.19953 3.35 6.14
3653.39 314.69 3.97705 2.78 7.37
4341.70 317.36 3.76667 0.58 11.84
5082.75 320.36 3.21871 0.65 17.30
5885.52 323.13 2.17781 1.49 20.75
6761.27 325.69 1.55696 2.15 23.87
7727.66 329.33 1.00557 2.92 26.58
8810.60 333.56 0.56383 2.22 28.10
10049.41 338.67 0.27490 -0.30 29.56
10744.14 341.40 0.16413 -2.45 35.93
11503.25 345.36 0.09549 -2.93 39.56
12352.65 357.40 0.04585 0.30 28.03
13333.36 374.13 0.01230 14.18 19.18
14503.20 400.65 0.00483 15.67 15.28
15937.39 419.50 0.00498 9.17 8.63
30904.36 876.58 0.00626 -15.72 0.72
