925.00 297.98 13.53190
0.00 297.98 13.53190 -3.50 0.17
113.13 297.98 13.53190 -7.09 1.10
348.34 299.69 12.95495 -8.90 5.32
589.86 302.07 12.20213 -6.02 9.54
838.00 303.84 11.35452 -1.48 12.01
1092.27 304.46 10.68205 1.83 14.03
1352.85 306.57 9.26304 3.41 15.20
1621.75 309.82 7.04233 1.67 13.63
1898.42 310.69 6.02099 0.40 11.93
2473.55 312.06 5.27205 0.10 10.44
3081.14 312.90 4.71537 1.23 9.85
3725.52 315.11 3.72740 3.61 9.98
4414.29 317.52 3.05265 5.69 12.23
5154.76 319.96 2.61653 6.90 16.57
5956.33 322.83 2.04619 7.02 21.04
6831.77 325.66 1.38540 5.58 24.87
7798.98 329.71 0.83909 5.93 28.61
8885.24 334.66 0.52019 8.94 28.61
10125.83 338.53 0.26386 5.00 31.01
10819.79 340.86 0.16672 6.75 35.64
11578.14 344.62 0.10930 10.20 36.45
12420.30 352.68 0.04109 14.15 32.81
13389.28 372.90 0.01161 18.94 23.04
14563.91 400.71 0.00504 10.88 10.96
15999.53 419.75 0.00495 6.66 11.53
31000.40 880.62 0.00623 -12.91 -0.54
