950.00 298.59 13.84716
0.00 298.59 13.84716 -1.21 -2.12
154.50 298.59 13.84716 -4.81 -4.72
386.64 302.07 13.31784 -6.75 0.26
625.41 304.59 12.78142 -7.62 6.90
870.76 306.52 12.30830 -8.02 12.74
1122.34 307.75 11.82531 -7.54 16.84
1380.02 308.47 11.58192 -6.12 18.92
1643.73 308.81 11.53892 -4.15 19.77
1913.73 309.25 11.50555 -1.98 19.73
2190.45 309.95 10.88741 0.13 18.65
2766.15 311.59 8.06443 3.09 14.99
3373.60 312.86 6.94277 3.42 14.17
4019.57 315.86 5.81648 2.72 16.88
4712.31 319.84 3.81484 2.21 18.18
5459.62 323.33 2.15957 3.95 18.92
6269.18 325.72 1.40635 5.53 20.37
7151.02 327.62 1.15526 6.06 21.51
8121.54 330.07 0.98597 6.58 21.30
9207.47 334.35 0.67740 7.12 22.13
10448.72 339.38 0.29770 9.08 24.28
11144.37 341.38 0.17585 10.27 24.81
11900.88 342.65 0.09307 10.28 25.28
12732.29 345.55 0.04681 8.94 26.43
13687.61 370.45 0.03354 16.52 23.59
14846.24 395.52 0.01364 14.13 4.06
16267.38 419.48 0.00495 5.55 3.14
31256.94 878.20 0.00619 -11.98 0.84
