925.00 297.62 12.84838
0.00 297.62 12.84838 -3.03 -1.22
224.68 297.62 12.84838 -8.17 0.80
459.63 299.74 12.03360 -8.27 5.19
701.00 301.93 11.20990 -6.21 9.33
948.66 302.93 10.97658 -4.05 12.58
1201.96 303.45 10.88198 -2.61 14.68
1462.10 305.87 10.02085 -3.21 15.22
1729.83 307.68 8.84406 -5.18 14.36
2004.77 308.50 7.80075 -5.82 13.25
2576.26 309.50 6.61529 -3.78 11.39
3180.17 311.66 5.38450 -1.15 11.06
3822.60 314.18 4.29905 1.19 11.65
4510.14 317.15 3.47879 4.47 13.63
5250.03 319.76 2.82907 8.23 16.11
6051.00 322.56 2.17042 10.33 19.71
6926.17 325.80 1.45180 9.82 24.23
7893.07 329.73 0.92467 8.67 28.31
8978.56 334.48 0.56226 6.96 26.79
10217.73 337.83 0.24591 4.99 27.64
10909.80 339.64 0.14826 7.47 32.05
11665.91 343.91 0.10463 14.03 38.27
12505.68 351.59 0.03993 19.44 36.83
13474.96 375.55 0.01224 22.04 23.03
14655.41 403.12 0.00505 10.29 12.14
16100.81 422.52 0.00485 8.00 13.18
31111.92 877.26 0.00621 -12.53 -0.93
