925.00 298.54 12.78621
0.00 298.54 12.78621 0.31 0.63
82.98 298.54 12.78621 -0.07 1.26
318.14 299.12 12.66799 -2.48 3.93
558.48 299.87 12.41050 -3.60 6.43
804.57 301.25 11.91335 -2.97 9.03
1057.02 302.59 11.36126 -1.31 11.06
1315.97 303.86 10.75253 0.33 12.18
1581.94 305.55 9.86214 0.58 12.64
1855.48 307.19 9.22276 -0.29 11.85
2426.68 309.78 7.85795 -0.92 8.78
3030.80 311.34 6.07360 1.74 7.10
3672.77 313.87 3.90604 6.85 9.75
4360.26 317.71 2.38850 8.28 13.54
5101.88 320.80 1.92751 7.40 18.59
5904.67 323.02 1.41211 5.17 22.52
6779.60 325.35 1.00757 3.13 26.65
7746.02 329.66 0.53848 4.22 30.07
8831.16 333.74 0.30965 6.21 31.26
10068.38 337.84 0.25635 2.09 31.99
10761.38 340.67 0.15779 5.37 39.57
11519.98 345.09 0.10542 9.80 41.90
12363.78 352.87 0.04460 13.02 35.92
13329.29 371.92 0.01554 22.42 25.16
14509.94 404.52 0.00486 11.34 11.48
15962.02 424.03 0.00481 5.95 11.73
30964.93 878.06 0.00634 -13.37 -0.60
