950.00 296.08 13.08374
0.00 296.08 13.08374 -3.10 -1.12
129.94 296.08 13.08374 -6.14 -0.19
359.08 298.34 11.97640 -7.19 3.73
595.10 301.21 11.26044 -6.17 6.61
837.02 302.06 11.11738 -4.66 8.95
1084.76 303.29 10.83714 -2.81 11.67
1338.72 304.51 10.36004 -1.48 13.85
1599.29 306.06 9.75083 -1.31 14.97
1867.18 307.73 8.82135 -2.20 14.80
2142.19 308.55 7.74532 -2.94 13.81
2713.93 309.84 6.25215 -2.96 12.46
3317.87 311.28 5.26821 -1.97 12.67
3959.33 313.89 4.21818 -0.02 12.48
4645.98 316.71 3.39347 2.74 13.52
5384.80 319.41 2.92280 5.87 15.56
6185.16 322.56 2.19607 8.64 18.25
7059.97 325.66 1.49564 10.56 22.26
8026.14 329.34 0.94894 10.98 26.85
9110.23 333.91 0.54366 8.49 27.23
10348.58 337.90 0.24944 6.70 28.79
11040.96 339.67 0.14215 8.94 32.50
11796.40 343.59 0.10093 15.63 37.73
12637.80 353.24 0.04629 21.69 34.97
13611.83 375.66 0.00942 19.36 21.45
14790.94 402.02 0.00486 9.65 11.99
16228.50 420.93 0.00490 9.17 12.23
31241.34 877.42 0.00623 -12.61 -0.78
