925.00 301.08 13.53467
0.00 301.08 13.53467 1.58 -1.67
221.42 301.08 13.53467 2.72 -3.14
459.06 302.60 13.24046 2.23 1.54
703.04 304.87 13.36955 0.65 6.90
953.58 306.45 13.41110 -0.56 11.87
1210.58 307.45 13.27523 -1.12 15.96
1473.73 307.93 12.91186 -1.06 18.90
1743.17 308.60 12.45868 -0.28 21.56
2019.73 309.93 11.39225 0.83 23.14
2595.83 311.90 8.79737 2.32 22.90
3204.64 313.68 5.93690 0.20 21.58
3851.81 316.84 4.49786 -2.79 21.41
4545.98 320.49 3.12252 -2.79 21.50
5294.53 324.08 1.62510 0.93 22.49
6106.90 327.42 0.80879 2.74 23.33
6993.68 329.77 0.74741 4.46 20.07
7971.16 332.65 0.63539 6.56 16.48
9063.46 335.61 0.65101 6.52 15.96
10308.58 339.97 0.29536 6.83 17.31
11004.99 341.67 0.17747 9.63 16.52
11761.61 342.61 0.09191 12.98 16.80
12596.49 348.79 0.04769 11.91 20.70
13550.84 364.73 0.02323 6.24 21.29
14702.02 395.99 0.00516 16.15 9.82
16124.39 418.10 0.00491 10.92 3.60
31088.51 876.93 0.00632 -12.89 0.11
