975.00 293.23 10.88005
0.00 293.23 10.88005 -1.69 2.12
8.19 293.23 10.88005 -1.24 1.56
230.30 294.32 11.22512 -3.59 8.02
458.59 297.70 11.36486 -1.97 11.45
693.47 299.56 10.60624 -1.15 11.09
934.05 300.49 10.49397 -1.08 10.83
1180.28 301.41 10.64063 -0.11 11.02
1432.71 302.86 10.40954 1.36 11.83
1691.91 304.43 9.61980 2.43 12.40
1958.34 306.40 8.87156 3.60 12.81
2232.59 308.00 8.30232 4.46 12.93
2804.36 310.11 6.84324 4.37 13.74
3409.96 312.59 4.90114 4.12 12.07
4053.76 314.78 3.25334 4.42 11.16
4741.22 316.90 2.68108 6.86 9.77
5480.37 319.69 2.03702 10.25 11.90
6280.71 322.21 1.46082 13.97 13.40
7154.02 324.96 1.21202 16.99 17.84
8118.29 328.61 0.92722 16.81 23.49
9199.58 332.73 0.51991 14.98 26.51
10432.88 336.46 0.23139 14.61 29.21
11122.31 338.13 0.13717 15.55 32.99
11872.51 340.54 0.07489 19.08 37.23
12714.72 357.94 0.07985 20.13 22.26
13694.81 373.79 0.01053 16.66 10.25
14862.82 397.47 0.00553 10.74 13.10
16291.35 422.12 0.00490 13.29 7.88
31341.61 873.91 0.00629 -10.97 2.81
