950.00 296.72 12.22129
0.00 296.72 12.22129 -2.49 2.09
182.30 296.72 12.22129 -4.53 6.65
411.56 297.57 12.05664 -4.50 10.28
646.41 299.53 11.19778 -4.90 11.43
887.00 300.30 11.06271 -6.24 9.16
1133.02 300.93 10.83292 -6.38 7.50
1384.91 302.01 10.22731 -5.60 7.86
1643.35 303.56 9.49031 -4.41 8.74
1908.91 305.20 8.63393 -2.46 9.26
2181.89 306.50 8.17630 -0.90 10.02
2751.11 308.91 6.77795 0.78 10.99
3354.06 311.21 4.99094 1.29 9.72
3995.72 313.82 3.69000 1.64 9.76
4681.53 316.25 2.96729 4.12 10.35
5419.58 319.29 2.32881 8.60 14.09
6219.05 321.78 1.77487 11.66 17.61
7090.78 324.20 1.34921 13.29 21.49
8052.68 328.12 0.89766 12.71 26.78
9133.49 332.97 0.53358 7.05 29.27
10367.91 336.63 0.23368 5.90 32.46
11058.00 338.77 0.14161 10.75 38.40
11812.63 344.39 0.09598 19.08 39.67
12659.38 355.63 0.04087 24.67 31.37
13638.09 378.22 0.00867 18.49 17.08
14821.80 401.57 0.00486 9.44 11.14
16260.27 422.74 0.00482 11.33 11.77
31290.95 874.12 0.00632 -13.40 1.21
