925.00 297.95 12.74226
0.00 297.95 12.74226 -2.41 -0.76
173.27 297.95 12.74226 -6.50 -0.32
408.13 298.95 12.42447 -8.98 1.80
648.32 299.79 12.12912 -9.12 4.30
894.45 301.30 11.68285 -8.25 6.75
1146.83 302.48 11.32731 -7.27 8.33
1405.63 303.58 10.92317 -5.96 9.52
1671.27 304.98 10.23961 -4.52 10.05
1944.29 306.40 9.69977 -3.89 10.03
2513.77 308.73 8.24603 -3.33 9.90
3116.20 310.47 6.53056 -1.05 10.57
3756.62 313.24 4.88045 2.83 12.66
4442.81 316.67 3.51923 7.24 14.81
5182.16 319.80 2.38889 10.39 17.82
5983.47 322.76 1.61576 11.22 22.12
6858.74 325.88 1.10751 8.59 26.75
7826.33 329.85 1.01357 6.59 30.90
8913.40 334.93 0.61635 2.87 24.94
10151.70 337.36 0.24001 2.45 30.15
10842.45 338.95 0.14789 5.31 35.62
11597.54 343.87 0.09716 12.54 42.50
12438.63 352.08 0.04779 16.56 39.30
13406.95 375.58 0.01396 23.04 25.05
14590.09 404.33 0.00494 11.26 12.48
16043.14 425.24 0.00477 8.21 12.89
31059.80 875.75 0.00628 -12.95 -0.28
