925.00 299.82 14.10523
0.00 299.82 14.10523 -2.50 1.23
116.59 299.82 14.10523 -5.91 3.60
353.61 302.21 12.69383 -5.20 7.69
596.79 303.90 11.69103 -1.15 9.70
846.42 305.80 10.82060 2.21 11.81
1102.37 306.68 10.20650 3.64 14.13
1364.68 308.03 9.99555 4.34 16.21
1634.50 310.25 9.13248 4.43 15.32
1911.91 311.14 7.67335 3.41 13.07
2487.58 311.76 6.10648 2.66 11.03
3095.59 313.51 5.01480 3.60 8.41
3741.10 315.65 4.27294 5.39 8.10
4431.17 317.99 3.71183 5.58 12.47
5173.02 320.46 3.06999 5.72 18.23
5975.75 323.17 2.28108 5.02 21.90
6852.70 326.48 1.56915 2.80 25.44
7822.00 330.05 1.00159 2.24 28.14
8908.56 334.80 0.56897 4.68 29.34
10151.70 339.88 0.30768 3.12 31.19
10847.96 341.22 0.17441 2.21 34.12
11604.98 343.71 0.10162 7.69 33.81
12445.92 352.50 0.06174 7.73 28.97
13415.41 371.90 0.01269 11.84 21.12
14582.14 398.91 0.00499 12.57 11.06
16011.85 419.39 0.00488 8.67 8.53
30999.98 877.93 0.00632 -14.27 0.56
