950.00 304.44 13.36162
0.00 304.44 13.36162 -1.81 1.63
153.28 304.44 13.36162 -5.80 5.49
389.20 306.52 12.46382 -8.27 12.98
630.88 307.70 11.95659 -8.36 18.50
877.94 308.11 11.58753 -7.16 21.15
1130.29 308.35 11.39732 -5.13 21.44
1388.21 308.64 11.17361 -3.09 20.56
1651.99 309.03 10.94787 -1.11 19.38
1922.09 309.64 10.51549 0.66 18.01
2199.07 310.48 9.67660 1.82 16.20
2775.58 312.41 7.19087 2.83 13.20
3384.92 313.86 6.29775 3.10 14.66
4031.53 315.85 4.89587 3.04 17.16
4723.66 319.77 3.17702 0.68 16.76
5471.16 323.88 1.57758 3.94 19.07
6282.44 326.53 0.67301 4.76 22.23
7165.60 328.01 0.57546 4.60 22.04
8137.07 330.52 0.36453 5.75 19.59
9223.58 334.17 0.29493 8.20 19.88
10463.15 338.70 0.24579 12.41 21.45
11158.13 341.36 0.16040 13.65 20.64
11916.53 343.88 0.09937 13.19 19.69
12750.69 346.34 0.05278 11.17 20.46
13702.19 368.26 0.02552 11.93 23.53
14859.08 395.18 0.00954 17.47 7.32
16274.78 417.39 0.00495 5.06 2.13
31261.27 879.88 0.00629 -11.55 0.77
