950.00 297.14 11.27900
0.00 297.14 11.27900 -2.89 0.63
162.20 297.14 11.27900 -6.95 2.56
391.68 297.92 11.08530 -8.68 5.54
626.19 298.58 11.06048 -8.49 8.38
865.87 299.15 11.04338 -7.59 10.01
1110.85 299.41 10.82505 -7.10 9.95
1361.32 300.34 9.87069 -6.77 8.70
1618.22 301.89 8.86711 -5.97 7.99
1882.13 303.63 7.33482 -4.39 7.76
2153.73 305.54 6.18232 -1.95 7.65
2720.91 308.54 4.63655 3.32 9.65
3322.81 310.67 4.26832 5.28 10.87
3962.72 312.87 4.12839 5.32 11.89
4646.89 315.50 3.17807 7.60 11.83
5383.49 318.70 2.42365 12.48 14.99
6181.97 321.48 1.68653 14.52 17.85
7052.98 323.80 1.08609 15.35 20.16
8012.55 326.44 0.65375 17.45 25.11
9086.67 331.40 0.46882 14.69 33.72
10319.47 336.88 0.23820 4.74 38.57
11009.71 338.67 0.14315 9.22 43.12
11765.92 345.43 0.09087 22.99 43.05
12615.06 357.17 0.02277 26.15 31.54
13597.09 377.95 0.01039 18.77 17.97
14781.15 403.91 0.00494 11.42 10.73
16229.92 425.63 0.00480 11.96 11.57
31284.10 875.86 0.00630 -14.77 3.63
