950.00 295.91 12.35913
0.00 295.91 12.35913 -1.83 2.39
189.98 295.91 12.35913 -2.71 7.95
419.09 298.10 11.74716 -2.37 10.98
654.40 300.02 11.15602 -3.39 10.44
895.39 300.90 11.02437 -4.40 8.61
1142.03 301.79 10.67284 -4.45 7.54
1394.64 303.00 9.98691 -3.79 8.42
1653.89 304.53 9.15288 -2.62 9.35
1920.15 305.87 8.57833 -1.23 9.97
2193.65 307.06 8.16530 -0.08 10.96
2763.64 309.13 7.07638 0.39 12.43
3366.97 311.21 5.34540 0.29 11.27
4008.78 313.93 3.88354 1.13 10.83
4694.90 316.33 2.89884 3.83 10.28
5433.08 319.32 2.32378 8.05 13.67
6232.65 321.81 1.83993 11.31 17.19
7104.66 324.38 1.41568 13.34 21.39
8067.59 328.47 0.91732 13.11 27.15
9149.92 333.44 0.53998 8.51 29.20
10385.51 337.03 0.23540 9.24 33.15
11076.87 339.42 0.14305 11.89 38.09
11830.84 343.16 0.08944 16.20 38.54
12676.37 356.03 0.06503 23.16 29.03
13654.22 376.89 0.00820 17.41 16.42
14832.77 399.91 0.00501 10.34 11.60
16267.73 422.44 0.00489 11.48 10.62
31296.38 873.51 0.00637 -13.09 1.07
