925.00 297.54 11.61457
0.00 297.54 11.61457 5.73 -3.05
64.87 297.54 11.61457 8.16 -4.78
298.94 298.01 10.60565 10.97 -8.08
538.29 299.05 10.54490 8.42 -7.29
783.48 300.25 10.72214 5.69 -4.32
1035.10 302.11 10.52810 3.85 -0.38
1294.10 304.73 10.70409 2.34 4.27
1561.55 307.62 10.64949 1.05 7.37
1837.27 309.38 9.66106 0.96 7.81
2412.25 311.93 6.14970 3.64 7.69
3019.10 312.41 4.85333 4.85 7.00
3662.39 314.44 3.97106 4.18 8.47
4350.06 317.03 3.83255 0.83 12.06
5090.23 319.96 3.36207 0.78 16.74
5892.30 322.95 2.30378 2.29 20.19
6767.67 325.56 1.56779 3.36 22.98
7733.25 328.96 0.94940 3.99 26.36
8815.40 333.41 0.54718 2.03 27.56
10053.04 338.26 0.26516 -1.80 28.54
10746.69 340.75 0.15438 -3.31 36.82
11505.30 346.33 0.09618 -1.88 40.44
12359.08 358.63 0.04680 1.83 26.41
13339.63 373.75 0.01188 15.29 19.29
14510.75 401.64 0.00479 15.64 15.45
15947.49 419.88 0.00503 8.36 8.68
30913.54 876.64 0.00627 -15.94 0.67
