925.00 297.22 13.55746
0.00 297.22 13.55746 -3.40 -1.37
150.70 297.22 13.55746 -6.63 -0.43
385.35 299.54 12.90967 -8.69 4.65
627.09 302.71 12.15586 -5.63 10.06
875.87 304.69 11.39171 -1.48 13.18
1131.03 305.77 10.65227 1.46 15.11
1392.47 306.67 10.18355 2.95 17.04
1660.81 308.30 9.67479 3.58 17.95
1936.80 309.74 8.26053 3.09 17.12
2510.81 311.17 6.01180 0.57 15.45
3117.47 312.54 5.46622 0.91 16.16
3761.58 315.17 4.53514 2.15 16.37
4451.09 317.87 3.57318 3.71 16.45
5192.66 320.46 2.90281 5.47 17.69
5995.59 323.36 2.27835 7.22 20.42
6873.08 326.36 1.57126 7.97 23.69
7840.85 329.52 0.94259 8.08 27.01
8927.13 334.98 0.56632 8.87 27.55
10169.66 338.94 0.27299 7.93 31.35
10863.92 340.53 0.16606 9.44 33.57
11620.39 343.51 0.10422 13.77 33.37
12461.64 353.52 0.07004 15.09 32.52
13432.45 371.50 0.02186 14.11 24.89
14599.13 398.39 0.00452 12.97 9.95
16023.74 417.89 0.00501 9.68 8.97
31025.12 881.02 0.00630 -13.13 -0.72
