950.00 295.60 11.64064
0.00 295.60 11.64064 -1.89 1.59
194.32 295.60 11.64064 -2.89 6.66
423.34 298.47 11.23483 -0.77 10.79
658.86 300.26 10.80298 -0.91 11.08
899.94 301.04 10.71650 -1.52 10.35
1146.63 301.97 10.45350 -1.78 9.75
1399.39 303.23 9.77709 -1.62 9.91
1658.82 304.88 8.73444 -1.11 10.19
1925.41 306.52 7.99222 -0.27 10.32
2199.43 307.70 7.58134 0.44 10.66
2770.28 309.63 6.98226 0.93 12.40
3374.45 311.28 5.65139 1.92 11.77
4016.62 314.15 3.69789 2.68 11.17
4703.01 316.48 2.77370 5.13 9.35
5441.60 319.53 2.08411 9.22 12.69
6241.53 321.96 1.60235 12.58 15.67
7113.92 324.45 1.32755 15.13 20.35
8076.80 328.27 0.93225 15.03 26.21
9158.39 333.21 0.53474 12.86 30.13
10393.63 337.09 0.24207 12.87 34.02
11084.99 339.41 0.14762 13.56 37.89
11837.53 341.20 0.07989 14.86 39.37
12678.68 356.53 0.07619 22.59 26.68
13658.21 375.83 0.00828 17.82 13.83
14833.96 400.37 0.00506 10.48 11.88
16268.97 421.60 0.00492 10.79 9.70
31304.44 872.64 0.00637 -12.32 2.17
