950.00 298.89 10.00088
0.00 298.89 10.00088 -3.80 0.71
69.09 298.89 10.00088 -6.09 1.23
299.54 299.02 10.08051 -9.17 2.27
534.54 299.19 9.92806 -9.59 3.00
774.32 299.21 9.89091 -8.84 3.41
1019.13 299.48 9.42803 -7.50 3.50
1269.40 300.32 8.00871 -5.62 3.15
1525.89 301.56 6.80054 -4.09 3.21
1789.04 302.51 6.75855 -3.56 3.89
2059.26 303.76 6.32961 -2.71 4.33
2623.13 306.53 5.79843 -0.41 9.30
3221.21 308.63 5.09530 1.27 12.42
3857.77 311.62 4.56981 4.55 14.01
4540.17 314.75 3.48898 9.08 16.48
5274.88 317.68 2.46041 11.49 18.35
6071.07 320.79 1.76318 13.61 21.95
6941.11 323.64 1.09732 16.77 25.92
7900.62 326.65 0.50468 14.47 32.78
8976.23 331.82 0.40340 9.75 38.28
10208.46 336.44 0.22064 5.31 44.80
10898.24 338.57 0.12559 9.61 51.57
11655.11 346.67 0.07138 17.72 48.06
12508.49 358.48 0.02371 21.20 34.60
13493.88 378.44 0.00946 18.52 20.38
14678.09 404.27 0.00506 13.50 12.27
16133.90 429.29 0.00477 13.37 10.23
31195.37 879.20 0.00618 -15.88 3.78
