925.00 299.34 13.66957
0.00 299.34 13.66957 -4.23 1.01
115.86 299.34 13.66957 -8.65 2.94
353.27 303.17 12.54601 -7.29 8.20
597.23 304.78 11.54028 -2.46 10.76
847.27 306.21 10.52597 0.97 13.75
1103.58 307.35 10.00038 2.17 16.97
1366.45 308.56 9.85204 3.01 19.61
1636.37 309.93 9.77563 4.56 19.84
1913.60 310.84 8.70965 4.81 18.09
2488.76 311.37 6.37953 4.05 15.90
3096.52 313.26 5.78630 5.00 13.94
3742.72 316.07 4.86845 6.02 14.34
4434.06 318.51 3.95340 6.49 17.03
5176.95 320.88 3.13279 6.59 19.91
5980.76 323.68 2.44997 5.44 22.28
6859.18 327.00 1.62371 3.07 24.39
7829.17 330.19 0.96626 2.67 26.35
8916.88 335.25 0.58368 4.52 28.04
10161.04 339.85 0.30449 4.17 31.74
10856.58 340.67 0.17017 5.96 33.81
11612.89 343.69 0.10289 10.29 31.22
12455.21 353.34 0.07599 7.91 29.61
13422.30 369.00 0.02751 8.96 22.65
14581.18 397.04 0.00493 14.51 10.97
16008.24 420.21 0.00490 9.42 6.74
30999.53 878.27 0.00620 -14.15 0.86
