950.00 296.08 12.80888
0.00 296.08 12.80888 -2.37 0.26
173.24 296.08 12.80888 -4.10 3.69
402.92 299.30 11.52455 -4.45 6.16
638.98 300.84 11.47981 -4.22 6.49
880.67 301.70 11.40063 -3.93 6.89
1128.08 302.84 11.32626 -2.77 8.75
1381.82 304.14 11.28205 -1.15 11.73
1642.21 305.52 10.94529 0.24 14.45
1909.56 306.87 9.93266 1.01 16.00
2184.14 308.09 8.67411 1.08 16.17
2755.86 309.85 6.68157 -0.08 13.92
3359.80 311.08 5.39710 -0.77 13.43
4001.56 314.05 4.37181 0.40 12.90
4688.54 316.79 3.27615 3.14 13.24
5427.77 319.69 2.66807 6.51 15.84
6228.59 322.46 2.19397 8.91 19.21
7103.48 325.74 1.53934 10.69 23.35
8070.31 329.45 0.95593 11.75 27.18
9154.22 333.61 0.54363 11.01 28.53
10392.21 338.07 0.24842 10.39 31.92
11085.20 339.87 0.14590 10.94 34.32
11838.81 341.89 0.08600 13.89 35.81
12679.91 355.46 0.06867 19.89 30.68
13657.35 375.18 0.00938 17.05 19.47
14832.38 398.81 0.00503 9.71 11.70
16259.70 420.29 0.00492 11.48 9.34
31274.99 876.22 0.00636 -12.88 -0.61
