950.00 296.80 12.93110
0.00 296.80 12.93110 -4.95 -0.65
197.13 296.80 12.93110 -10.16 -0.26
427.19 299.50 12.25663 -6.71 3.05
664.07 302.54 11.88900 -5.94 7.88
907.57 304.28 11.74151 -5.13 12.48
1157.30 305.63 11.51032 -3.30 16.23
1413.28 306.73 11.18829 -0.90 18.34
1675.66 307.61 10.92133 1.54 18.71
1944.64 308.37 10.53723 3.86 17.91
2220.42 309.22 9.33674 5.97 16.59
2793.84 310.53 6.90381 8.54 16.03
3398.50 311.05 6.33669 9.23 18.06
4041.51 314.81 5.89437 9.50 19.58
4731.60 318.42 4.95992 9.34 20.36
5475.44 321.59 3.69844 8.50 20.40
6280.93 324.30 2.68296 8.31 20.32
7160.78 327.59 1.74119 8.87 20.43
8132.04 330.66 1.03774 9.36 20.15
9218.40 334.14 0.53672 8.80 20.11
10455.22 337.38 0.23470 6.93 21.63
11146.43 339.30 0.14156 6.10 22.80
11899.07 341.12 0.07629 7.43 24.86
12730.17 349.04 0.05636 10.77 26.24
13701.09 373.85 0.04964 16.91 15.35
14863.49 395.29 0.01055 10.40 7.51
16284.38 417.88 0.00496 7.03 3.22
31283.56 878.98 0.00615 -11.92 -0.47
