950.00 297.02 11.28485
0.00 297.02 11.28485 -3.21 1.04
148.94 297.02 11.28485 -6.85 2.67
378.27 297.58 11.20829 -8.96 4.85
612.44 297.99 11.13954 -8.23 5.81
851.52 298.23 11.00694 -7.50 5.84
1095.71 298.74 9.73930 -7.19 5.74
1345.70 300.46 7.63895 -6.55 6.00
1602.58 302.38 6.68926 -5.56 6.57
1866.59 303.76 6.24491 -4.61 7.08
2137.91 305.09 5.89071 -3.04 7.15
2703.99 307.95 4.63080 1.72 9.73
3304.42 309.61 4.48865 4.43 11.73
3942.33 312.07 4.30998 5.71 12.83
4625.24 314.99 3.43385 8.78 13.79
5360.77 318.21 2.57341 12.72 16.50
6158.43 321.29 1.77600 14.55 19.48
7029.19 323.66 1.16838 16.31 21.73
7988.14 326.14 0.64913 17.23 26.61
9061.07 330.98 0.44964 15.72 35.58
10293.81 337.14 0.24028 5.18 41.56
10984.61 338.62 0.13920 7.89 46.03
11740.21 345.39 0.07955 21.52 46.92
12590.68 357.96 0.02482 25.55 32.73
13574.29 377.57 0.01088 18.51 19.76
14759.11 405.08 0.00495 12.70 10.62
16213.33 427.32 0.00488 12.03 10.73
31273.17 877.62 0.00627 -15.48 3.88
