950.00 297.18 11.66334
0.00 297.18 11.66334 -3.38 1.08
173.78 297.18 11.66334 -7.26 4.07
403.34 297.89 11.59780 -8.30 7.58
637.85 298.56 11.40429 -7.85 10.54
877.75 299.52 11.18262 -7.64 10.57
1123.04 299.73 11.04210 -7.31 8.94
1373.87 300.80 9.93884 -6.39 7.85
1631.18 302.29 9.05182 -5.52 7.88
1895.55 304.11 7.85464 -3.70 7.73
2167.55 305.75 6.98648 -1.26 7.88
2735.40 308.70 5.45383 2.94 9.49
3337.68 310.93 4.36896 3.93 9.62
3978.40 313.29 3.97259 3.85 10.34
4663.44 315.95 3.09473 6.40 10.93
5400.99 319.08 2.37780 11.19 14.51
6200.15 321.70 1.68250 13.64 17.66
7071.55 323.95 1.15647 14.61 20.78
8031.75 326.96 0.83541 15.31 26.31
9108.50 332.13 0.49437 9.92 32.07
10342.16 336.69 0.23433 3.86 35.68
11031.79 338.43 0.14143 8.96 40.88
11787.39 345.23 0.09810 21.58 41.78
12635.51 356.46 0.02312 25.85 32.01
13616.78 378.31 0.00988 19.15 17.50
14801.60 403.47 0.00496 10.26 10.80
16247.21 424.42 0.00488 11.29 12.11
31289.72 874.63 0.00626 -14.13 2.50
