950.00 305.67 12.61311
0.00 305.67 12.61311 -4.49 7.09
168.24 305.67 12.61311 -7.94 14.29
404.45 306.27 12.28029 -8.58 18.67
645.53 306.67 11.83318 -7.77 21.35
891.70 307.03 11.40686 -6.34 22.84
1143.21 307.53 10.79360 -4.47 23.39
1400.49 308.41 9.86350 -1.89 23.12
1664.25 309.94 8.14633 1.63 21.36
1935.09 311.59 6.21962 3.69 18.25
2213.24 312.76 5.12121 3.60 15.03
2792.04 313.85 4.73282 2.91 12.49
3402.40 314.45 4.16686 3.11 14.79
4049.34 316.65 1.89545 3.49 15.78
4742.10 320.42 1.69515 1.60 14.04
5490.17 323.94 0.77959 3.74 15.68
6301.04 326.60 0.36208 1.82 18.99
7185.00 328.44 0.28945 0.96 22.25
8157.40 330.78 0.45597 1.05 21.09
9246.31 335.32 0.12865 8.62 21.23
10488.17 338.35 0.07144 14.20 22.85
11181.88 340.60 0.04711 15.74 20.31
11939.32 343.90 0.05281 16.50 17.26
12776.69 348.73 0.04891 11.72 15.90
13729.25 364.69 0.02636 6.04 19.42
14877.79 393.97 0.00573 17.41 10.97
16293.28 416.87 0.00496 7.15 -1.67
31261.07 880.98 0.00611 -12.57 0.65
