925.00 298.63 12.59053
0.00 298.63 12.59053 4.56 -2.48
63.75 298.63 12.59053 6.43 -3.89
298.93 299.27 11.63402 8.29 -6.82
539.40 300.32 11.10790 6.96 -5.79
785.49 301.00 11.01768 6.63 -3.70
1037.59 302.39 10.98570 6.17 0.33
1296.61 304.17 10.93698 5.49 4.47
1563.17 306.27 10.55168 4.33 7.49
1837.88 308.36 10.68316 3.00 8.22
2412.12 311.20 7.93555 1.79 6.45
3017.87 311.66 5.71646 0.97 5.07
3661.11 314.93 4.78060 0.17 7.35
4350.92 318.15 4.30366 -0.06 12.27
5093.99 321.28 3.48343 0.78 16.59
5899.12 324.20 2.50366 1.62 19.39
6778.11 327.06 1.82523 2.11 21.97
7748.94 330.94 1.13836 2.26 24.35
8835.91 334.30 0.60283 1.19 22.45
10073.39 337.72 0.26407 -0.00 22.82
10764.90 339.53 0.15779 -0.86 29.13
11520.15 343.13 0.09191 -4.20 37.70
12363.84 357.73 0.06155 2.61 32.41
13350.86 376.30 0.01303 14.29 19.60
14521.11 399.16 0.00475 16.48 15.03
15950.26 418.33 0.00506 8.83 8.08
30904.28 875.59 0.00626 -15.66 0.81
