925.00 297.58 13.41169
0.00 297.58 13.41169 -2.77 0.36
83.53 297.58 13.41169 -4.65 1.12
318.29 298.87 12.88428 -8.14 4.46
559.07 301.17 12.03961 -6.95 8.61
806.53 303.09 11.35796 -3.26 11.79
1060.18 303.69 10.93635 0.10 14.26
1320.25 305.89 9.72492 2.00 15.84
1588.36 308.54 8.06344 -0.12 15.37
1864.19 309.82 7.05250 -1.66 13.80
2438.18 311.25 6.12269 -1.55 11.16
3044.64 312.54 5.10768 0.49 9.85
3688.57 314.84 3.92785 3.31 10.38
4377.08 317.49 3.01849 6.07 12.75
5117.58 320.00 2.46307 7.84 16.86
5918.91 322.68 1.98635 7.81 21.12
6793.95 325.59 1.35776 6.55 25.37
7761.11 329.86 0.83427 7.14 28.76
8847.64 334.49 0.48368 8.99 27.94
10086.81 338.06 0.25308 4.68 30.20
10779.70 340.42 0.15906 7.25 35.06
11537.74 344.70 0.11306 11.48 38.42
12379.30 351.99 0.03990 15.70 34.83
13345.83 372.95 0.01350 21.84 23.45
14524.03 402.51 0.00494 10.38 11.35
15967.39 421.57 0.00480 6.48 12.60
30970.71 879.27 0.00619 -12.64 -1.09
