950.00 297.01 12.53481
0.00 297.01 12.53481 -5.00 1.02
201.54 297.01 12.53481 -8.72 4.98
431.80 299.72 11.73587 -4.82 8.10
668.54 302.25 11.47248 -2.35 12.13
911.70 303.79 11.59465 -1.20 15.46
1160.86 304.93 11.37155 -0.06 17.69
1416.25 306.13 11.09038 1.25 18.83
1678.20 307.26 10.75488 2.90 18.79
1946.90 308.15 9.88456 4.49 17.99
2222.22 308.69 8.36701 5.64 17.08
2794.07 309.91 6.24299 7.03 16.59
3397.09 310.24 6.06917 8.25 16.79
4039.29 314.68 5.49824 8.78 17.05
4728.15 317.78 4.46615 9.09 17.59
5470.23 320.94 3.49180 9.33 18.65
6274.40 323.97 2.57476 9.51 19.81
7153.36 327.12 1.72078 9.83 20.68
8122.96 329.96 1.02364 9.93 21.72
9206.98 333.28 0.53694 10.48 24.26
10442.98 337.64 0.24652 9.45 27.87
11135.26 339.88 0.15010 7.64 29.46
11888.26 340.70 0.07185 9.80 30.20
12721.86 352.35 0.06993 15.81 26.07
13700.22 374.78 0.05009 13.59 13.10
14864.30 395.86 0.00717 8.70 8.42
16285.09 418.18 0.00498 9.13 4.71
31294.06 876.80 0.00630 -11.96 -0.72
