900.00 301.21 12.79054
0.00 301.21 12.79054 0.32 0.58
231.94 301.21 12.79054 -1.73 4.04
474.36 302.78 12.03301 1.29 5.15
722.88 304.24 11.52069 4.47 5.19
977.74 305.54 10.62341 5.90 6.71
1239.43 307.70 10.07008 5.94 9.68
1509.18 310.26 9.35090 4.46 11.52
1786.81 311.58 7.89024 2.30 10.22
2363.76 312.43 5.77240 2.19 6.94
2971.65 313.22 4.57740 2.98 5.34
3616.24 315.02 3.73987 3.43 6.03
4304.80 317.30 3.77421 3.00 11.84
5045.71 320.31 3.36888 2.76 19.04
5848.34 323.06 2.37924 3.19 22.58
6724.75 326.19 1.57217 2.51 26.59
7693.16 330.02 1.00377 3.03 30.39
8779.42 334.68 0.58331 3.01 31.93
10022.51 339.89 0.29234 -0.25 32.06
10719.73 342.35 0.18676 -2.70 33.07
11479.51 344.40 0.10418 0.17 35.96
12318.82 350.88 0.05332 2.81 30.65
13286.52 372.68 0.01463 12.01 21.81
14456.82 400.98 0.00486 14.98 13.15
15894.28 420.30 0.00489 7.65 7.66
30868.79 877.11 0.00618 -15.02 0.40
