950.00 294.83 11.27248
0.00 294.83 11.27248 -1.81 1.05
189.74 294.83 11.27248 -3.19 5.87
418.40 298.47 11.12532 -0.77 10.63
654.03 300.48 10.70029 -0.55 11.32
895.27 301.23 10.72733 -0.88 10.85
1142.12 302.22 10.48680 -0.91 10.39
1395.16 303.59 9.78284 -0.57 10.66
1654.89 305.19 8.86742 0.01 11.11
1921.78 306.80 8.25416 0.74 11.42
2196.06 307.96 7.88256 1.19 11.88
2767.39 309.78 7.08126 1.08 13.08
3371.74 311.39 5.59565 1.96 11.73
4014.17 314.26 3.67552 2.72 10.96
4700.82 316.58 2.77977 5.25 9.47
5439.48 319.54 2.10328 9.30 12.53
6239.41 321.98 1.62581 12.69 15.35
7111.98 324.56 1.37010 15.24 20.19
8075.31 328.45 0.93670 14.95 25.91
9156.99 333.13 0.53123 14.00 29.82
10391.92 337.02 0.24119 14.07 33.39
11082.92 339.18 0.14851 14.07 36.94
11835.00 340.80 0.07810 15.21 38.96
12674.88 356.90 0.07461 21.95 25.98
13656.09 375.78 0.00858 17.64 12.95
14831.23 399.87 0.00526 9.81 11.89
16262.92 420.80 0.00498 11.22 9.39
31299.87 872.68 0.00624 -11.95 2.17
