950.00 296.83 12.81967
0.00 296.83 12.81967 -3.28 1.27
69.78 296.83 12.81967 -4.89 2.67
299.16 297.53 12.48691 -7.97 6.02
533.66 298.67 11.98583 -8.27 8.88
773.77 299.61 11.42336 -8.82 9.56
1019.20 300.29 11.20667 -9.14 8.34
1270.71 301.58 10.69630 -8.33 8.24
1528.89 303.18 10.41243 -7.33 8.93
1794.28 304.80 9.90976 -6.19 9.57
2067.10 306.23 9.04332 -4.05 10.01
2635.88 308.36 6.99983 -0.31 9.69
3237.46 310.49 4.82145 1.28 8.72
3877.97 313.54 3.97304 2.49 9.53
4563.96 316.52 3.18205 5.18 12.06
5302.77 319.49 2.55671 9.31 15.62
6102.68 321.93 1.94662 11.66 19.12
6974.94 324.42 1.42031 12.47 23.29
7937.41 328.40 1.00498 11.40 28.57
9019.31 333.42 0.55199 5.57 28.39
10254.65 336.93 0.23671 3.05 31.38
10944.43 338.26 0.13792 6.32 36.03
11697.64 343.60 0.09745 17.07 42.04
12541.48 355.01 0.03049 24.65 36.01
13521.98 377.97 0.01023 19.78 19.58
14707.67 404.69 0.00488 9.65 11.27
16154.55 423.49 0.00481 9.62 12.34
31180.85 875.35 0.00622 -13.36 0.77
