950.00 296.09 13.18442
0.00 296.09 13.18442 -2.69 -0.47
162.15 296.09 13.18442 -6.43 0.99
391.65 298.42 12.48039 -7.27 4.64
627.33 300.59 12.04865 -5.57 7.41
869.24 302.33 11.84956 -3.73 10.32
1117.51 304.02 11.55383 -1.97 13.40
1372.33 305.52 11.25312 -0.08 15.80
1633.85 306.78 10.80885 1.79 17.15
1902.25 308.03 9.91582 3.35 17.72
2177.80 309.10 8.54184 3.91 17.32
2750.74 310.55 6.46568 2.26 15.07
3356.31 311.70 5.72543 2.59 16.04
3999.50 314.74 4.68077 3.29 16.26
4688.03 317.44 3.53604 4.59 16.36
5428.97 320.40 2.79942 6.25 18.06
6231.93 323.44 2.24527 7.50 20.50
7109.42 326.37 1.58821 8.89 23.75
8077.67 329.70 0.98369 10.86 26.28
9163.11 334.29 0.55203 10.85 27.70
10404.01 338.70 0.26189 10.00 31.46
11097.87 340.15 0.15626 10.43 32.20
11852.45 342.25 0.09085 13.68 32.88
12691.50 353.75 0.07271 16.71 31.53
13666.14 372.88 0.02480 16.64 21.09
14832.71 396.70 0.00449 9.79 10.77
16253.55 419.32 0.00499 11.64 7.58
31261.71 879.07 0.00633 -12.93 -0.91
