950.00 297.83 13.14705
0.00 297.83 13.14705 -6.67 -0.08
169.78 297.83 13.14705 -10.34 3.09
400.73 300.54 12.41586 -7.30 7.71
638.29 303.23 11.89696 -4.97 12.41
882.35 305.02 11.58765 -3.60 16.21
1132.65 306.39 11.29979 -1.76 18.41
1389.23 307.48 11.23308 0.58 18.76
1652.26 308.30 10.72172 2.86 17.80
1921.64 308.86 9.52168 4.87 16.67
2197.63 309.42 8.46919 6.44 16.23
2771.25 310.88 6.98298 8.43 17.07
3377.46 311.69 6.38672 10.02 18.75
4020.98 314.77 5.67340 10.15 20.51
4710.23 317.71 4.28714 9.79 19.83
5452.21 320.81 3.28715 9.19 19.32
6256.50 324.09 2.45618 8.22 19.69
7136.18 327.16 1.58222 7.91 20.73
8106.77 330.44 0.96003 8.24 22.75
9194.23 334.52 0.58837 8.62 25.75
10435.53 338.78 0.28297 9.55 28.17
11129.80 340.47 0.16759 9.07 28.60
11884.48 341.78 0.08945 11.20 29.44
12718.03 349.87 0.06193 13.52 28.98
13690.02 373.47 0.05590 17.41 16.05
14847.37 392.96 0.01112 9.68 8.11
16267.60 420.64 0.00490 8.50 3.74
31270.45 879.01 0.00632 -12.77 -0.52
