925.00 297.61 13.57816
0.00 297.61 13.57816 -2.59 -0.05
190.00 297.61 13.57816 -5.86 2.33
425.69 301.38 12.87827 -6.62 8.05
669.21 304.93 11.96255 -3.42 12.59
919.63 306.48 11.30674 -0.69 15.10
1176.19 307.32 10.80373 1.04 16.65
1438.88 307.92 10.43809 2.30 17.95
1708.04 308.72 10.13222 3.46 19.07
1984.27 309.77 9.74400 4.92 19.41
2558.90 310.95 7.51317 5.85 18.26
3165.72 312.61 6.12726 5.14 19.28
3810.05 315.13 5.57127 5.72 21.67
4500.14 318.06 4.11226 6.12 21.72
5242.66 320.96 3.12888 6.91 20.86
6046.87 323.71 2.48114 7.11 21.14
6925.55 326.84 1.66972 6.98 23.24
7894.37 329.74 0.98673 6.69 25.77
8981.85 335.35 0.59442 7.23 28.12
10225.80 339.27 0.29189 8.18 32.24
10920.42 340.57 0.17285 9.74 32.84
11676.79 343.37 0.10386 12.72 31.43
12516.45 351.77 0.07801 11.39 31.80
13481.76 368.82 0.05193 15.77 24.74
14641.87 397.92 0.00394 12.28 7.54
16065.36 419.14 0.00491 10.28 5.45
31062.91 880.50 0.00621 -13.44 0.07
