925.00 307.29 12.73464
0.00 307.29 12.73464 -3.46 7.30
209.36 307.29 12.73464 -7.70 17.15
451.46 307.83 12.44089 -8.00 21.84
698.58 308.03 12.09551 -6.76 24.28
950.92 308.25 11.66419 -4.64 25.26
1208.80 308.72 11.02356 -2.22 25.39
1472.79 309.64 10.04853 0.80 24.49
1743.45 310.73 8.73949 3.42 22.47
2021.19 311.80 7.50300 4.47 19.92
2599.41 313.63 5.82526 3.62 15.55
3210.26 314.58 5.49656 1.78 15.15
3857.22 315.57 4.20903 0.77 17.52
4547.95 319.31 2.91671 -0.82 17.78
5294.79 323.67 1.42629 2.62 19.78
6106.06 326.90 0.34313 1.94 23.15
6990.48 328.49 0.45133 0.80 22.66
7963.68 331.40 0.24805 3.60 19.78
9053.86 335.45 0.20669 9.04 18.00
10296.44 339.01 0.21320 13.70 18.02
10991.93 341.68 0.14819 15.53 17.09
11750.84 344.30 0.08708 16.51 16.39
12587.85 348.23 0.04692 13.61 17.77
13540.12 364.54 0.02451 7.66 21.09
14688.70 395.71 0.00555 16.81 9.78
16108.93 417.70 0.00497 7.30 0.77
31081.05 878.81 0.00629 -12.19 0.10
