925.00 298.58 12.93568
0.00 298.58 12.93568 1.02 1.02
72.42 298.58 12.93568 1.17 1.89
307.77 299.38 12.63056 -0.82 4.42
548.31 300.07 12.39629 -1.70 6.86
794.54 301.33 11.94977 -0.84 9.26
1047.05 302.61 11.37472 1.08 11.32
1305.97 303.93 10.64659 2.75 12.38
1572.12 305.88 9.73282 1.81 12.68
1845.94 307.51 9.01224 0.11 11.59
2417.55 310.12 7.48471 -0.30 8.13
3022.46 311.77 5.78045 2.74 6.66
3664.81 313.95 3.70368 7.36 9.48
4352.35 317.71 2.44024 7.34 13.90
5093.82 320.61 2.10031 5.68 18.83
5896.12 322.81 1.44239 4.25 22.67
6770.32 324.96 0.99291 2.81 26.37
7735.51 329.25 0.53228 3.95 30.96
8820.09 333.84 0.20342 6.49 32.38
10058.44 338.43 0.23445 2.29 34.33
10753.01 341.50 0.14993 4.71 40.25
11512.74 345.36 0.10091 8.22 40.81
12356.99 353.01 0.04342 11.40 34.81
13322.96 371.71 0.01493 21.62 24.41
14503.40 404.37 0.00488 11.52 11.02
15953.86 423.39 0.00475 5.41 11.16
30953.60 878.18 0.00636 -13.67 -0.13
