925.00 298.70 13.86288
0.00 298.70 13.86288 -3.23 -0.13
120.78 298.70 13.86288 -6.50 0.40
357.83 303.19 13.01433 -7.96 5.76
602.39 305.71 12.77074 -7.34 10.35
853.43 306.99 12.66785 -6.36 13.57
1110.66 307.85 12.56356 -4.74 15.49
1374.09 308.46 12.20078 -2.58 16.54
1643.91 309.13 11.51470 0.04 17.52
1920.63 310.05 10.90172 2.91 18.37
2496.47 311.58 8.94693 6.93 19.12
3104.75 313.20 6.64842 8.07 19.69
3750.66 315.66 5.71817 7.72 20.11
4442.49 318.90 4.26826 6.61 20.47
5186.76 321.57 3.09564 6.08 21.03
5992.37 324.34 2.32823 5.22 21.98
6872.00 327.18 1.65632 4.15 23.06
7842.67 330.65 1.06705 3.65 23.83
8931.63 335.56 0.63054 3.64 25.66
10176.40 339.95 0.29389 3.41 29.47
10872.60 341.18 0.16860 4.16 30.68
11628.87 342.71 0.09036 4.48 30.77
12463.28 347.99 0.05589 4.85 31.31
13421.76 367.46 0.03759 16.74 24.93
14578.76 398.35 0.00542 14.28 6.76
16007.45 420.64 0.00491 7.54 3.95
30994.04 876.82 0.00630 -13.56 1.02
