925.00 307.15 13.89894
0.00 307.15 13.89894 -2.79 8.73
106.71 307.15 13.89894 -4.52 14.26
348.88 307.62 13.73617 -5.87 20.64
596.00 307.97 13.42008 -5.21 24.03
848.55 308.38 12.83578 -3.37 25.89
1106.79 308.88 12.17709 -0.92 26.30
1370.99 309.55 11.19483 1.55 25.93
1641.68 310.62 9.16427 4.22 24.10
1919.39 312.06 6.18565 5.34 21.47
2497.73 314.15 3.58494 2.92 17.26
3109.01 315.41 3.64590 0.55 14.92
3757.56 316.79 3.26717 -0.18 14.51
4449.71 319.30 2.57294 -1.00 15.36
5194.92 322.53 1.34148 -0.17 17.58
6003.60 326.22 0.56613 1.31 21.15
6887.53 328.68 0.54612 0.90 21.26
7862.28 332.24 0.26820 4.62 19.06
8955.19 335.98 0.24208 8.99 19.03
10199.70 339.47 0.25821 11.86 18.74
10895.55 341.51 0.18417 15.64 16.66
11654.21 344.39 0.10648 18.69 15.70
12493.31 350.09 0.04918 17.28 18.44
13448.79 364.58 0.02065 5.60 18.67
14599.11 395.12 0.00537 15.67 8.99
16016.79 417.48 0.00496 12.01 2.92
30967.80 878.46 0.00623 -12.44 0.27
