950.00 296.70 12.70207
0.00 296.70 12.70207 -4.90 -0.97
220.05 296.70 12.70207 -9.08 -1.30
449.96 299.16 12.31494 -5.58 0.89
686.43 301.86 11.92940 -5.10 5.18
929.39 303.67 11.76914 -4.95 10.03
1178.67 305.12 11.58252 -3.60 14.52
1434.31 306.36 11.29236 -1.44 17.76
1696.44 307.38 10.95321 0.93 19.19
1965.24 308.13 10.64326 3.25 19.00
2240.84 308.92 9.90591 5.38 17.59
2814.09 310.44 7.36503 7.40 15.69
3418.89 311.32 6.21510 7.48 17.31
4062.39 315.06 5.55367 8.15 18.90
4752.86 318.54 4.75657 8.15 19.53
5496.75 321.49 3.62847 7.51 19.44
6302.03 324.15 2.69142 7.66 19.60
7181.38 327.32 1.81740 8.48 20.01
8152.18 330.72 1.05816 9.82 19.81
9239.00 334.45 0.56748 10.04 19.22
10476.23 337.31 0.23235 8.43 20.23
11166.92 339.00 0.13829 7.62 21.11
11919.06 341.06 0.07666 8.51 23.14
12749.40 348.31 0.05278 9.82 25.29
13719.09 374.07 0.04204 16.09 16.00
14883.63 395.55 0.00972 10.68 7.78
16303.09 417.28 0.00503 7.71 3.70
31302.17 879.15 0.00617 -11.73 -0.42
