925.00 299.25 13.51920
0.00 299.25 13.51920 -3.62 0.65
134.33 299.25 13.51920 -7.61 3.34
371.22 302.36 12.71123 -6.85 8.47
614.60 304.08 11.70428 -2.39 10.74
864.16 305.58 10.66337 1.46 12.68
1119.85 306.42 10.00548 3.23 15.33
1381.83 307.62 9.71482 4.17 17.73
1651.22 309.79 9.05229 4.75 16.62
1928.24 310.74 7.53529 3.68 14.84
2503.09 311.67 5.86103 2.24 13.04
3111.16 313.38 5.29157 3.33 11.21
3756.93 315.77 4.32326 4.69 10.76
4447.30 318.14 3.53902 5.53 12.85
5189.33 320.57 2.86682 6.30 17.07
5992.19 323.16 2.33123 5.95 21.18
6869.21 326.50 1.57597 3.57 24.48
7837.95 329.81 0.91618 3.05 27.64
8924.80 335.15 0.53268 6.25 28.68
10168.29 339.59 0.29910 5.35 31.96
10863.73 340.85 0.17192 5.95 35.18
11620.55 343.80 0.10442 10.14 32.79
12462.97 353.69 0.06500 10.04 29.84
13433.43 370.95 0.01481 10.74 22.82
14596.74 397.68 0.00505 13.43 11.19
16023.85 419.15 0.00500 9.23 8.01
31020.03 879.65 0.00625 -13.76 0.73
