950.00 298.04 13.08112
0.00 298.04 13.08112 -6.34 -0.23
175.20 298.04 13.08112 -11.05 3.44
406.40 301.07 12.29126 -7.84 8.50
644.37 303.75 11.77270 -5.98 13.13
888.75 305.34 11.47737 -4.42 16.67
1139.22 306.54 11.19275 -2.14 18.63
1395.86 307.53 11.12928 0.47 18.76
1658.93 308.35 10.65010 2.97 17.62
1928.37 308.95 9.38185 5.12 16.29
2204.32 309.46 8.20611 6.69 15.80
2777.90 310.86 6.95544 8.98 17.20
3383.78 311.47 6.46106 10.94 19.35
4027.28 314.81 5.76763 10.80 20.70
4716.75 317.89 4.41900 10.48 20.27
5459.22 321.00 3.33663 9.77 19.90
6263.86 324.17 2.45367 8.77 20.00
7143.85 327.37 1.58664 8.39 20.22
8114.83 330.51 0.95144 8.12 21.71
9202.13 334.39 0.56801 8.02 24.29
10442.62 338.55 0.27019 8.62 26.64
11136.52 340.34 0.16535 8.10 27.46
11890.70 341.44 0.08578 10.13 28.73
12723.53 349.64 0.06053 13.41 28.20
13695.16 373.54 0.05731 17.10 15.07
14852.21 393.13 0.01218 10.19 7.82
16273.41 420.27 0.00494 7.40 3.24
31274.99 878.87 0.00630 -12.57 -0.50
