925.00 298.76 13.52797
0.00 298.76 13.52797 -3.70 0.19
139.87 298.76 13.52797 -8.36 2.37
376.44 302.15 12.74367 -7.71 8.47
619.86 304.25 11.80471 -3.24 11.35
869.51 305.52 10.81525 0.70 13.01
1125.12 306.28 10.12578 2.72 15.32
1386.85 307.09 9.84542 3.62 18.10
1655.67 309.06 9.68320 4.57 18.57
1932.37 310.48 8.22750 4.05 16.94
2506.94 311.33 6.08254 2.25 14.90
3114.47 313.09 5.53607 2.84 14.43
3759.88 315.66 4.63987 4.22 14.18
4450.35 318.23 3.67403 5.36 15.11
5192.59 320.64 3.00075 6.35 17.55
5995.81 323.31 2.37699 6.50 20.92
6873.50 326.63 1.58693 4.83 24.10
7842.05 329.75 0.93943 4.32 27.34
8929.41 335.35 0.56787 6.75 28.16
10172.90 339.33 0.29243 6.36 32.04
10867.83 340.66 0.16936 7.69 34.86
11624.45 343.71 0.10549 11.77 32.44
12466.67 353.67 0.07060 11.48 30.84
13436.05 370.09 0.02507 10.91 24.53
14598.20 397.75 0.00488 14.19 10.58
16024.69 418.80 0.00492 9.44 7.50
31022.50 880.75 0.00625 -13.58 0.47
