925.00 297.75 13.51228
0.00 297.75 13.51228 -3.30 -0.45
176.18 297.75 13.51228 -7.34 1.86
411.99 301.43 12.86029 -7.29 8.18
655.35 304.57 11.94662 -3.22 12.34
905.35 305.92 11.19220 0.38 14.41
1161.40 306.73 10.53685 2.25 16.09
1423.58 307.41 10.18450 3.19 17.98
1692.36 308.50 10.02221 4.10 19.39
1968.49 309.75 9.39624 5.05 19.16
2542.75 310.90 6.77400 4.15 17.51
3149.40 312.57 5.88262 3.47 18.58
3793.84 315.30 5.29894 4.57 20.15
4484.00 318.08 4.08374 5.44 20.14
5226.52 320.92 3.06611 6.40 19.95
6030.47 323.57 2.41301 6.98 21.21
6908.72 326.70 1.62187 6.77 23.71
7877.18 329.67 0.95400 6.42 26.56
8964.61 335.38 0.58705 7.31 28.18
10208.36 339.20 0.29029 7.73 32.42
10902.88 340.51 0.17322 9.45 33.55
11659.20 343.47 0.10477 13.10 31.84
12500.19 352.86 0.08010 12.23 32.03
13467.13 369.01 0.04469 13.86 25.48
14628.40 398.22 0.00415 13.38 8.62
16052.76 418.60 0.00499 10.19 6.40
31050.98 880.90 0.00628 -13.46 0.00
