950.00 305.53 12.32462
0.00 305.53 12.32462 -4.98 7.59
178.40 305.53 12.32462 -8.76 15.45
414.67 306.41 12.06611 -9.08 19.88
655.85 306.83 11.72073 -7.87 22.02
902.09 307.14 11.38106 -6.22 22.90
1153.71 307.66 10.83849 -4.09 22.93
1411.09 308.44 10.07270 -1.56 22.24
1674.80 309.69 8.79502 1.43 20.50
1945.46 311.12 7.36699 3.38 17.63
2223.40 312.28 6.28241 3.71 14.41
2801.85 313.69 5.06189 3.33 12.30
3412.31 314.54 4.35370 3.69 15.10
4059.43 316.63 2.25488 3.98 15.96
4752.32 320.42 1.90646 1.88 14.28
5500.41 323.92 0.92754 4.62 15.99
6311.35 326.62 0.36943 3.01 19.50
7195.24 328.38 0.30657 1.91 22.54
8167.23 330.57 0.44844 1.82 21.07
9255.30 335.03 0.11781 8.49 21.00
10496.55 338.32 0.08266 14.20 22.46
11190.31 340.63 0.06020 15.16 20.28
11947.90 343.86 0.07069 15.32 17.25
12784.20 347.99 0.05453 11.62 16.15
13735.49 365.40 0.02547 7.07 20.47
14886.98 394.35 0.00593 18.02 11.00
16301.45 416.27 0.00501 6.72 -1.07
31274.85 881.33 0.00616 -12.23 0.81
