950.00 296.24 12.88987
0.00 296.24 12.88987 -3.78 -0.36
193.15 296.24 12.88987 -6.15 2.02
422.90 299.09 11.86984 -6.21 4.88
658.87 300.76 11.67405 -5.04 6.22
900.64 301.92 11.65376 -3.88 8.06
1148.36 303.21 11.55389 -2.40 10.96
1402.50 304.65 11.37732 -0.63 14.05
1663.38 306.13 10.93157 1.19 16.33
1931.29 307.57 9.88421 2.44 17.38
2206.43 308.70 8.34866 2.50 17.09
2778.84 310.30 6.36148 0.70 14.18
3383.64 311.37 5.43241 0.63 14.68
4026.07 314.40 4.42056 1.54 14.37
4713.79 317.14 3.35233 3.76 14.67
5453.98 320.10 2.70596 6.32 17.04
6256.01 323.00 2.20907 8.11 20.10
7132.34 326.12 1.57162 9.68 23.76
8100.01 329.59 0.96931 11.54 26.77
9184.56 333.91 0.54398 11.41 28.17
10424.08 338.46 0.25154 10.30 31.72
11117.68 340.07 0.14930 10.60 32.99
11871.75 341.99 0.08744 13.68 34.09
12711.52 354.67 0.07035 18.36 31.09
13687.89 373.91 0.01411 16.78 20.38
14858.60 397.75 0.00482 9.72 11.61
16282.39 419.66 0.00497 11.60 8.50
31293.61 877.85 0.00630 -12.85 -0.92
