950.00 305.66 12.14981
0.00 305.66 12.14981 -5.84 8.25
172.31 305.66 12.14981 -9.72 16.65
408.77 306.91 11.73091 -9.74 21.43
650.34 307.32 11.41970 -8.10 23.18
896.91 307.52 11.18801 -6.10 23.27
1148.79 307.97 10.77764 -3.63 22.42
1406.40 308.61 10.27075 -1.29 21.12
1670.19 309.49 9.55011 1.16 19.32
1940.69 310.62 8.63642 2.96 16.64
2218.36 311.76 7.40460 3.66 13.56
2796.24 313.41 5.37168 3.56 12.30
3406.68 314.67 4.38896 4.13 15.11
4054.08 316.63 2.72942 4.52 15.86
4746.99 320.26 2.21671 2.31 14.33
5494.78 323.78 1.12952 5.18 16.19
6305.60 326.56 0.42357 4.29 20.00
7189.22 328.23 0.35101 3.08 22.64
8160.66 330.33 0.44844 2.89 20.84
9247.81 334.72 0.10945 8.25 20.79
10488.35 338.29 0.10995 13.83 22.24
11182.16 340.64 0.09306 14.30 20.21
11939.85 343.89 0.08919 14.03 17.31
12775.44 347.34 0.05740 11.21 16.66
13725.96 366.35 0.02500 8.11 21.22
14880.57 394.63 0.00635 18.61 10.88
16293.96 415.89 0.00506 6.34 -0.27
31272.20 881.86 0.00625 -11.93 0.91
