950.00 298.38 13.93873
0.00 298.38 13.93873 -3.85 -3.53
184.45 298.38 13.93873 -9.44 -7.46
416.35 301.82 13.06506 -11.40 -0.89
654.98 304.51 12.51194 -10.81 6.91
900.12 306.24 11.92230 -9.33 13.57
1151.38 307.34 11.43987 -7.14 17.93
1408.58 307.97 11.08306 -4.94 19.38
1671.83 308.42 10.84617 -2.85 18.97
1941.37 308.96 10.59830 -0.76 17.85
2217.78 309.83 10.01375 1.25 16.34
2792.81 311.51 7.85761 3.79 14.44
3401.31 313.69 5.93204 5.34 15.93
4047.54 315.80 5.30863 7.12 18.12
4739.59 319.35 3.65476 5.53 18.05
5485.57 322.78 2.12461 6.56 19.23
6294.01 325.41 1.45770 8.15 20.85
7175.47 327.59 1.03721 8.92 21.10
8146.63 330.50 0.72908 9.07 19.85
9233.81 334.26 0.46753 9.14 20.08
10472.66 338.02 0.26580 10.55 20.05
11165.86 340.27 0.15746 11.14 19.83
11921.05 342.38 0.08792 10.28 20.53
12752.41 345.69 0.04746 9.29 23.03
13710.28 372.61 0.02642 14.48 20.02
14871.25 393.32 0.01782 17.24 7.29
16287.35 418.16 0.00496 4.83 2.41
31277.51 881.39 0.00617 -11.78 -0.18
