925.00 297.14 13.62413
0.00 297.14 13.62413 -4.04 -0.86
87.08 297.14 13.62413 -6.21 -0.60
321.48 299.18 12.79456 -9.89 3.88
563.00 302.54 12.07702 -7.01 9.63
811.61 304.52 11.23630 -2.58 12.75
1066.59 305.50 10.51529 0.86 14.71
1327.78 306.53 10.04031 2.73 16.64
1596.25 308.71 9.19953 2.98 16.83
1872.51 310.12 7.54821 1.65 15.70
2446.90 311.48 5.81342 -0.76 14.38
3053.88 312.70 5.22740 0.25 14.51
3698.11 315.17 4.17132 1.80 14.14
4387.33 317.76 3.36052 3.78 14.45
5128.34 320.15 2.90002 5.73 16.43
5930.77 323.29 2.21091 7.36 19.69
6807.98 326.28 1.53284 7.84 23.45
7775.57 329.47 0.96153 7.82 27.09
8861.44 334.84 0.55048 9.08 27.53
10103.36 338.82 0.26883 7.43 30.85
10797.57 340.67 0.16270 8.99 33.85
11554.65 343.82 0.10607 13.45 34.23
12396.10 353.39 0.05994 15.51 32.56
13367.63 372.54 0.01235 14.84 24.38
14536.55 398.66 0.00491 12.68 10.61
15963.46 418.12 0.00493 8.77 10.08
30964.98 881.04 0.00630 -13.00 -0.86
