925.00 299.47 13.70610
0.00 299.47 13.70610 3.04 -1.29
23.23 299.47 13.70610 3.95 -1.69
259.18 300.02 12.73744 4.87 -3.21
500.22 300.79 11.99566 4.05 -1.69
746.92 301.77 11.59487 5.63 -0.98
999.86 303.57 10.83753 5.87 1.66
1260.08 305.91 10.50196 5.00 5.96
1528.37 308.56 10.29739 3.62 9.18
1804.89 310.29 9.82485 1.69 9.36
2380.76 311.84 7.52503 1.29 6.60
2988.12 312.46 5.34989 2.44 5.26
3631.76 314.77 4.04598 1.89 6.55
4320.38 317.58 3.85377 0.24 12.03
5062.23 320.75 3.25200 0.38 18.26
5865.80 323.37 2.22263 1.21 21.65
6742.19 325.91 1.60663 1.67 25.07
7709.63 329.69 1.05744 2.23 27.66
8793.44 333.76 0.57857 2.62 29.70
10033.83 339.15 0.28705 0.74 31.01
10729.52 341.98 0.17759 -1.65 34.87
11489.40 344.72 0.09952 -3.42 38.10
12333.81 355.22 0.05048 -0.35 30.29
13312.88 374.46 0.01347 12.71 19.51
14481.95 399.80 0.00480 16.01 15.00
15914.52 419.49 0.00493 9.65 8.42
30882.35 876.56 0.00626 -15.52 0.78
