925.00 298.22 12.42443
0.00 298.22 12.42443 -0.58 -0.47
101.79 298.22 12.42443 -2.18 -0.01
336.70 298.98 11.99479 -4.36 2.04
576.98 299.94 11.78922 -5.36 3.88
822.95 300.95 11.49989 -5.41 5.60
1075.03 302.20 11.11825 -4.78 5.99
1333.59 303.61 10.49103 -4.05 6.56
1599.16 305.03 9.59836 -2.86 7.23
1871.95 306.10 8.95436 -1.90 7.39
2440.38 308.26 7.80667 -2.25 8.72
3042.74 310.94 6.23282 -2.35 10.43
3683.54 313.06 4.92490 2.53 12.36
4368.35 315.85 3.57947 7.76 13.88
5106.18 319.46 2.27382 10.06 17.22
5907.08 322.62 1.47803 10.07 21.64
6781.73 325.54 0.88582 5.84 25.89
7748.53 329.79 0.54510 3.01 31.39
8834.05 333.78 0.40411 3.61 32.23
10070.41 337.12 0.26100 2.12 31.81
10761.06 339.27 0.14417 5.60 39.18
11517.83 345.05 0.10515 11.65 44.56
12362.90 353.49 0.04488 15.01 38.79
13330.81 374.18 0.01455 22.95 26.92
14514.46 405.12 0.00494 11.62 12.61
15970.11 426.17 0.00474 8.15 12.05
30984.28 875.69 0.00628 -13.33 -0.46
