925.00 299.72 13.07329
0.00 299.72 13.07329 -2.73 0.74
110.35 299.72 13.07329 -5.10 2.24
347.54 302.44 11.98865 -1.48 8.17
591.26 305.05 11.83532 0.78 13.04
841.60 306.36 11.47835 1.79 15.54
1098.34 307.78 11.27643 2.83 17.15
1361.85 309.14 10.85532 3.77 17.82
1632.26 310.05 10.51143 4.55 17.99
1909.49 310.51 10.41212 5.32 17.91
2485.84 311.84 7.77755 6.73 17.04
3092.84 312.22 6.50371 6.66 17.76
3738.48 316.15 5.51898 4.80 20.16
4431.27 319.46 4.25783 3.08 21.59
5177.32 322.52 2.88921 2.93 21.77
5985.16 325.18 2.13137 3.05 21.69
6866.54 327.76 1.60322 1.87 22.84
7838.56 331.24 1.20413 0.62 23.49
8929.31 336.15 0.65511 0.99 23.10
10175.50 340.33 0.30468 -0.03 24.67
10871.76 341.23 0.17142 0.51 25.52
11626.90 342.11 0.08702 5.73 27.42
12463.20 350.38 0.05524 6.49 26.87
13425.81 368.65 0.02212 8.34 21.96
14587.60 397.73 0.00498 15.83 10.53
16012.46 418.00 0.00493 9.76 6.01
30981.62 876.39 0.00623 -14.45 0.67
