950.00 297.00 11.81560
0.00 297.00 11.81560 -2.91 1.87
180.97 297.00 11.81560 -6.05 6.26
410.43 297.75 11.74998 -6.16 9.89
644.97 298.83 11.25734 -5.66 11.93
885.06 299.85 10.93537 -6.04 10.69
1130.67 300.28 10.83254 -6.00 8.86
1381.88 301.18 10.01569 -5.38 7.84
1639.50 302.56 9.21502 -4.50 8.13
1904.17 304.50 7.93508 -2.73 8.07
2176.56 306.14 7.10918 -0.52 8.16
2745.04 308.93 5.93910 2.85 9.88
3348.29 311.55 4.62176 3.52 10.06
3990.21 313.83 3.57866 3.08 10.31
4675.92 316.20 2.87414 5.38 9.99
5413.92 319.27 2.19768 9.98 13.73
6213.29 321.73 1.59063 12.93 16.94
7084.73 324.01 1.13689 14.49 20.39
8045.39 327.30 0.85720 14.85 25.92
9123.98 332.64 0.51955 8.42 30.64
10357.89 336.44 0.23215 5.56 34.33
11047.83 338.88 0.14337 11.58 40.23
11803.78 345.25 0.09919 21.15 39.18
12651.40 355.53 0.03436 25.61 30.50
13630.01 378.20 0.00893 18.29 16.16
14812.24 401.59 0.00491 10.43 11.34
16253.57 424.01 0.00481 11.85 11.70
31293.42 873.81 0.00627 -13.71 2.31
