950.00 296.66 11.52721
0.00 296.66 11.52721 -2.66 1.87
186.29 296.66 11.52721 -5.36 6.74
415.51 297.67 11.45685 -4.34 10.09
650.12 298.94 11.08915 -3.45 10.91
890.17 299.71 10.85677 -3.79 10.30
1135.71 300.37 10.70955 -3.56 10.11
1387.02 301.23 10.35186 -3.26 9.94
1644.69 302.58 9.44488 -3.01 9.91
1909.44 304.73 8.12473 -1.86 9.43
2182.28 306.85 6.80841 -0.13 8.40
2751.76 309.41 5.51457 3.24 9.69
3355.90 312.05 4.70309 4.52 11.18
3998.76 314.23 3.41206 4.11 11.46
4684.98 316.35 2.69451 5.87 8.87
5423.21 319.34 2.00015 9.80 12.33
6222.56 321.68 1.43238 13.05 14.94
7094.08 324.17 1.00300 15.60 18.63
8055.35 327.31 0.80356 17.15 24.63
9134.27 332.81 0.52756 11.53 30.71
10369.00 336.96 0.23412 10.30 35.81
11060.61 339.68 0.14577 13.96 40.30
11815.34 343.54 0.09215 18.65 38.83
12660.06 354.80 0.06919 25.66 28.02
13635.56 376.30 0.00909 17.78 14.48
14812.54 401.45 0.00487 12.01 11.90
16255.34 424.35 0.00480 11.24 10.27
31300.04 873.35 0.00635 -13.17 3.34
