950.00 297.21 11.52221
0.00 297.21 11.52221 -3.43 0.27
173.99 297.21 11.52221 -7.73 1.42
403.53 298.04 11.43536 -9.42 4.20
638.18 298.63 11.51758 -8.86 6.66
877.97 299.21 11.28677 -7.79 7.86
1123.04 299.64 10.46206 -7.10 8.22
1373.66 300.65 9.42918 -6.56 8.03
1630.90 302.33 8.47508 -5.64 7.77
1895.14 303.90 7.30248 -4.34 7.37
2166.74 305.28 6.47879 -2.58 7.31
2733.36 308.06 4.90471 1.58 9.43
3334.04 309.80 4.24460 3.71 10.80
3972.33 312.30 4.36752 4.81 11.43
4655.85 315.36 3.43277 8.19 12.79
5392.37 318.65 2.60066 12.63 16.07
6190.83 321.49 1.80176 14.57 19.12
7061.99 323.86 1.18773 15.32 22.00
8021.76 326.56 0.75991 15.77 27.57
9096.96 331.81 0.49445 11.29 33.93
10331.07 337.30 0.24391 3.03 39.01
11021.67 338.39 0.13841 5.95 43.26
11776.40 344.84 0.08761 20.24 45.85
12625.04 357.44 0.02597 26.00 33.66
13608.95 377.66 0.01088 19.05 19.22
14794.29 405.36 0.00497 11.62 10.75
16247.23 426.16 0.00475 10.93 11.63
31294.69 876.08 0.00634 -14.83 2.88
