925.00 299.62 12.18636
0.00 299.62 12.18636 -1.82 0.04
111.39 299.62 12.18636 -1.55 2.76
348.21 302.54 12.01559 2.30 9.49
592.14 305.02 12.22945 2.89 13.03
842.55 306.38 12.06334 2.65 14.86
1099.29 307.59 11.83629 2.62 16.61
1362.64 308.76 11.56901 2.86 17.71
1632.64 309.15 11.58873 3.28 18.34
1909.13 309.54 11.36726 3.89 18.92
2484.31 311.18 8.66213 4.92 20.04
3090.52 311.94 6.79444 3.31 21.80
3736.01 316.24 5.43514 0.21 22.81
4429.49 319.98 4.14426 -0.80 23.22
5176.79 323.08 2.64941 0.62 23.26
5986.23 325.95 1.86700 2.44 22.85
6869.85 328.65 1.54176 3.28 22.17
7844.12 331.86 1.24245 3.26 21.47
8936.39 336.52 0.69148 3.60 21.45
10183.20 340.46 0.30128 1.39 23.00
10879.76 341.68 0.17492 1.09 23.22
11635.62 342.11 0.08808 3.38 23.78
12467.94 347.31 0.05449 7.28 27.72
13428.56 369.96 0.02989 7.48 22.33
14591.16 398.05 0.00492 17.09 10.59
16016.03 417.60 0.00497 10.52 5.42
30973.73 875.06 0.00633 -13.98 0.83
