950.00 298.85 13.32256
0.00 298.85 13.32256 -4.73 -0.96
188.73 298.85 13.32256 -9.27 -0.81
420.70 301.87 12.77420 -8.00 4.14
659.39 304.56 12.33924 -7.74 9.13
904.60 306.40 11.87529 -7.72 13.59
1156.00 307.57 11.50346 -6.42 17.01
1413.43 308.23 11.42947 -4.35 18.96
1677.01 308.71 11.47210 -1.92 19.62
1946.96 309.30 11.26707 0.46 19.31
2223.73 310.07 10.61222 2.68 18.22
2799.39 311.58 8.62026 6.53 16.60
3407.72 313.15 6.98612 8.07 17.65
4053.53 315.48 6.10834 6.99 19.41
4744.62 318.56 4.33271 6.49 19.68
5488.94 321.82 2.64529 7.57 19.37
6294.96 324.48 2.09281 7.55 19.81
7175.00 327.27 1.56679 7.19 20.78
8145.39 330.23 1.05076 6.99 21.45
9232.26 334.46 0.60210 6.99 23.49
10474.02 339.31 0.28739 9.32 26.60
11169.41 341.04 0.16911 9.62 27.18
11925.16 342.28 0.09003 9.24 27.69
12757.39 347.07 0.05046 8.08 28.66
13720.56 371.71 0.04196 19.44 20.19
14876.53 394.06 0.01606 10.78 4.25
16298.29 420.59 0.00490 6.80 3.20
31292.32 879.17 0.00618 -12.50 0.46
