950.00 297.24 12.12334
0.00 297.24 12.12334 -3.15 1.66
177.62 297.24 12.12334 -6.72 5.14
407.16 297.71 12.08041 -7.27 8.51
641.73 298.80 11.58058 -7.22 10.94
881.81 299.58 11.28715 -8.08 9.75
1127.20 300.05 11.04198 -8.23 7.82
1378.41 301.32 10.23306 -7.14 7.60
1636.28 302.89 9.63625 -6.02 8.10
1901.31 304.61 8.84065 -4.10 8.37
2173.80 305.97 8.14200 -1.92 8.89
2742.28 308.66 6.33069 1.32 9.74
3344.31 310.70 4.57864 2.20 8.76
3985.06 313.45 3.89752 2.70 9.40
4670.54 316.22 3.08603 5.42 11.03
5408.64 319.26 2.44092 9.95 14.77
6208.11 321.79 1.79296 12.52 18.19
7079.76 324.10 1.30555 13.54 21.91
8040.85 327.72 0.91955 13.11 27.55
9120.36 332.72 0.51622 7.11 30.00
10354.53 336.70 0.23550 3.63 33.44
11044.05 338.28 0.13981 8.03 38.64
11798.38 344.50 0.09861 19.47 41.93
12645.03 356.02 0.02627 25.29 33.42
13626.03 378.32 0.00976 19.50 18.18
14812.08 403.80 0.00487 9.50 10.81
16256.67 423.51 0.00489 10.48 12.27
31289.65 874.67 0.00626 -13.69 1.48
