975.00 287.21 8.86139
0.00 287.21 8.86139 -7.15 3.99
22.19 287.21 8.86139 -8.13 4.71
245.36 296.98 12.28592 -7.25 6.79
475.37 299.14 11.53413 -2.34 6.98
711.48 301.41 11.43511 0.84 9.45
953.97 303.05 11.70475 2.39 12.36
1202.71 304.47 11.55559 3.13 14.72
1457.79 305.71 11.07920 3.87 16.30
1719.34 306.82 10.60000 4.79 17.01
1987.65 307.83 9.90483 5.89 17.01
2262.87 308.62 8.76088 6.82 16.40
2834.97 309.96 6.57858 7.64 15.79
3437.99 310.12 6.06857 7.52 15.54
4079.99 314.73 5.33027 7.44 15.63
4769.08 317.80 4.37102 8.11 15.98
5510.75 320.58 3.47790 8.77 16.44
6313.74 323.43 2.62820 9.66 17.41
7191.25 326.73 1.74727 10.84 18.71
8160.04 329.79 1.01677 11.79 20.04
9242.81 332.78 0.52468 12.60 21.92
10476.06 336.93 0.23730 12.78 26.76
11166.91 339.34 0.14828 10.67 29.36
11919.15 340.51 0.07149 11.68 30.93
12754.48 354.76 0.07643 13.48 24.13
13737.32 375.17 0.03660 11.25 10.46
14898.96 394.07 0.00765 8.55 9.07
16318.06 419.50 0.00494 11.48 6.12
31338.50 875.76 0.00629 -11.03 -0.25
