925.00 297.00 12.84629
0.00 297.00 12.84629 -2.75 0.13
170.86 297.00 12.84629 -6.11 1.79
405.45 299.26 12.23681 -7.80 5.10
646.74 301.84 11.79924 -6.16 8.26
894.56 303.49 11.55203 -3.63 11.27
1148.96 305.06 11.16450 -0.96 14.02
1410.07 306.37 10.63258 1.23 16.03
1678.18 307.85 9.84585 2.30 17.11
1953.73 309.27 8.58957 2.07 17.07
2527.26 310.85 6.33367 -0.23 14.70
3133.16 311.99 5.48744 -0.20 14.99
3776.20 314.63 4.54394 0.85 15.02
4464.35 317.26 3.51173 2.80 15.41
5204.55 319.95 2.89734 5.17 17.14
6006.31 323.03 2.26199 7.46 19.75
6882.75 326.14 1.58228 9.60 23.14
7850.22 329.52 0.96367 10.92 26.56
8934.97 334.12 0.53436 10.07 27.10
10175.30 338.59 0.24926 8.71 30.76
10868.91 340.16 0.14894 9.89 32.75
11624.25 342.98 0.09526 14.66 34.83
12465.50 354.16 0.06664 18.57 32.78
13439.07 373.34 0.01210 16.56 22.60
14611.05 399.07 0.00454 10.62 11.02
16036.52 418.72 0.00497 10.53 10.24
31044.68 879.16 0.00617 -12.78 -1.06
