925.00 300.12 13.81184
0.00 300.12 13.81184 -3.71 1.15
124.94 300.12 13.81184 -7.94 3.06
362.83 303.30 12.24279 -6.32 7.06
606.92 305.28 11.30704 -2.86 11.45
857.57 307.02 10.92265 -0.51 15.45
1114.67 308.21 10.78076 1.33 17.55
1378.41 309.39 10.55693 2.97 18.50
1649.02 310.42 10.21547 4.37 18.34
1926.71 311.22 9.73167 5.02 17.28
2503.52 311.93 7.03457 5.40 13.79
3111.23 313.00 5.79379 6.45 12.14
3756.95 315.95 5.28249 6.78 14.51
4448.59 318.72 4.34309 5.77 19.39
5192.27 321.25 3.31028 4.55 21.65
5997.10 324.03 2.53314 3.57 22.30
6876.09 327.02 1.70085 1.77 24.56
7846.56 330.77 1.04041 1.19 26.15
8935.62 335.47 0.60260 1.76 26.69
10180.95 340.39 0.31379 0.97 28.41
10877.56 341.15 0.17475 2.45 30.06
11633.82 343.26 0.09556 9.07 30.31
12473.59 351.69 0.06223 6.59 27.84
13438.03 369.41 0.01971 8.44 21.15
14600.74 397.22 0.00502 14.68 10.67
16026.32 419.30 0.00490 9.00 7.35
31004.96 877.11 0.00618 -14.73 0.51
