925.00 302.83 13.83124
0.00 302.83 13.83124 2.03 0.14
198.98 302.83 13.83124 4.42 0.54
437.76 303.45 13.30672 3.43 3.64
682.05 305.26 13.30751 1.52 8.48
932.88 306.72 13.33363 0.18 13.06
1190.05 307.75 13.14203 -0.52 17.06
1453.51 308.32 12.78228 -0.52 19.93
1723.15 308.71 12.29002 -0.02 22.01
1999.64 309.71 11.25537 0.98 23.26
2575.25 311.68 8.67459 2.47 22.75
3183.68 313.63 5.87376 -0.06 20.60
3830.57 316.64 4.38781 -3.11 19.94
4524.05 320.14 3.04506 -3.29 20.53
5271.73 323.81 1.48279 -0.26 22.21
6083.74 327.38 0.81218 1.59 23.49
6970.76 329.96 0.70049 3.94 19.98
7949.08 332.97 0.57279 6.99 16.49
9041.83 335.46 0.62595 7.17 16.54
10285.79 339.65 0.29028 8.34 17.37
10981.89 341.72 0.18023 11.95 16.40
11739.17 343.01 0.09512 15.02 16.63
12574.86 349.14 0.04978 14.13 20.54
13529.77 365.03 0.02265 6.44 21.11
14682.28 396.00 0.00521 15.93 9.51
16103.63 417.61 0.00495 11.58 3.64
31062.04 876.94 0.00632 -12.67 0.26
