950.00 297.23 13.46670
0.00 297.23 13.46670 -5.05 -1.36
175.02 297.23 13.46670 -11.40 -1.97
405.73 300.47 12.54411 -10.19 2.88
643.41 303.49 12.15037 -9.55 8.65
887.75 305.36 11.86022 -7.73 13.87
1138.36 306.65 11.48245 -5.05 17.29
1395.07 307.51 11.15649 -2.31 18.59
1658.04 308.23 11.04099 0.41 18.26
1927.56 308.93 10.64911 3.07 17.18
2203.87 309.75 9.46820 5.50 15.95
2778.34 311.18 7.13181 8.49 15.70
3384.93 311.86 6.56149 9.59 18.48
4028.61 314.90 6.02935 9.79 20.49
4719.10 318.60 4.58478 9.09 20.80
5463.35 321.75 3.25169 8.63 20.49
6269.32 324.50 2.37512 8.63 20.44
7149.81 327.71 1.56359 9.00 20.39
8121.56 330.71 0.95092 8.82 20.06
9208.81 334.31 0.50762 8.01 20.20
10447.36 337.86 0.24765 7.34 21.39
11139.79 339.84 0.15334 7.26 22.52
11893.56 341.51 0.08203 7.87 24.68
12724.51 347.73 0.05318 10.31 26.83
13692.06 373.49 0.04509 17.72 16.31
14850.84 393.78 0.01567 12.02 7.02
16271.78 419.01 0.00495 5.80 2.55
31267.91 879.43 0.00622 -12.07 -0.41
