925.00 297.46 12.74653
0.00 297.46 12.74653 -4.16 0.24
121.35 297.46 12.74653 -8.21 1.36
355.73 298.37 12.34248 -10.75 4.48
595.87 300.12 11.64544 -10.42 7.85
841.93 300.91 11.32358 -9.68 9.31
1093.85 301.93 11.01061 -9.13 9.50
1352.31 303.39 10.64288 -8.08 9.60
1617.88 304.95 10.31312 -7.40 9.82
1890.90 306.36 9.49715 -6.34 10.19
2459.59 307.87 7.57226 -2.33 10.01
3060.42 310.48 5.42904 1.14 9.59
3701.24 313.61 4.10151 2.89 10.57
4387.76 316.82 3.31830 5.95 13.25
5127.14 319.66 2.64130 9.82 16.77
5927.56 322.21 2.00880 11.96 20.69
6801.07 325.04 1.43144 11.96 25.34
7765.70 329.19 1.08477 9.87 30.05
8850.12 334.26 0.58008 3.50 27.25
10087.71 337.22 0.24512 1.75 29.94
10777.64 338.20 0.13835 4.37 34.36
11529.98 342.79 0.09453 14.38 41.72
12370.41 353.17 0.03606 22.72 39.16
13348.66 378.34 0.01074 20.50 20.85
14532.77 404.91 0.00487 10.80 12.07
15983.63 424.51 0.00483 9.24 12.66
31007.49 875.76 0.00629 -13.21 0.46
