925.00 297.42 13.41407
0.00 297.42 13.41407 -2.96 -1.26
199.02 297.42 13.41407 -7.53 0.82
434.19 300.37 12.84012 -7.33 6.38
676.52 303.27 12.14372 -3.96 11.11
925.68 305.10 11.39356 -0.38 13.92
1181.17 306.15 10.68497 2.02 15.70
1442.92 306.99 10.20869 3.30 17.31
1711.36 308.19 9.85264 4.02 18.37
1987.19 309.46 8.92847 4.32 18.04
2560.97 310.91 6.35639 2.49 16.37
3167.33 312.30 5.74668 2.20 17.56
3811.34 315.15 4.95365 3.20 18.62
4500.97 317.89 3.80651 4.31 18.54
5242.87 320.69 2.91788 5.74 18.99
6046.34 323.48 2.31834 7.21 20.96
6924.16 326.46 1.57552 7.96 23.84
7892.18 329.59 0.93612 8.18 26.75
8978.85 335.09 0.56887 8.68 27.73
10221.89 339.02 0.27796 8.39 31.76
10916.15 340.41 0.16674 9.79 33.13
11672.16 343.27 0.10247 13.78 32.60
12512.90 353.29 0.07709 14.39 32.49
13482.59 370.55 0.03354 14.60 24.90
14647.18 398.12 0.00409 12.55 9.21
16070.01 418.07 0.00504 10.48 7.78
31071.38 880.83 0.00626 -13.23 -0.59
