925.00 296.54 13.28002
0.00 296.54 13.28002 -2.65 -0.82
130.79 296.54 13.28002 -5.42 0.02
364.95 298.78 12.68437 -8.08 4.56
606.13 301.96 12.16059 -6.07 9.25
854.33 304.06 11.65086 -2.79 12.60
1109.24 305.64 11.02155 0.17 14.92
1370.73 306.69 10.45627 2.21 16.67
1638.95 307.92 9.90580 3.28 17.83
1914.62 309.44 8.80391 3.34 17.78
2488.56 311.07 6.25508 1.02 15.70
3095.05 312.35 5.55623 0.80 16.13
3738.72 314.94 4.70805 1.79 16.66
4427.74 317.62 3.62799 3.33 16.88
5168.85 320.33 2.91337 5.29 18.06
5971.56 323.32 2.28700 7.36 20.40
6848.87 326.34 1.58736 8.99 23.57
7816.74 329.57 0.94087 9.83 26.62
8902.36 334.61 0.54849 9.70 27.33
10144.17 338.83 0.26254 8.62 31.17
10838.13 340.31 0.15834 9.85 32.80
11593.83 343.11 0.09868 14.27 33.65
12434.67 353.72 0.07207 16.54 32.76
13406.61 372.05 0.02097 15.50 23.88
14574.77 398.35 0.00428 11.63 10.09
15997.85 418.10 0.00497 10.56 9.20
31002.48 880.17 0.00616 -12.98 -0.96
