925.00 299.84 14.26627
0.00 299.84 14.26627 -1.09 1.12
3.83 299.84 14.26627 -1.61 1.52
240.19 301.65 12.50302 -3.36 5.46
483.11 303.75 11.94478 0.23 6.79
732.63 305.61 11.29211 3.20 7.42
988.53 306.65 10.58937 4.56 9.17
1250.96 308.22 10.15541 5.23 11.89
1520.99 310.42 9.74017 4.90 13.53
1798.86 311.77 8.43064 3.25 11.87
2376.21 312.46 6.09961 2.15 7.61
2984.20 313.19 5.07385 2.90 5.49
3628.59 314.92 4.44821 3.68 6.60
4317.68 317.67 4.20530 3.53 13.68
5059.58 320.67 3.51551 3.21 20.13
5863.13 323.43 2.49849 3.56 22.75
6740.70 326.53 1.65271 2.61 26.04
7710.10 330.28 1.03655 2.81 29.27
8797.12 334.79 0.59663 2.76 30.94
10040.71 340.07 0.29677 -0.17 30.56
10737.89 342.13 0.18188 -2.45 31.61
11496.70 343.92 0.10071 1.71 34.45
12334.68 350.04 0.05622 5.12 30.33
13299.94 372.45 0.01625 11.29 22.24
14470.65 400.52 0.00486 14.77 12.43
15906.01 419.66 0.00494 7.64 7.56
30880.02 877.20 0.00620 -14.94 0.51
