950.00 296.87 14.09185
0.00 296.87 14.09185 -2.03 -0.30
75.32 296.87 14.09185 -3.59 -0.59
306.25 300.98 13.04306 -6.27 1.55
544.35 303.79 12.86952 -6.73 7.03
789.15 305.93 12.44510 -7.02 11.94
1040.33 307.27 12.15846 -5.97 15.95
1297.68 308.04 11.94293 -4.39 18.30
1561.18 308.60 11.79632 -2.57 19.18
1831.08 309.18 11.35418 -0.49 19.20
2107.75 309.95 10.52459 1.71 18.51
2683.16 311.38 8.39984 5.43 16.57
3290.52 312.84 6.77655 6.92 16.37
3936.28 315.76 6.20551 6.24 17.14
4628.77 319.38 4.62650 5.07 18.62
5374.52 322.17 3.16373 4.65 19.12
6181.38 324.55 2.27572 4.77 20.01
7061.11 327.10 1.73049 4.42 21.91
8031.37 330.40 1.15112 4.15 23.41
9118.60 334.96 0.60940 4.35 24.25
10361.33 339.85 0.30642 4.91 26.75
11057.74 341.64 0.18505 4.98 28.43
11813.80 342.20 0.09125 5.05 29.06
12644.54 345.70 0.04657 5.66 30.08
13601.90 370.05 0.03869 18.20 23.67
14761.80 397.58 0.00893 12.95 4.44
16187.99 420.18 0.00492 6.67 3.41
31175.30 876.95 0.00632 -12.78 0.95
