925.00 299.50 12.30314
0.00 299.50 12.30314 -2.95 1.13
73.24 299.50 12.30314 -4.05 3.42
310.08 302.60 11.96091 -0.27 11.02
554.23 305.49 12.43319 2.11 15.89
805.15 307.05 12.25146 2.58 17.83
1062.45 308.19 11.79834 2.81 18.76
1326.26 309.25 11.38122 3.24 18.67
1596.64 309.71 11.08145 3.87 17.87
1873.52 310.04 10.65803 4.62 17.01
2449.41 311.77 8.00363 5.33 16.54
3056.79 312.42 6.73132 4.56 18.63
3702.61 316.12 5.83568 2.52 21.44
4395.45 319.42 4.69432 0.42 22.90
5141.33 322.24 3.20273 0.49 23.23
5948.63 325.05 2.29384 1.60 22.80
6830.39 328.18 1.69341 2.01 23.01
7803.61 331.75 1.21351 2.47 23.38
8895.58 336.16 0.64133 2.61 23.88
10141.06 340.31 0.29388 0.13 24.74
10837.98 342.05 0.17546 -1.32 24.97
11595.11 342.81 0.09102 0.60 26.03
12428.81 347.77 0.05579 5.56 29.17
13392.03 370.69 0.03220 7.55 21.73
14556.11 398.18 0.00487 17.61 11.15
15981.74 417.87 0.00500 10.16 5.91
30939.69 875.04 0.00632 -14.30 0.92
