925.00 297.32 13.39617
0.00 297.32 13.39617 -4.09 0.18
99.78 297.32 13.39617 -7.55 1.04
334.56 299.55 12.61803 -10.22 5.37
576.29 302.59 11.82213 -6.98 10.13
824.77 304.20 11.16587 -2.47 12.64
1079.29 304.72 10.61842 0.82 14.57
1340.10 306.82 9.52268 2.55 15.96
1609.16 309.73 7.59399 0.62 14.72
1885.80 310.59 6.36271 -0.86 13.47
2460.65 311.85 5.41277 -1.21 12.32
3067.85 312.58 4.97306 -0.07 11.76
3711.73 314.92 3.95653 2.22 11.39
4400.24 317.44 3.24655 5.04 12.53
5140.51 319.82 2.83747 7.26 15.48
5942.02 322.98 2.12472 8.04 19.49
6818.21 325.94 1.39911 7.14 23.70
7785.37 329.57 0.87423 7.30 27.90
8871.19 334.61 0.54357 9.47 27.82
10111.68 338.48 0.25145 6.27 30.19
10805.49 340.78 0.16415 8.00 34.35
11563.69 344.45 0.10865 12.19 36.16
12405.24 352.62 0.04349 15.92 33.33
13375.13 373.39 0.01023 18.80 23.30
14549.05 400.24 0.00529 11.00 11.28
15983.19 419.52 0.00496 7.22 11.82
30985.33 880.49 0.00621 -12.73 -1.05
