925.00 299.16 12.89685
0.00 299.16 12.89685 -3.15 0.99
39.51 299.16 12.89685 -4.89 1.99
276.17 302.46 11.77755 -2.19 9.79
520.10 305.46 12.16570 1.04 15.15
771.02 307.09 12.04411 2.37 17.66
1028.35 308.28 11.68554 3.14 18.93
1292.26 309.48 11.26760 3.77 19.00
1562.95 310.10 10.91091 4.23 18.10
1840.10 310.36 10.47582 4.80 16.88
2416.48 312.03 7.56514 5.74 15.23
3024.17 312.55 6.52670 5.79 16.25
3669.78 315.99 5.83033 4.36 19.59
4362.19 319.18 4.68351 2.08 22.11
5107.53 322.09 3.22447 1.59 22.65
5914.35 324.80 2.35129 2.14 22.22
6795.27 327.77 1.72673 1.55 23.02
7767.42 331.36 1.18791 1.46 24.03
8858.19 335.85 0.62801 1.60 24.62
10103.83 340.49 0.29777 -0.48 25.49
10801.05 341.99 0.17665 -1.48 25.79
11557.77 342.60 0.09062 2.07 27.42
12393.00 349.34 0.05742 6.70 28.15
13356.02 369.51 0.02503 8.06 22.17
14520.20 398.39 0.00490 16.73 11.27
15947.05 417.97 0.00501 9.61 5.91
30910.87 875.85 0.00630 -14.49 0.93
