925.00 299.89 12.52646
0.00 299.89 12.52646 -2.60 2.21
85.46 299.89 12.52646 -3.83 5.93
322.35 302.45 12.01455 -0.26 11.86
566.40 305.12 12.57157 2.31 15.90
817.10 306.74 12.36648 3.12 17.37
1074.17 307.82 12.05005 3.31 17.73
1337.57 308.67 11.58811 3.51 17.23
1607.62 309.57 10.67249 4.01 16.16
1884.42 310.20 9.57814 4.45 14.68
2460.11 311.84 7.65583 4.30 13.21
3068.39 313.14 6.56963 4.20 15.37
3714.89 316.26 6.21757 2.83 19.34
4408.09 319.50 5.06393 -0.12 22.42
5153.94 321.95 3.59670 -1.25 23.50
5960.50 324.71 2.56539 0.03 23.71
6841.63 328.13 1.81466 1.91 24.10
7815.41 332.07 1.15387 3.60 24.59
8907.58 335.92 0.63064 3.41 25.31
10151.38 339.83 0.28870 0.82 25.59
10847.79 342.20 0.17850 -1.36 26.01
11606.40 343.84 0.09740 -1.42 27.44
12441.02 346.91 0.05394 2.26 30.93
13406.02 372.93 0.04324 7.57 21.04
14572.09 397.84 0.00482 18.81 10.99
15995.68 417.63 0.00499 10.48 6.95
30947.26 874.59 0.00625 -14.50 0.76
