975.00 290.06 10.65208
0.00 290.06 10.65208 -6.82 2.14
10.26 290.06 10.65208 -6.94 2.44
233.41 296.99 12.43041 -8.20 4.71
463.51 299.35 11.79857 -3.25 5.92
699.87 301.74 11.64911 -0.50 9.06
942.69 303.43 11.80008 0.55 12.45
1191.73 304.78 11.65168 1.33 15.21
1447.07 305.97 11.28575 2.41 17.06
1708.87 307.01 10.94089 3.61 17.90
1977.37 307.89 10.42601 5.00 17.87
2252.71 308.68 9.29533 6.32 16.99
2825.04 309.92 6.87269 7.77 15.96
3428.04 310.11 6.18576 7.88 16.13
4069.83 314.57 5.53223 8.07 17.33
4759.08 317.99 4.64836 8.73 18.19
5501.54 321.02 3.67813 9.16 18.45
6305.73 323.89 2.74652 9.74 18.68
7184.36 327.14 1.79458 10.50 18.96
8154.11 330.17 1.03392 11.25 19.48
9238.05 333.23 0.53970 11.36 20.94
10472.07 336.94 0.23470 10.37 25.07
11162.61 339.11 0.14383 8.44 27.36
11914.44 340.56 0.07209 9.61 28.81
12747.74 352.84 0.07012 12.15 25.12
13727.52 375.12 0.04476 12.68 11.89
14890.48 394.65 0.00809 8.40 8.15
16309.48 418.39 0.00501 10.25 5.45
31321.62 877.11 0.00618 -11.37 -0.54
