950.00 297.25 13.42920
0.00 297.25 13.42920 -4.75 -0.45
173.95 297.25 13.42920 -9.33 2.07
404.39 299.73 12.61611 -7.22 6.58
641.29 302.40 12.17729 -4.58 11.23
884.85 304.52 11.74103 -3.07 15.35
1134.86 306.09 11.50273 -1.49 17.82
1391.26 307.28 11.34487 0.51 18.49
1654.11 308.06 10.85482 2.59 17.94
1923.34 308.70 9.84520 4.55 17.26
2199.30 309.42 8.75887 6.20 16.76
2772.93 310.79 6.98607 7.56 16.71
3379.21 311.84 6.26691 8.54 18.17
4022.73 314.77 5.56740 8.82 20.18
4711.83 317.61 4.16935 8.52 19.49
5453.50 320.70 3.21634 8.26 18.98
6257.54 324.00 2.44333 7.69 19.67
7136.83 326.96 1.59687 7.69 21.54
8106.82 330.25 0.97979 8.69 23.88
9194.04 334.57 0.59726 9.22 26.59
10435.75 338.90 0.28335 10.04 29.53
11130.12 340.48 0.16848 9.82 29.80
11885.16 342.12 0.09256 12.07 30.24
12720.04 350.54 0.06590 13.65 29.91
13692.18 373.05 0.05243 17.65 17.75
14850.96 393.55 0.00878 9.29 8.47
16270.32 420.57 0.00493 9.81 4.43
31274.19 879.25 0.00619 -12.93 -0.55
