975.00 286.36 8.26882
0.00 286.36 8.26882 -6.20 4.71
22.09 286.36 8.26882 -7.20 5.69
244.74 296.78 12.25911 -6.27 8.71
474.59 299.00 11.40927 -1.80 7.94
710.45 301.03 11.12214 1.14 9.39
952.51 302.45 11.41838 2.78 11.66
1200.68 303.87 11.28211 3.68 13.56
1455.27 305.26 10.79808 4.58 15.18
1716.49 306.51 10.31641 5.61 16.14
1984.55 307.67 9.62319 6.61 16.32
2259.66 308.62 8.46841 7.22 15.96
2831.76 310.06 6.22006 7.14 15.24
3435.42 310.88 5.72805 6.39 14.39
4078.18 314.83 4.86252 6.06 13.44
4766.82 317.46 3.91064 6.85 13.44
5507.29 320.03 3.11747 8.05 14.30
6308.75 322.80 2.41372 9.48 16.02
7184.74 326.23 1.67032 10.98 18.63
8152.53 329.55 1.00347 12.24 21.16
9234.91 332.74 0.51956 13.90 23.10
10468.37 336.95 0.23929 14.81 27.44
11159.37 339.38 0.14989 12.97 30.35
11911.61 340.46 0.07159 13.96 32.56
12748.98 356.42 0.07910 14.44 23.01
13733.05 374.65 0.02672 11.89 9.97
14894.12 393.94 0.00711 9.17 10.23
16313.94 420.64 0.00496 12.43 6.51
31343.40 874.71 0.00627 -10.69 0.39
