925.00 299.25 13.87949
0.00 299.25 13.87949 -4.38 -0.84
97.27 299.25 13.87949 -8.01 -0.68
334.32 302.20 13.05217 -7.74 5.37
578.15 305.17 13.23286 -4.47 9.56
828.93 306.65 13.01426 -2.35 11.93
1085.88 307.43 12.53711 -0.58 13.62
1348.92 308.15 12.13311 0.73 15.23
1618.54 308.82 11.75682 2.31 16.91
1895.13 309.84 11.41434 4.15 18.28
2471.18 311.69 8.95058 7.06 19.31
3078.79 312.21 6.43645 6.98 19.68
3724.46 316.33 5.11356 4.84 20.76
4417.91 320.04 3.78529 3.45 21.11
5165.34 323.11 2.59346 4.03 21.24
5974.68 325.78 1.70538 4.14 21.92
6857.33 328.15 1.23383 3.18 22.55
7830.63 331.51 1.02520 2.21 22.44
8922.22 336.53 0.67425 2.39 21.51
10168.72 340.19 0.30646 1.05 23.27
10865.18 341.35 0.17107 1.52 23.92
11621.08 342.36 0.08536 2.05 24.85
12454.79 347.74 0.04920 1.72 26.49
13409.70 366.04 0.02707 8.58 24.30
14562.51 396.76 0.00521 17.00 9.55
15988.35 419.81 0.00494 8.43 4.63
30966.48 875.69 0.00628 -13.79 0.25
