925.00 299.73 14.12168
0.00 299.73 14.12168 -3.60 1.22
118.48 299.73 14.12168 -7.36 3.28
355.78 302.69 12.58645 -6.12 7.49
599.33 304.41 11.45684 -1.91 10.14
849.29 306.26 10.64655 1.19 13.23
1105.68 307.32 10.28106 2.59 16.05
1368.57 308.63 10.14917 3.62 18.24
1638.72 310.27 9.73131 4.68 17.76
1916.21 311.09 8.61547 4.41 15.71
2491.90 311.61 6.39190 3.56 13.24
3099.74 313.28 5.40767 4.48 10.58
3745.50 315.91 4.59106 5.77 10.75
4436.46 318.38 3.91746 6.01 14.99
5179.10 320.77 3.13726 5.86 19.47
5982.60 323.52 2.42570 4.95 22.16
6860.52 326.79 1.65594 2.71 24.84
7830.33 330.19 1.03505 2.24 26.90
8917.40 334.93 0.58433 4.35 28.43
10161.30 340.11 0.31812 3.21 31.11
10857.56 340.96 0.17386 3.54 33.51
11614.02 343.57 0.09966 9.16 32.21
12455.27 352.79 0.06918 7.38 28.89
13423.74 370.88 0.01683 9.77 20.90
14586.60 397.54 0.00500 13.50 11.15
16014.01 419.85 0.00490 9.20 7.82
31001.88 877.83 0.00630 -14.36 0.64
