950.00 302.56 13.73481
0.00 302.56 13.73481 -1.96 -1.89
166.21 302.56 13.73481 -6.79 -0.63
401.03 305.36 12.89331 -8.48 7.63
642.05 307.01 12.30368 -8.76 14.46
888.79 307.87 11.68695 -7.98 18.82
1141.03 308.30 11.37601 -6.15 20.23
1398.89 308.54 11.20487 -4.17 19.58
1662.55 308.82 11.07084 -2.24 18.47
1932.47 309.30 10.81628 -0.52 17.44
2209.19 310.11 10.13912 0.89 15.93
2785.09 312.05 7.48033 2.76 13.19
3394.18 313.83 6.26882 3.64 14.48
4040.81 315.84 5.20561 4.20 16.99
4732.94 319.57 3.39081 1.97 16.84
5479.88 323.54 1.74983 4.49 18.79
6290.29 326.14 0.94557 5.99 21.48
7172.62 327.72 0.72233 6.35 21.69
8143.52 330.34 0.47347 7.07 19.82
9229.70 334.04 0.37471 8.15 20.69
10469.07 338.65 0.27188 11.60 22.23
11163.90 341.15 0.16511 12.39 21.28
11921.48 343.47 0.09548 11.77 20.60
12754.73 345.98 0.04996 9.75 21.86
13708.11 370.05 0.02627 13.18 23.10
14866.43 394.16 0.01351 17.37 6.32
16281.72 418.07 0.00498 4.83 2.56
31271.57 880.51 0.00621 -11.51 0.71
