925.00 300.62 13.42049
0.00 300.62 13.42049 -3.62 -0.72
164.15 300.62 13.42049 -6.70 -0.29
401.42 302.13 12.98908 -2.78 3.25
645.12 304.71 12.59208 0.46 6.43
895.20 305.81 11.90842 1.04 9.23
1151.38 306.98 11.57707 1.61 12.15
1414.17 308.07 11.53031 2.26 14.93
1683.76 309.02 11.50466 3.29 17.43
1960.46 309.93 11.36628 4.59 19.07
2536.30 311.45 9.21724 7.08 19.88
3143.25 312.14 6.75308 6.25 20.39
3788.91 316.28 5.17078 3.63 21.60
4482.39 320.13 3.67015 2.46 21.65
5230.13 323.40 2.32822 3.75 21.47
6040.28 326.15 1.54489 4.13 22.12
6923.81 328.56 1.16049 2.97 22.36
7898.56 331.98 0.98781 1.72 21.33
8991.06 336.67 0.73598 1.60 20.72
10237.31 339.72 0.31018 1.06 22.18
10932.54 340.68 0.17220 2.91 23.02
11686.97 341.90 0.08829 5.70 24.94
12522.05 349.43 0.05080 3.92 26.39
13480.83 366.68 0.02579 7.86 22.81
14634.36 396.49 0.00509 16.38 10.16
16058.41 419.02 0.00492 9.60 5.26
31032.78 876.12 0.00619 -14.09 0.26
