950.00 305.30 13.25717
0.00 305.30 13.25717 -4.44 8.17
49.89 305.30 13.25717 -5.98 11.44
286.03 306.07 12.91054 -8.07 18.47
527.06 306.40 12.54226 -7.83 22.19
773.15 306.95 11.96235 -6.33 24.60
1024.74 307.63 11.15184 -4.20 25.76
1282.22 308.74 9.79955 -1.73 25.60
1546.36 310.70 7.35183 1.82 23.30
1817.82 312.64 4.63501 3.24 19.50
2096.62 313.69 3.64679 2.17 16.64
2676.42 314.48 3.86185 0.87 14.11
3287.70 315.03 3.62201 1.42 13.86
3935.35 316.74 1.99076 2.03 14.71
4627.84 320.02 1.76844 0.84 14.31
5374.73 323.34 0.99278 2.42 16.15
6184.35 326.20 0.44820 1.22 19.23
7067.85 328.47 0.42275 -0.05 21.79
8040.71 331.11 0.41509 1.09 20.21
9131.20 335.76 0.12565 8.56 21.19
10374.08 338.70 0.08625 13.47 21.22
11068.50 340.97 0.08311 16.29 18.10
11826.96 344.59 0.06293 18.37 16.92
12666.88 350.06 0.03252 13.26 17.36
13622.50 364.18 0.02947 4.56 18.12
14767.78 393.99 0.00562 16.11 9.84
16185.00 418.41 0.00494 9.23 -0.52
31144.17 880.13 0.00615 -12.75 0.11
