950.00 296.62 13.62803
0.00 296.62 13.62803 -4.11 -3.00
179.77 296.62 13.62803 -9.98 -6.88
410.23 300.08 12.76104 -11.50 -2.27
647.60 303.10 12.41049 -10.99 4.83
891.75 305.22 12.01463 -9.31 11.56
1142.36 306.67 11.60392 -6.82 16.40
1399.10 307.54 11.21815 -4.38 18.74
1662.13 308.22 10.91243 -1.99 19.02
1931.56 308.86 10.63031 0.45 18.16
2207.88 309.69 9.97358 2.76 16.72
2782.58 311.34 7.74536 5.67 15.05
3390.34 312.97 6.22174 6.79 17.00
4035.47 315.46 5.57084 8.39 19.21
4727.09 319.12 4.03649 7.19 19.34
5472.43 322.31 2.64693 7.13 19.66
6279.75 324.96 1.90402 8.13 20.56
7160.75 327.63 1.33404 8.95 20.83
8132.16 330.61 0.89474 9.23 19.90
9219.57 334.40 0.52335 8.95 19.45
10458.17 337.79 0.24795 9.18 19.24
11150.55 339.88 0.15138 9.56 19.75
11904.83 341.92 0.08429 9.29 21.50
12735.47 346.11 0.04794 9.36 24.52
13697.37 373.34 0.03082 15.99 18.37
14858.34 393.74 0.01741 15.10 7.38
16276.63 418.24 0.00491 5.25 2.48
31268.52 880.47 0.00621 -11.88 -0.39
