950.00 305.68 12.71463
0.00 305.68 12.71463 -4.46 7.34
129.64 305.68 12.71463 -7.27 13.17
365.78 306.23 12.31459 -8.46 18.06
606.90 306.68 11.91469 -7.96 21.15
853.09 307.03 11.48947 -6.63 23.01
1104.61 307.53 10.84179 -4.68 23.82
1361.93 308.44 9.79098 -2.22 23.71
1625.74 310.20 7.69086 1.63 21.75
1896.76 311.95 5.47539 3.62 18.39
2175.09 313.05 4.37900 3.18 15.32
2754.02 313.89 4.38493 2.09 13.06
3364.25 314.49 3.75591 2.32 14.55
4011.29 316.76 1.67703 3.05 15.40
4704.06 320.37 1.48593 1.31 13.58
5451.95 323.89 0.70059 2.82 15.22
6262.68 326.57 0.37235 0.89 18.36
7146.59 328.44 0.29166 0.22 21.63
8119.15 330.91 0.46483 0.55 20.88
9208.64 335.53 0.14859 8.49 21.32
10450.97 338.36 0.07508 13.90 23.32
11144.62 340.56 0.04410 15.92 20.34
11902.06 344.07 0.04381 17.50 17.28
12740.60 349.50 0.04212 11.60 15.87
13694.75 364.27 0.02795 5.12 18.18
14840.79 393.46 0.00571 16.70 10.92
16256.68 417.58 0.00493 7.73 -1.99
31218.56 880.70 0.00624 -12.89 0.52
