950.00 297.47 13.66067
0.00 297.47 13.66067 -4.57 -0.19
111.84 297.47 13.66067 -7.79 1.35
342.79 300.58 12.84868 -7.24 5.93
580.70 303.92 12.27737 -5.61 10.81
825.47 305.88 12.02274 -5.53 14.81
1076.51 307.14 11.79510 -4.33 17.39
1333.68 307.93 11.69410 -2.33 18.57
1597.06 308.51 11.50400 -0.12 18.72
1866.81 309.06 11.08729 1.97 18.49
2143.35 309.85 10.49985 4.20 18.08
2718.48 311.29 8.43945 7.85 17.68
3326.19 312.80 6.78388 9.25 19.35
3971.09 315.13 5.86648 8.39 21.51
4661.28 318.14 4.09535 8.07 21.22
5404.25 321.23 3.00255 8.57 20.11
6209.31 324.27 2.37709 7.64 20.03
7089.29 327.24 1.60798 7.32 21.04
8059.56 330.24 1.00935 7.20 22.63
9147.01 334.70 0.60712 7.44 25.48
10389.59 339.31 0.28973 9.82 28.46
11084.72 340.83 0.17214 10.08 28.99
11840.43 342.47 0.09372 10.60 29.28
12674.38 348.42 0.05772 9.83 29.44
13639.49 371.25 0.05363 19.30 19.97
14796.08 394.41 0.01182 9.57 5.27
16217.38 420.74 0.00493 8.29 3.64
31214.21 879.48 0.00622 -12.91 0.11
