925.00 299.81 13.84684
0.00 299.81 13.84684 0.44 0.55
56.43 299.81 13.84684 -0.16 1.59
292.86 301.05 12.76404 -1.43 4.68
535.10 302.53 11.93483 1.40 6.01
783.47 304.11 11.34526 4.49 6.60
1038.17 305.32 10.52189 6.10 8.00
1299.61 307.39 10.05501 6.01 10.28
1569.20 310.21 9.11730 3.83 11.18
1846.63 311.34 7.52686 1.76 9.78
2423.02 312.17 5.75547 2.42 7.55
3030.80 313.46 4.49743 3.23 5.85
3675.86 315.26 3.49421 4.23 6.15
4364.44 317.21 3.42883 4.01 11.09
5104.71 320.00 3.11382 3.91 18.46
5906.58 322.80 2.15228 3.93 22.60
6782.41 326.10 1.44942 2.60 26.94
7750.84 330.02 0.94117 3.12 30.58
8837.12 334.64 0.59071 3.51 31.47
10079.55 339.74 0.29131 0.46 32.01
10776.52 342.18 0.18481 -2.12 33.65
11535.84 344.33 0.10463 1.76 36.56
12375.91 351.30 0.05187 3.98 30.08
13343.56 372.31 0.01359 13.36 21.97
14514.78 401.63 0.00485 13.96 12.32
15953.10 420.14 0.00487 7.07 8.05
30931.39 877.14 0.00619 -14.78 0.31
