925.00 300.38 13.49475
0.00 300.38 13.49475 -4.16 1.21
122.97 300.38 13.49475 -7.82 2.67
360.75 303.11 12.19481 -4.30 6.99
604.77 305.19 11.58046 -1.04 11.90
855.19 306.54 11.15596 0.57 15.22
1111.98 307.87 10.96662 1.95 16.95
1375.49 309.14 10.55924 3.36 17.68
1645.87 310.18 10.12327 4.54 17.92
1923.31 310.91 9.99940 5.52 17.82
2500.04 312.00 7.54597 7.02 16.10
3107.55 312.58 6.17086 7.52 16.08
3753.42 316.15 5.45673 6.47 18.49
4445.88 319.16 4.31798 4.89 20.70
5190.91 321.96 3.05269 4.10 21.41
5997.47 324.67 2.30002 3.27 21.83
6877.71 327.41 1.61325 1.39 23.69
7849.07 331.10 1.15772 -0.04 24.78
8939.74 336.12 0.64568 0.52 24.19
10185.83 340.25 0.30156 -0.10 26.01
10881.98 341.04 0.16791 1.68 27.30
11637.48 342.70 0.08908 7.77 28.59
12475.98 351.27 0.05666 5.85 27.13
13439.15 368.23 0.02204 8.31 21.60
14599.56 397.16 0.00494 15.47 10.40
16023.91 418.64 0.00496 9.45 6.52
30997.97 876.68 0.00628 -14.61 0.51
