900.00 301.56 12.20056
0.00 301.56 12.20056 -2.08 1.37
205.01 301.56 12.20056 -4.15 5.60
448.14 304.40 11.70161 -0.79 8.73
698.29 306.40 11.49375 2.04 10.67
954.95 307.58 11.30099 3.49 12.91
1218.20 308.77 11.08908 4.23 15.25
1488.51 310.18 10.84190 4.38 16.36
1766.25 311.33 9.86406 3.64 14.60
2343.62 312.48 6.92095 2.60 9.20
2952.15 313.22 5.68437 3.43 6.52
3596.56 314.98 5.40501 3.83 9.38
4286.88 318.33 4.79757 2.70 17.77
5030.34 321.26 3.65383 1.89 22.10
5835.16 323.91 2.64643 2.53 23.05
6714.10 327.12 1.76660 2.26 25.00
7684.93 330.68 1.08709 2.64 27.60
8773.17 335.10 0.62248 2.19 29.47
10017.99 340.40 0.30735 -0.26 28.83
10715.52 342.26 0.18414 -2.02 29.32
11473.98 343.60 0.09833 2.12 31.87
12310.99 349.53 0.05801 6.78 29.79
13273.96 371.04 0.01991 8.88 22.79
14443.03 399.46 0.00483 15.84 12.33
15874.93 419.06 0.00493 8.29 6.95
30844.40 876.84 0.00630 -14.95 0.79
