925.00 297.96 11.83005
0.00 297.96 11.83005 5.14 -3.00
47.16 297.96 11.83005 6.62 -4.19
281.71 298.56 10.76117 9.81 -7.91
521.48 299.60 10.33364 8.01 -7.80
766.99 300.55 10.44032 6.26 -4.78
1018.66 301.96 10.63030 4.90 -0.29
1277.32 304.00 10.67442 4.00 4.14
1543.86 306.42 10.52352 2.99 6.88
1818.72 308.61 10.41750 2.46 7.33
2392.91 311.24 6.64108 3.39 6.29
2998.53 311.77 5.51977 3.48 5.59
3641.44 314.60 4.77696 2.51 7.24
4330.13 317.55 4.37992 0.97 10.93
5071.70 320.65 3.68610 1.36 14.99
5875.48 323.76 2.60420 2.72 18.35
6753.29 326.73 1.70527 3.48 21.30
7722.36 330.32 1.02561 3.03 23.96
8807.73 334.07 0.56617 0.28 23.02
10044.60 337.65 0.25762 -3.10 23.19
10735.86 339.18 0.15150 -4.15 29.04
11489.98 343.08 0.08676 -4.89 39.52
12338.05 360.34 0.05911 4.55 30.38
13326.61 375.65 0.01202 15.29 19.56
14496.80 399.94 0.00470 16.43 15.59
15928.85 419.12 0.00500 8.28 8.18
30883.39 875.76 0.00629 -15.91 0.81
