950.00 296.54 13.20695
0.00 296.54 13.20695 -4.65 -1.69
187.59 296.54 13.20695 -10.25 -3.75
417.68 299.59 12.52360 -9.08 -0.07
654.63 302.58 12.14914 -8.87 5.72
898.29 304.61 11.91992 -7.66 11.50
1148.40 306.08 11.60353 -5.40 15.92
1404.73 307.09 11.25065 -2.89 18.33
1667.39 307.91 10.97391 -0.31 18.81
1936.63 308.62 10.67085 2.30 18.04
2212.71 309.45 9.77485 4.67 16.64
2786.88 311.02 7.40412 7.53 15.51
3393.29 311.96 6.38543 8.33 17.88
4037.27 315.10 5.84455 9.20 19.83
4728.12 318.73 4.69085 8.60 20.19
5472.67 321.86 3.30314 7.67 20.06
6278.88 324.51 2.41030 7.86 20.31
7159.24 327.65 1.60236 8.63 20.62
8130.75 330.69 0.99678 9.14 19.99
9218.03 334.45 0.52732 8.73 19.38
10456.07 337.57 0.23927 7.61 19.76
11147.69 339.50 0.14549 7.48 20.59
11901.05 341.51 0.08037 8.15 22.81
12731.49 347.21 0.05067 9.74 25.67
13697.77 373.61 0.04003 17.01 16.84
14859.20 394.57 0.01412 12.57 7.50
16279.32 418.08 0.00494 6.01 2.71
31274.27 879.62 0.00625 -11.91 -0.43
