950.00 295.73 12.23767
0.00 295.73 12.23767 -3.01 0.96
186.41 295.73 12.23767 -4.62 5.58
416.24 299.72 11.01038 -2.08 9.24
652.72 301.63 10.94237 -0.63 10.95
895.09 302.76 10.94165 0.07 11.98
1143.34 303.87 10.85263 0.64 13.24
1397.79 305.04 10.88681 1.46 14.81
1658.85 306.36 10.63580 2.41 16.06
1926.83 307.46 9.86670 3.16 16.68
2201.72 308.28 8.64993 3.41 16.58
2773.34 309.88 6.44223 2.90 14.84
3376.87 310.50 5.80701 3.12 13.24
4018.76 314.28 4.64886 3.32 12.12
4706.17 317.00 3.43058 5.16 11.89
5445.78 319.86 2.74739 7.88 14.21
6247.01 322.69 2.25843 9.82 17.42
7122.66 325.96 1.63029 10.91 21.81
8089.90 329.42 0.95681 11.67 25.33
9173.17 333.27 0.54219 14.61 28.33
10409.23 337.62 0.25249 14.07 31.67
11101.50 339.75 0.15580 11.77 33.76
11854.30 340.63 0.07527 12.72 34.61
12689.18 354.65 0.06928 18.47 26.63
13672.43 375.49 0.02005 15.62 13.70
14842.78 397.71 0.00586 9.14 10.52
16265.40 418.66 0.00497 10.76 7.27
31287.52 873.71 0.00626 -11.77 0.18
