950.00 296.99 12.83178
0.00 296.99 12.83178 -3.63 0.81
46.49 296.99 12.83178 -4.79 1.35
275.89 297.75 12.45222 -9.07 4.32
510.36 298.38 12.20372 -9.88 7.34
750.34 299.59 11.48434 -9.86 9.24
995.78 300.31 11.17317 -9.69 8.33
1247.22 301.39 10.67090 -8.87 7.83
1505.22 302.94 10.42322 -7.67 8.18
1770.33 304.44 10.02696 -6.76 8.67
2042.87 305.96 9.15547 -4.72 9.20
2611.17 308.01 7.18926 -0.33 9.36
3212.10 310.25 4.91366 2.03 8.77
3852.13 313.29 4.14032 3.24 9.61
4537.86 316.44 3.28060 6.10 12.31
5276.63 319.48 2.58262 10.28 16.05
6076.54 321.95 1.92960 12.36 19.75
6948.88 324.42 1.38349 12.72 24.14
7911.14 328.25 1.04322 11.19 29.33
8992.89 333.48 0.56187 4.99 29.26
10228.74 337.07 0.23754 1.97 32.23
10918.57 338.14 0.13612 4.84 36.63
11671.26 343.41 0.09527 16.35 43.05
12514.80 355.03 0.03070 24.64 37.06
13496.37 378.16 0.01044 19.80 19.69
14681.81 405.22 0.00485 10.34 11.38
16131.70 424.33 0.00479 9.57 12.35
31160.09 875.42 0.00623 -13.54 1.00
