925.00 300.44 14.10585
0.00 300.44 14.10585 1.29 -0.75
24.50 300.44 14.10585 2.30 -0.81
262.31 303.04 13.50408 -0.36 5.43
506.23 304.44 13.20258 -2.17 12.06
756.38 305.95 13.07251 -3.43 17.11
1012.89 307.04 12.90167 -3.80 20.50
1275.84 307.97 12.60451 -3.23 22.26
1545.35 308.72 11.96611 -1.81 22.87
1821.79 309.63 11.02043 0.10 22.28
2396.90 311.24 8.28780 2.00 19.32
3003.98 312.79 6.22724 0.85 18.48
3650.25 316.40 5.34750 -1.57 20.15
4343.52 319.88 4.20301 -1.68 21.39
5091.95 324.18 2.51862 0.53 21.39
5904.60 327.33 1.07027 3.45 22.69
6790.52 329.05 1.07637 4.01 22.38
7765.07 331.47 0.97803 5.24 20.42
8855.04 335.54 0.70724 6.82 18.06
10100.88 340.75 0.33849 9.29 18.86
10798.97 342.72 0.20435 10.37 19.03
11558.04 343.82 0.10557 9.77 18.73
12391.59 346.00 0.05007 9.20 19.24
13339.21 364.88 0.03692 9.71 22.76
14485.96 397.74 0.00559 16.83 8.35
15911.49 418.90 0.00491 6.83 2.83
30889.22 876.61 0.00626 -12.49 0.15
