925.00 298.51 12.46185
0.00 298.51 12.46185 0.12 -0.09
77.27 298.51 12.46185 0.04 -0.06
312.37 299.11 12.17248 -1.77 2.09
552.66 299.93 11.92763 -3.22 4.28
798.64 301.01 11.54150 -3.81 6.37
1050.77 302.23 11.10375 -3.51 7.43
1309.41 303.60 10.61824 -2.94 8.33
1575.00 305.01 9.96472 -2.15 8.85
1847.87 306.28 9.33974 -1.63 8.30
2417.12 308.73 8.08677 -2.29 7.97
3019.81 310.91 6.39445 -1.22 8.48
3660.88 313.28 4.64976 4.85 11.01
4346.51 316.58 3.03220 8.87 13.24
5086.17 320.26 1.99214 9.58 17.77
5888.35 322.94 1.37908 7.61 21.97
6763.44 325.56 0.85241 3.65 26.35
7730.06 329.62 0.45492 2.23 30.74
8814.66 333.56 0.31761 4.27 33.33
10051.38 337.44 0.25903 1.63 31.53
10743.14 340.07 0.14759 5.30 39.91
11501.14 345.24 0.11201 10.74 43.76
12346.41 353.52 0.04244 14.00 37.55
13312.84 372.63 0.01537 22.65 26.81
14494.76 405.09 0.00485 11.71 12.26
15949.96 425.57 0.00473 7.29 11.76
30958.21 876.77 0.00629 -13.42 -0.75
