950.00 306.58 13.04182
0.00 306.58 13.04182 -4.25 7.33
58.23 306.58 13.04182 -7.08 12.32
294.97 307.23 12.44892 -9.07 19.27
536.83 307.48 12.16363 -8.57 22.74
783.62 307.68 11.67081 -6.61 24.52
1035.62 308.03 11.08634 -4.23 25.06
1293.32 308.75 10.14365 -1.78 24.84
1557.34 310.10 8.67507 1.59 23.30
1828.31 311.55 6.91101 3.82 20.44
2106.56 312.74 5.52331 4.18 17.36
2685.74 314.25 4.57327 3.47 13.43
3297.02 314.73 5.04768 2.73 14.42
3944.03 315.91 3.26231 2.53 16.47
4635.37 319.66 2.49045 0.46 16.06
5382.32 323.54 1.24998 3.25 18.04
6192.93 326.60 0.40360 1.93 21.54
7076.86 328.40 0.41999 0.55 22.84
8049.47 331.03 0.33695 2.19 20.52
9139.07 335.42 0.09715 8.72 19.81
10381.19 338.67 0.12322 13.94 19.68
11076.01 341.37 0.09748 15.82 17.96
11834.88 344.37 0.06893 16.54 16.80
12672.30 348.41 0.04554 13.01 17.33
13624.46 364.66 0.02552 6.87 20.81
14773.61 395.02 0.00569 17.03 10.08
16191.75 417.28 0.00501 7.14 -0.13
31162.84 879.66 0.00625 -12.24 0.25
