925.00 306.00 13.58355
0.00 306.00 13.58355 -4.66 9.09
198.55 306.00 13.58355 -7.86 17.59
439.66 306.56 13.08905 -7.90 22.02
685.95 307.01 12.57174 -6.62 24.69
937.63 307.56 11.96675 -4.46 26.03
1195.11 308.44 10.93570 -2.07 26.03
1459.07 310.21 8.44694 1.14 23.99
1730.32 312.32 5.07535 2.64 20.16
2008.88 313.39 3.60282 1.18 17.52
2587.88 314.19 3.54633 -0.52 15.66
3199.14 315.56 2.60276 0.94 14.24
3847.91 317.48 1.64153 1.72 13.99
4541.54 320.28 1.54021 0.35 13.68
5288.31 323.18 0.83595 1.72 15.70
6097.47 326.03 0.48117 1.36 18.46
6980.76 328.46 0.51707 0.16 20.44
7953.71 331.25 0.33076 1.85 18.55
9044.88 335.96 0.17881 7.74 20.79
10289.04 339.12 0.14784 12.29 20.88
10983.92 341.05 0.14551 15.76 17.48
11742.47 344.70 0.10719 19.51 15.95
12583.01 350.54 0.04153 16.38 16.99
13539.24 364.51 0.02488 4.44 17.09
14686.30 394.22 0.00546 15.20 9.14
16101.53 418.02 0.00491 11.66 1.75
31050.05 879.55 0.00624 -12.81 0.28
