925.00 296.48 13.43248
0.00 296.48 13.43248 -3.25 -0.53
63.29 296.48 13.43248 -3.85 -0.79
297.02 298.07 12.66216 -9.46 3.05
537.89 301.88 12.04071 -7.82 8.43
786.06 304.01 11.53135 -3.93 12.08
1040.86 305.54 10.92249 -0.35 14.54
1302.20 306.49 10.41158 2.08 16.49
1570.36 308.11 9.68484 2.96 17.54
1846.27 309.82 8.20080 2.19 17.03
2420.58 311.35 6.07165 -0.64 15.14
3027.38 312.58 5.32753 -0.40 15.10
3671.00 314.88 4.42720 0.87 15.19
4359.72 317.51 3.50852 2.79 15.50
5100.37 320.07 2.93052 5.06 16.97
5902.57 323.21 2.26309 7.42 19.63
6779.47 326.21 1.59621 9.11 23.13
7746.98 329.47 0.95925 9.75 26.68
8832.20 334.51 0.54851 9.58 27.15
10073.55 338.75 0.25719 8.04 30.57
10767.51 340.44 0.15672 9.53 33.01
11523.93 343.50 0.10176 14.35 34.51
12365.07 353.56 0.06465 17.20 33.08
13337.26 372.91 0.01301 15.78 23.85
14507.61 398.91 0.00463 11.87 10.55
15933.50 418.20 0.00498 9.60 10.36
30937.88 880.17 0.00616 -12.86 -1.09
