950.00 296.30 12.20771
0.00 296.30 12.20771 -2.21 0.99
184.38 296.30 12.20771 -3.86 5.48
414.56 300.08 11.01119 -2.13 9.22
651.22 301.70 10.93070 -1.30 10.35
893.57 302.74 10.85793 -0.92 10.79
1141.77 303.82 10.69932 -0.41 11.82
1396.09 304.86 10.72751 0.60 13.44
1656.97 306.14 10.55006 1.57 15.00
1924.76 307.23 9.89653 2.14 15.88
2199.46 308.12 8.73022 2.33 16.12
2771.05 309.96 6.66715 1.81 14.74
3375.02 310.33 5.96631 1.90 12.97
4016.37 314.07 4.59609 2.28 12.00
4703.38 316.84 3.27763 4.62 11.72
5442.73 319.78 2.60394 7.93 14.38
6243.79 322.60 2.19551 10.22 17.87
7119.16 325.80 1.60871 11.23 22.59
8086.16 329.41 0.95963 11.88 26.49
9169.84 333.50 0.54958 14.48 29.31
10406.82 337.81 0.25649 13.32 32.61
11099.45 339.81 0.15603 11.34 34.59
11852.40 340.77 0.07743 12.19 35.11
12687.58 354.62 0.06789 18.68 27.54
13670.02 375.30 0.01734 16.26 14.88
14841.03 398.37 0.00566 9.94 10.81
16266.46 419.17 0.00497 10.23 7.63
31286.69 873.66 0.00625 -12.10 0.13
