925.00 300.25 14.06623
0.00 300.25 14.06623 -4.93 0.65
121.41 300.25 14.06623 -10.15 1.97
359.59 303.96 12.56095 -8.03 6.28
604.19 305.51 11.69395 -3.54 9.68
854.83 306.80 10.81441 -0.83 13.33
1111.75 308.08 10.36302 0.48 16.16
1375.28 309.19 10.11692 1.99 18.02
1645.58 310.14 9.81938 3.93 18.96
1923.04 311.07 9.71402 5.56 18.96
2499.50 311.69 7.10730 6.76 16.73
3107.19 313.01 6.12596 7.15 15.77
3753.59 316.23 5.27726 7.28 17.55
4445.64 318.82 4.23630 6.35 20.33
5189.45 321.29 3.22173 5.50 21.74
5994.61 324.31 2.39402 3.89 22.67
6874.26 327.28 1.56224 1.82 24.54
7845.52 330.99 1.01203 1.10 25.39
8935.73 335.84 0.62940 1.31 26.17
10181.21 340.03 0.29824 1.39 28.67
10876.96 340.80 0.16747 5.01 30.36
11633.22 343.54 0.09777 9.11 29.50
12474.11 352.17 0.06792 5.39 28.61
13437.22 367.21 0.02754 8.27 22.18
14593.81 396.48 0.00502 15.43 10.59
16019.34 420.35 0.00493 8.94 6.54
31001.81 876.81 0.00630 -14.56 0.56
