950.00 296.91 11.69572
0.00 296.91 11.69572 -2.83 1.94
182.60 296.91 11.69572 -6.22 6.54
412.02 297.73 11.58724 -5.80 9.84
646.56 298.73 11.19612 -4.71 11.05
886.44 299.49 10.92788 -4.66 10.53
1131.84 300.12 10.78944 -4.25 10.15
1382.90 300.96 10.25705 -3.86 9.58
1640.29 302.14 9.42569 -3.51 9.52
1904.58 304.19 8.26809 -2.38 9.29
2176.99 306.43 6.82876 -0.34 8.24
2745.95 309.27 5.28758 3.72 9.49
3349.92 312.08 4.52069 4.94 10.94
3992.65 314.12 3.44015 4.20 11.25
4678.72 316.28 2.71428 6.00 9.18
5416.77 319.26 2.04913 10.09 12.62
6215.96 321.63 1.45941 13.24 15.32
7087.33 324.08 0.98465 15.39 18.69
8048.27 327.18 0.76941 17.04 24.61
9126.63 332.71 0.52229 10.87 30.97
10361.05 336.78 0.23283 8.87 35.99
11052.36 339.62 0.14696 13.69 40.75
11808.22 344.57 0.09821 20.25 38.10
12654.10 354.60 0.05569 26.05 28.75
13629.71 376.76 0.00920 17.69 14.95
14807.39 401.36 0.00491 12.14 11.86
16250.81 424.89 0.00485 11.76 10.54
31296.94 873.61 0.00624 -13.49 3.38
