925.00 298.61 13.07105
0.00 298.61 13.07105 4.26 -1.96
20.51 298.61 13.07105 4.60 -2.32
255.71 299.12 12.01053 8.31 -5.15
496.01 299.90 11.67917 6.13 -3.35
741.98 300.96 11.40359 5.54 -1.27
994.24 302.80 10.69753 5.01 1.35
1254.02 305.68 10.45351 3.23 5.50
1522.19 308.35 10.40920 1.76 8.31
1798.40 309.88 9.42166 1.43 8.45
2373.71 312.02 6.00484 3.64 7.62
2981.01 312.82 4.50004 4.50 6.78
3625.02 314.83 3.48429 4.28 8.16
4313.10 317.15 3.40100 1.23 12.03
5053.32 319.98 3.02872 0.87 17.61
5855.08 322.72 1.97982 1.61 21.29
6729.66 325.23 1.35916 2.17 24.36
7694.63 328.81 0.99479 3.25 28.16
8777.17 333.72 0.56822 2.84 30.66
10017.30 339.32 0.28340 -0.48 32.14
10713.65 342.14 0.17009 -2.78 37.22
11473.99 345.90 0.09518 -2.11 39.04
12322.99 356.04 0.04408 -0.27 27.51
13299.51 373.17 0.01214 14.27 19.74
14470.37 401.57 0.00484 15.10 14.97
15907.52 420.40 0.00488 8.74 8.70
30878.62 876.79 0.00630 -15.64 0.37
