950.00 297.29 13.05518
0.00 297.29 13.05518 -4.40 -0.39
178.69 297.29 13.05518 -8.80 2.56
409.11 299.78 12.22475 -6.79 6.28
645.72 301.77 11.96860 -4.34 9.78
888.57 303.49 11.71565 -2.81 13.47
1137.68 305.00 11.51601 -1.41 16.32
1393.22 306.34 11.41165 0.31 17.83
1655.41 307.41 11.03176 2.17 17.97
1924.23 308.32 9.93989 4.02 17.38
2199.86 309.07 8.37974 5.33 16.72
2772.67 310.53 6.49431 5.38 15.79
3378.22 311.44 5.94833 6.24 16.53
4021.25 314.63 5.14398 6.78 17.24
4709.84 317.44 3.92396 7.07 16.94
5451.05 320.53 3.06291 7.65 17.97
6254.60 323.77 2.38065 7.95 19.85
7133.13 326.71 1.61354 8.15 22.46
8102.56 330.08 1.00819 9.91 24.92
9188.97 334.32 0.59107 10.67 27.51
10429.76 338.71 0.27455 10.03 30.55
11123.88 340.34 0.16374 9.59 30.88
11878.46 341.83 0.08994 12.25 31.05
12713.64 351.78 0.06751 15.42 29.91
13689.50 373.88 0.04055 16.57 17.23
14850.62 394.36 0.00669 9.66 10.18
16271.05 420.31 0.00492 10.33 5.20
31277.88 878.64 0.00626 -12.87 -0.80
