925.00 299.43 13.44082
0.00 299.43 13.44082 -1.59 0.26
191.62 299.43 13.44082 -4.89 0.17
428.59 302.38 13.09596 -6.04 5.20
672.52 305.02 12.76095 -5.90 10.84
923.10 306.64 12.46051 -4.94 15.18
1180.02 307.51 12.17930 -3.79 17.83
1443.19 308.31 12.01089 -2.38 19.02
1712.91 309.17 11.10780 -0.50 19.25
1989.66 310.16 9.98134 1.66 18.78
2564.97 311.25 7.77348 4.91 16.94
3171.77 312.74 6.32920 6.17 16.67
3818.12 316.30 5.72532 5.40 17.50
4511.57 319.82 4.75348 4.18 18.97
5258.57 322.71 3.39874 3.44 19.33
6066.96 325.14 2.34073 3.53 19.95
6948.14 327.52 1.73229 3.76 21.91
7919.20 330.64 1.17585 3.55 23.64
9006.96 335.26 0.63114 3.36 23.54
10250.76 340.24 0.30988 3.98 24.59
10947.88 342.16 0.19239 3.93 26.25
11705.01 342.65 0.09454 3.44 26.93
12535.55 344.82 0.04406 4.15 27.95
13487.41 368.64 0.03950 14.92 25.18
14646.29 398.11 0.00735 14.80 5.62
16073.29 419.99 0.00486 6.47 3.43
31057.29 876.14 0.00635 -12.82 0.75
