950.00 296.80 12.48512
0.00 296.80 12.48512 -5.70 1.75
220.64 296.80 12.48512 -8.56 4.90
450.71 299.40 11.73274 -3.98 7.07
687.20 302.01 11.54131 -1.21 10.79
930.22 303.68 11.70861 -0.16 14.22
1179.40 304.92 11.50404 0.75 16.70
1434.81 306.13 11.11866 1.92 18.17
1696.74 307.19 10.80236 3.28 18.52
1965.39 308.06 10.19022 4.73 18.07
2240.76 308.75 8.80918 6.05 17.16
2812.88 309.89 6.41112 7.58 16.51
3415.62 310.03 6.11945 8.19 16.61
4057.49 314.65 5.54444 8.59 17.40
4746.58 317.92 4.59005 9.00 18.18
5488.95 321.05 3.61829 9.33 18.82
6293.26 324.01 2.66099 9.73 19.44
7172.12 327.16 1.76604 10.31 19.92
8141.80 330.05 1.02852 10.63 20.56
9225.54 333.13 0.53009 10.69 22.45
10459.91 337.16 0.23950 9.75 26.49
11151.17 339.49 0.14698 7.76 28.49
11903.66 340.64 0.07090 9.36 29.59
12737.31 352.86 0.07138 14.26 25.49
13716.79 375.03 0.04855 13.19 12.34
14880.67 395.29 0.00779 8.22 8.09
16300.23 418.09 0.00500 9.72 5.04
31310.68 876.90 0.00631 -11.67 -0.64
