950.00 296.06 13.06739
0.00 296.06 13.06739 -3.10 -0.85
149.04 296.06 13.06739 -6.24 0.60
378.05 298.52 11.85795 -6.74 4.02
614.08 300.95 11.37662 -6.28 5.92
855.81 301.94 11.22871 -4.89 8.05
1103.59 303.41 10.93652 -2.88 10.97
1357.68 304.65 10.60238 -1.11 13.56
1618.39 306.13 10.02416 -0.21 15.19
1886.32 307.73 9.13694 -0.41 15.60
2161.44 308.70 8.03819 -1.16 14.89
2733.64 310.10 6.33012 -2.19 13.10
3337.91 311.33 5.50344 -1.56 13.54
3979.80 314.03 4.35149 0.10 13.16
4666.63 316.73 3.40876 2.59 13.79
5405.52 319.46 2.88951 5.48 15.75
6205.99 322.58 2.20812 8.09 18.49
7081.05 325.77 1.50701 10.25 22.22
8047.50 329.37 0.96454 11.21 26.62
9131.59 333.82 0.54159 9.11 27.11
10370.09 338.09 0.24567 7.65 29.55
11062.93 339.84 0.14179 9.51 32.85
11818.17 343.29 0.09766 15.46 37.04
12659.98 353.89 0.05378 21.16 33.84
13634.16 375.04 0.00828 18.46 21.44
14812.00 401.13 0.00468 9.67 11.76
16245.32 420.14 0.00490 9.75 11.64
31257.50 877.71 0.00628 -12.65 -0.86
