925.00 306.69 13.75298
0.00 306.69 13.75298 0.06 4.85
114.45 306.69 13.75298 -0.02 10.84
356.16 306.82 13.59077 -1.36 16.12
602.53 307.34 13.29331 -1.83 19.72
854.75 308.16 13.06202 -1.15 22.33
1112.92 308.73 12.77026 0.05 23.59
1377.01 309.08 12.34398 1.42 24.39
1647.27 309.46 11.43458 3.01 23.95
1924.19 310.47 9.33919 4.55 22.93
2500.70 312.82 5.96494 3.95 19.78
3110.30 314.44 4.75782 0.66 17.11
3757.87 316.58 3.86620 -1.65 16.30
4450.15 319.36 2.95400 -2.17 17.30
5195.80 322.82 1.50587 -1.17 19.32
6005.52 326.62 0.72334 0.92 22.29
6890.72 329.29 0.61330 1.75 21.01
7867.67 332.85 0.40451 5.90 18.19
8961.16 335.82 0.45809 8.67 17.92
10205.57 339.62 0.28761 10.67 18.03
10901.67 341.71 0.18388 14.76 16.33
11660.08 343.98 0.10218 17.69 15.67
12497.81 349.56 0.05193 17.09 19.10
13452.57 364.64 0.02135 6.20 19.73
14604.31 395.58 0.00526 15.74 9.07
16023.37 417.29 0.00497 12.05 3.41
30974.90 877.58 0.00626 -12.44 0.30
