950.00 295.15 11.89015
0.00 295.15 11.89015 -1.60 1.00
181.80 295.15 11.89015 -2.88 5.57
411.08 299.35 11.06987 -1.01 10.29
647.30 301.20 10.74413 -0.64 11.10
889.15 302.10 10.67868 -0.65 10.61
1136.80 303.31 10.32771 -0.55 10.45
1390.66 304.49 9.89532 0.13 11.31
1651.13 305.86 9.50470 0.94 12.42
1918.53 307.01 9.14209 1.36 13.31
2193.03 308.00 8.53931 1.47 14.10
2764.57 309.90 7.03937 1.03 14.12
3368.72 310.72 5.84765 1.39 12.22
4010.40 314.11 4.11518 1.94 11.17
4697.11 316.64 2.97592 4.68 10.46
5435.90 319.59 2.31018 8.62 13.33
6236.19 322.18 1.91704 11.57 16.64
7109.80 325.07 1.54672 13.24 21.72
8075.04 329.05 0.95305 12.96 26.56
9157.96 333.33 0.54105 14.27 29.62
10393.71 337.35 0.24764 14.18 33.06
11085.48 339.49 0.15220 12.91 35.96
11837.92 340.70 0.07763 13.45 37.29
12675.39 356.20 0.07048 20.14 26.78
13657.88 375.56 0.01078 17.37 14.01
14831.59 399.16 0.00551 9.81 11.35
16259.67 419.84 0.00493 10.80 8.72
31288.26 872.81 0.00626 -11.97 1.12
