950.00 296.05 13.88215
0.00 296.05 13.88215 -2.49 -0.85
116.08 296.05 13.88215 -5.75 -0.32
345.58 298.32 13.30802 -7.71 4.38
581.69 301.77 12.60393 -5.40 9.53
825.14 304.66 11.97717 -3.06 13.76
1075.32 306.28 11.48614 -0.94 16.14
1331.83 307.24 11.04249 1.07 17.16
1594.44 307.80 10.51350 2.67 17.68
1863.50 308.61 10.08028 4.14 18.12
2139.58 309.56 9.50388 5.54 18.15
2713.62 310.70 7.42363 6.24 17.17
3319.88 312.14 6.23103 6.21 18.89
3963.86 314.98 5.47347 6.40 21.30
4653.46 317.83 3.97853 6.44 21.01
5395.39 320.75 3.08625 6.96 20.14
6199.35 323.83 2.41887 7.14 20.61
7078.18 326.76 1.64845 7.62 22.94
8047.10 329.82 0.99106 8.14 25.33
9134.25 335.04 0.58478 8.50 27.36
10377.49 339.13 0.28373 9.49 31.26
11072.01 340.45 0.16936 10.36 31.74
11827.71 342.91 0.09960 13.09 31.33
12665.95 351.53 0.07502 12.69 31.57
13634.06 370.49 0.05054 17.20 22.67
14794.88 396.44 0.00435 10.36 7.74
16215.26 419.45 0.00496 10.85 5.51
31216.43 880.15 0.00616 -13.23 -0.37
