950.00 299.42 13.35505
0.00 299.42 13.35505 -5.01 -2.19
173.06 299.42 13.35505 -10.99 -2.62
405.27 302.39 12.87769 -9.90 2.66
644.20 304.77 12.39860 -9.78 8.34
889.60 306.74 11.80752 -8.86 13.51
1141.29 307.90 11.38394 -7.13 17.18
1398.92 308.47 11.28863 -4.89 18.86
1662.66 308.93 11.26055 -2.37 19.28
1932.79 309.55 11.04475 0.20 18.72
2209.74 310.29 10.24010 2.41 17.42
2785.61 311.76 8.18678 6.23 15.43
3394.06 313.13 7.05824 7.53 16.46
4039.62 315.30 6.03348 7.06 19.01
4730.75 318.84 3.98994 6.02 19.36
5475.69 322.15 2.44220 7.48 19.20
6282.40 324.69 1.90009 8.00 19.80
7162.74 327.37 1.41970 7.90 20.57
8133.39 330.27 0.99871 7.71 20.75
9220.13 334.32 0.59526 7.29 22.20
10461.07 339.05 0.27993 9.79 24.84
11156.10 340.96 0.16715 10.16 25.14
11911.91 342.30 0.08954 9.26 25.82
12743.67 346.53 0.04859 8.15 27.53
13706.18 372.40 0.03557 18.58 19.86
14862.16 393.08 0.01939 12.11 4.47
16282.59 420.35 0.00490 5.98 2.91
31276.68 879.53 0.00623 -12.18 0.32
