925.00 305.52 13.47577
0.00 305.52 13.47577 0.33 1.45
230.46 305.52 13.47577 -4.30 8.22
471.44 306.74 12.88382 -6.52 14.41
718.01 307.54 12.40995 -7.04 18.73
970.09 307.95 12.06199 -6.24 21.09
1227.82 308.44 11.77407 -4.59 22.14
1491.58 308.91 11.44881 -2.54 22.18
1761.66 309.47 11.02092 -0.43 21.47
2038.53 310.19 10.33969 1.26 20.00
2614.68 312.12 7.85745 2.33 15.92
3223.39 313.48 6.49569 1.31 15.32
3869.74 315.76 5.17931 0.31 18.35
4561.74 319.79 3.29462 -0.92 18.67
5309.81 324.24 1.60668 2.82 20.45
6122.25 327.08 0.57201 3.74 23.16
7006.77 328.49 0.56255 3.57 22.14
7979.53 330.95 0.43329 5.45 19.34
9067.47 334.66 0.42372 8.62 18.47
10308.73 339.19 0.29114 12.70 19.92
11004.42 341.76 0.17723 14.92 19.72
11762.88 343.82 0.10112 14.61 19.41
12596.83 346.32 0.05206 13.23 20.16
13546.95 366.47 0.02742 12.10 23.77
14700.89 396.65 0.00719 16.59 7.44
16120.66 417.70 0.00500 5.44 2.07
31102.77 878.31 0.00621 -11.85 0.53
