950.00 298.57 14.73441
0.00 298.57 14.73441 0.77 -1.32
69.34 298.57 14.73441 0.41 -3.32
300.87 301.51 13.68903 -3.21 -0.64
539.20 303.82 13.23596 -5.52 5.87
784.00 305.78 12.83834 -6.90 12.00
1035.13 307.14 12.33140 -7.10 16.52
1292.45 308.10 11.99311 -6.24 19.24
1555.96 308.57 11.78074 -4.68 20.56
1825.80 309.03 11.64379 -2.78 20.83
2102.35 309.68 11.06076 -0.75 19.98
2677.53 311.28 8.13681 1.82 16.31
3284.50 312.83 6.47739 1.39 15.03
3930.85 316.30 5.43214 0.36 17.73
4624.36 320.20 3.70819 0.39 18.93
5372.76 323.95 2.09805 2.75 19.77
6184.11 326.52 1.20245 4.52 21.34
7067.78 328.24 1.01266 5.28 21.71
8039.76 330.51 0.94489 6.36 20.83
9126.81 334.68 0.68862 7.48 20.81
10369.08 339.63 0.31591 9.55 22.42
11065.03 341.63 0.18358 11.54 23.00
11822.00 342.92 0.09718 11.40 23.57
12653.36 345.19 0.04735 10.57 24.43
13604.25 368.35 0.03536 14.69 24.76
14761.50 396.86 0.00967 15.25 5.09
16183.51 418.91 0.00496 5.46 2.99
31169.39 877.51 0.00625 -12.01 0.72
