925.00 298.88 13.42952
0.00 298.88 13.42952 -0.80 0.78
84.91 298.88 13.42952 -2.71 2.05
320.66 299.95 13.01305 -4.77 5.33
561.98 301.34 12.36595 -2.84 8.30
809.39 302.91 11.40731 1.29 10.50
1063.07 303.82 10.70484 4.76 12.68
1323.06 305.75 9.59888 5.56 13.43
1591.28 309.16 7.34693 2.19 12.17
1867.46 310.16 6.60498 1.07 9.39
2441.75 311.46 5.65344 1.98 6.32
3048.88 313.17 4.49439 3.21 6.77
3693.40 314.99 3.49333 5.10 8.68
4381.70 317.33 2.95699 5.07 12.55
5121.92 319.92 2.39028 5.11 18.13
5922.98 322.49 1.60923 5.26 22.42
6796.89 325.07 1.20074 3.85 26.53
7763.01 329.38 0.77369 3.87 30.75
8847.94 334.32 0.35629 6.42 31.56
10088.37 338.94 0.29261 2.41 34.02
10783.71 341.53 0.18249 3.24 38.23
11542.93 345.00 0.11003 6.47 37.77
12386.11 352.63 0.04147 10.68 32.55
13353.36 372.49 0.01324 19.24 23.01
14532.02 402.95 0.00493 11.27 10.32
15973.50 420.61 0.00494 5.48 10.71
30969.57 878.55 0.00625 -13.55 0.28
