925.00 298.36 13.86323
0.00 298.36 13.86323 -1.19 -0.54
59.24 298.36 13.86323 -2.10 -1.37
295.67 301.65 13.35985 -4.09 3.41
538.90 304.07 13.07618 -3.88 10.27
788.86 305.90 12.80860 -3.40 15.03
1045.35 307.01 12.51889 -2.91 17.92
1308.17 308.03 12.27199 -2.11 19.25
1577.76 308.96 11.09806 -0.53 19.80
1854.43 310.16 9.95404 1.43 19.57
2429.74 311.18 7.73986 4.06 18.08
3036.43 312.57 6.13597 4.87 18.06
3682.71 316.55 5.51040 3.50 18.92
4376.64 320.06 4.69208 2.33 20.27
5124.56 323.30 3.35149 2.16 20.16
5934.66 326.03 2.08554 3.18 20.50
6817.98 328.16 1.63914 3.84 21.90
7790.41 330.96 1.18735 3.80 22.96
8879.09 335.51 0.64709 3.53 21.77
10124.22 340.71 0.30617 4.52 22.34
10822.25 342.69 0.19211 4.51 23.38
11580.76 343.37 0.09623 3.32 23.63
12412.58 344.92 0.04417 3.48 24.14
13360.46 366.69 0.04094 10.98 25.20
14514.29 398.06 0.00618 16.35 7.12
15941.40 419.74 0.00486 6.65 3.45
30922.44 875.86 0.00630 -12.88 0.44
