925.00 299.52 12.56882
0.00 299.52 12.56882 -2.41 0.34
97.88 299.52 12.56882 -3.08 2.04
334.75 302.23 11.91753 0.93 8.91
578.43 304.98 12.06084 2.35 13.29
828.79 306.33 11.74933 2.73 15.36
1085.50 307.72 11.52720 3.18 17.08
1349.01 309.07 11.18312 3.64 17.90
1619.32 309.67 11.07029 4.15 18.19
1896.16 309.97 10.94207 4.78 18.32
2471.86 311.48 8.14379 5.94 18.52
3078.29 311.96 6.77408 5.10 20.02
3723.80 316.18 5.53075 2.48 21.88
4416.93 319.76 4.19214 0.96 22.61
5163.82 322.94 2.72398 1.67 22.50
5972.75 325.66 1.94894 2.78 22.09
6855.41 328.22 1.57011 2.57 22.30
7828.53 331.50 1.22287 1.85 22.20
8919.70 336.23 0.67107 2.10 22.15
10166.16 340.43 0.30318 0.52 23.62
10862.61 341.48 0.17346 0.43 24.07
11617.91 341.88 0.08680 3.87 25.52
12451.92 349.09 0.05574 6.99 27.14
13413.76 369.14 0.02474 8.05 22.23
14575.95 398.03 0.00491 16.45 10.71
16001.28 417.71 0.00496 10.12 5.52
30965.09 875.81 0.00629 -14.21 0.83
