950.00 304.71 13.02275
0.00 304.71 13.02275 -3.35 1.29
173.10 304.71 13.02275 -7.50 6.55
409.05 306.60 12.31390 -8.24 13.49
650.65 307.59 11.73945 -8.18 18.60
897.60 308.02 11.35147 -6.79 21.24
1149.86 308.32 11.12188 -4.59 21.20
1407.67 308.57 11.02342 -2.53 19.61
1671.38 308.91 10.83179 -0.71 17.81
1941.33 309.40 10.55158 0.88 16.15
2218.10 310.23 9.67590 2.08 14.12
2793.97 312.16 6.94209 3.10 12.40
3403.37 314.26 5.39938 4.24 14.53
4050.43 316.11 4.54723 5.09 16.42
4742.74 319.61 3.22157 2.89 15.87
5489.48 323.41 1.66643 5.02 18.06
6299.73 326.18 0.86562 6.25 21.41
7182.26 327.78 0.64959 6.21 22.05
8153.14 330.30 0.46250 6.60 19.82
9239.65 334.24 0.22437 8.32 20.46
10478.92 338.34 0.24683 11.94 21.81
11173.03 340.78 0.16252 12.37 20.19
11930.42 343.54 0.09698 11.83 18.94
12764.02 346.07 0.05217 9.91 19.98
13716.08 369.59 0.02527 11.53 22.43
14875.52 394.19 0.01143 18.80 8.10
16288.81 417.15 0.00505 4.94 2.06
31276.89 881.78 0.00623 -11.52 0.63
