925.00 297.47 13.34616
0.00 297.47 13.34616 -3.41 0.58
83.56 297.47 13.34616 -6.69 1.39
318.39 299.30 12.73354 -9.28 5.36
559.76 302.08 11.80311 -6.70 9.71
807.90 303.79 11.21862 -2.39 12.45
1062.02 304.20 10.79430 0.82 14.55
1322.54 306.66 9.39377 2.37 15.93
1591.42 309.58 7.32959 -0.23 14.83
1867.91 310.46 6.24700 -1.60 13.31
2442.53 311.66 5.54095 -1.39 11.52
3049.48 312.56 4.92721 0.03 10.80
3693.31 314.83 3.93046 2.62 10.80
4381.72 317.42 3.17526 5.54 12.52
5122.01 319.84 2.69295 7.68 15.99
5923.27 322.76 2.10452 8.08 20.19
6798.74 325.71 1.38702 6.85 24.43
7765.74 329.69 0.83034 7.23 28.46
8851.95 334.58 0.52551 9.47 27.98
10091.83 338.28 0.24842 5.55 29.96
10785.23 340.65 0.16359 7.64 34.61
11543.53 344.63 0.11093 11.70 37.22
12385.03 352.21 0.04013 15.95 34.05
13353.14 373.23 0.01231 20.64 23.19
14529.46 401.42 0.00505 10.48 11.32
15968.24 420.51 0.00491 6.75 12.33
30970.83 879.95 0.00630 -12.65 -1.10
