950.00 306.24 13.58303
0.00 306.24 13.58303 -4.77 8.61
34.50 306.24 13.58303 -5.61 10.14
271.18 307.09 13.01729 -8.84 19.56
513.03 307.46 12.70191 -8.30 23.39
759.89 307.72 12.19797 -6.50 25.57
1012.05 308.16 11.49215 -3.95 26.37
1269.91 308.91 10.56571 -1.28 26.20
1534.13 310.27 9.01930 2.16 24.63
1805.30 311.70 6.97162 4.40 21.78
2083.65 312.85 5.55918 4.54 18.88
2662.93 314.32 4.68812 3.04 15.12
3274.62 315.04 4.78682 1.75 14.72
3921.99 315.82 3.48352 1.28 16.35
4612.90 319.35 2.56854 -0.16 16.62
5359.23 323.29 1.29260 2.37 18.60
6169.49 326.58 0.35636 1.33 22.12
7053.44 328.42 0.46099 0.03 22.54
8026.62 331.47 0.24297 2.93 20.19
9117.51 335.66 0.11973 9.04 18.82
10360.19 338.85 0.14972 13.57 18.41
11055.22 341.36 0.12264 15.96 16.90
11813.98 344.45 0.07382 17.29 16.37
12652.58 349.25 0.03816 13.35 17.98
13606.67 364.20 0.02579 5.70 19.86
14753.88 394.88 0.00551 16.66 9.87
16173.30 418.09 0.00495 8.48 0.33
31139.91 879.29 0.00619 -12.37 -0.02
