950.00 298.73 13.57119
0.00 298.73 13.57119 -4.79 -2.92
163.82 298.73 13.57119 -11.32 -5.30
395.98 302.36 12.89634 -12.05 0.85
635.01 304.92 12.46026 -11.21 7.80
880.54 306.85 11.89992 -9.65 13.72
1132.31 308.00 11.41667 -7.57 17.54
1390.02 308.49 11.22195 -5.25 18.79
1653.73 308.91 11.15414 -2.88 18.76
1923.83 309.51 10.97530 -0.37 18.08
2200.73 310.28 10.18567 1.91 16.77
2776.60 311.89 7.70909 5.62 14.64
3385.13 313.16 6.95340 6.81 15.85
4030.48 315.21 5.89998 7.28 18.73
4721.85 319.17 3.57152 5.63 19.09
5467.32 322.46 2.26161 7.28 19.27
6274.74 324.96 1.70174 8.33 20.13
7155.46 327.44 1.24175 8.53 20.64
8126.39 330.41 0.89486 8.44 20.31
9213.31 334.26 0.56239 7.80 21.28
10453.49 338.71 0.27417 9.97 22.92
11147.96 340.78 0.16561 10.51 23.11
11903.67 342.34 0.08914 9.36 23.86
12735.13 346.09 0.04773 8.49 26.18
13696.36 372.77 0.03032 17.35 19.85
14853.25 392.64 0.02093 13.86 5.06
16272.26 419.85 0.00497 5.30 2.66
31265.88 880.09 0.00615 -11.92 0.15
