900.00 302.31 11.82030
0.00 302.31 11.82030 -2.81 1.34
231.80 302.31 11.82030 -3.59 8.26
475.57 305.27 11.86030 0.19 13.36
726.40 307.06 12.03799 2.31 16.29
983.70 308.18 11.87281 3.15 17.91
1247.49 309.24 11.56376 3.58 18.50
1518.10 310.17 11.00942 3.75 17.75
1795.50 310.70 10.17511 3.84 15.77
2372.24 312.31 7.32863 4.13 11.97
2980.90 313.18 6.16781 4.79 11.34
3626.36 315.70 5.88038 4.25 15.62
4318.13 318.83 4.91755 1.94 21.04
5062.50 321.56 3.56324 0.99 22.81
5867.96 324.23 2.58947 1.65 22.71
6747.87 327.62 1.76954 1.53 23.83
7719.84 331.23 1.10405 2.22 25.59
8809.80 335.48 0.61369 1.84 26.92
10054.87 340.43 0.30205 -0.48 26.87
10752.45 342.34 0.18291 -1.88 26.96
11510.55 343.32 0.09511 1.34 29.09
12346.80 349.40 0.05817 6.72 29.13
13310.17 369.83 0.02475 7.85 22.33
14475.99 398.65 0.00481 16.93 11.97
15904.52 418.43 0.00502 9.20 6.31
30868.74 875.98 0.00632 -14.72 0.98
