925.00 299.66 13.55539
0.00 299.66 13.55539 -1.31 -1.65
124.20 299.66 13.55539 -3.09 -1.68
360.94 301.41 12.93135 -2.46 5.14
604.25 304.55 13.20526 -1.72 10.29
854.62 306.27 13.16498 -1.36 13.62
1111.28 307.01 12.98039 -1.05 15.74
1374.07 307.77 12.57321 -0.46 17.50
1643.54 308.76 12.09838 0.62 18.96
1920.13 309.96 11.18499 2.03 20.02
2496.21 311.76 8.34307 3.99 20.42
3103.84 312.67 5.95830 3.51 20.74
3749.99 316.60 4.91350 0.84 21.91
4444.08 320.38 3.84836 -0.18 22.13
5192.66 323.81 2.45486 1.89 21.74
6004.08 326.79 1.35630 4.04 22.12
6889.37 329.08 1.08139 4.41 21.63
7864.55 331.90 0.98901 4.49 19.95
8956.08 336.23 0.67053 4.20 18.32
10203.55 340.79 0.30618 3.94 19.72
10900.98 341.98 0.17666 4.41 19.66
11657.70 342.49 0.08698 5.43 19.55
12490.28 346.84 0.05018 5.67 21.81
13441.07 364.58 0.02725 6.37 22.74
14591.54 396.66 0.00507 17.01 9.73
16016.51 419.09 0.00491 8.91 3.91
30990.46 876.08 0.00618 -13.27 0.02
