925.00 298.10 13.51363
0.00 298.10 13.51363 -2.86 0.61
87.23 298.10 13.51363 -5.31 1.29
322.42 299.45 12.94849 -7.86 4.85
563.54 301.42 12.22763 -5.89 8.87
811.18 303.28 11.38614 -1.53 11.77
1064.99 303.95 10.75499 2.03 14.02
1325.23 306.20 9.30652 3.55 15.25
1593.71 309.25 7.24218 1.30 14.10
1869.97 310.32 6.38021 0.14 12.00
2444.61 311.71 5.57775 0.14 9.42
3051.87 312.98 4.69218 1.57 8.80
3696.36 315.06 3.68288 4.04 9.69
4384.97 317.47 2.91651 5.96 12.57
5125.34 319.95 2.46159 6.77 17.31
5926.65 322.69 1.93777 6.78 21.59
6801.46 325.40 1.34102 5.46 25.46
7768.29 329.76 0.81182 5.94 29.05
8854.59 334.49 0.46816 8.77 29.36
10094.47 338.40 0.26494 4.06 31.63
10788.18 340.75 0.16425 6.32 36.29
11546.53 344.76 0.11297 9.86 37.71
12388.64 352.32 0.04000 14.22 33.70
13355.94 372.74 0.01322 20.64 23.09
14533.22 402.02 0.00494 10.56 10.85
15973.73 420.76 0.00489 6.12 11.98
30974.95 880.01 0.00631 -12.88 -0.61
