925.00 299.33 13.74258
0.00 299.33 13.74258 -4.58 0.68
99.92 299.33 13.74258 -8.64 2.06
337.40 303.56 12.63498 -8.29 7.84
581.76 305.25 11.75556 -3.67 10.73
832.15 306.40 10.87420 -0.42 13.52
1088.65 307.58 10.22431 0.66 16.58
1351.73 308.69 9.91981 1.62 19.24
1621.60 309.66 9.96649 3.68 20.66
1898.65 310.66 9.33944 5.17 19.89
2473.91 311.24 6.68869 5.52 17.95
3081.45 313.16 6.04980 5.90 16.93
3727.82 316.15 5.19204 6.63 17.95
4419.47 318.62 4.08404 6.86 19.98
5162.69 321.03 3.19978 6.87 21.43
5967.16 324.05 2.43633 5.38 22.81
6846.51 327.22 1.56992 3.24 24.16
7817.03 330.43 0.94438 2.87 25.60
8905.73 335.57 0.60471 3.65 27.84
10150.40 339.71 0.29956 3.65 31.63
10845.63 340.58 0.17098 6.67 32.92
11601.95 343.73 0.10469 10.12 30.59
12443.85 352.74 0.07888 7.12 30.12
13407.74 367.16 0.03653 9.52 24.07
14563.92 397.16 0.00479 15.19 10.33
15991.64 420.65 0.00486 9.08 5.79
30981.54 877.88 0.00631 -14.14 0.94
