925.00 298.89 14.10220
0.00 298.89 14.10220 -4.62 0.26
73.74 298.89 14.10220 -7.49 0.93
310.80 303.36 12.91640 -9.03 6.71
555.26 305.50 12.17922 -5.28 10.14
805.92 306.55 11.63846 -2.69 12.54
1062.69 307.68 11.05064 -1.52 15.13
1325.89 308.65 10.51940 -0.17 17.57
1595.68 309.39 10.32536 2.22 19.69
1872.56 310.41 9.96956 4.87 20.22
2448.02 311.27 7.29855 6.83 19.26
3055.63 313.14 6.20715 6.68 19.15
3701.96 316.14 5.28908 7.00 20.28
4393.83 318.73 4.08249 6.86 21.47
5137.36 321.22 3.10602 6.86 22.13
5942.44 324.34 2.36891 5.36 23.00
6822.42 327.36 1.53414 3.59 23.92
7793.25 330.51 1.00337 3.17 24.89
8882.59 335.87 0.63179 3.22 27.54
10128.07 339.72 0.29815 3.20 31.25
10823.26 340.63 0.17195 6.44 32.07
11579.62 343.57 0.10304 8.79 30.61
12419.90 351.47 0.07548 6.26 30.70
13380.83 366.07 0.03994 11.55 25.20
14535.58 397.58 0.00473 15.37 9.38
15964.01 420.84 0.00489 8.55 5.01
30952.44 877.46 0.00624 -14.05 0.99
