925.00 300.69 14.16766
0.00 300.69 14.16766 0.03 -0.10
32.46 300.69 14.16766 0.31 -0.44
269.53 301.69 12.95370 -1.17 1.30
511.97 302.16 12.68132 1.49 1.19
759.83 303.18 12.15517 3.96 1.78
1014.02 304.79 11.54826 4.80 5.08
1275.18 306.59 11.16679 4.83 9.40
1543.88 308.77 10.72515 4.18 12.39
1820.63 310.61 9.79414 2.55 11.87
2397.42 312.48 6.58764 0.07 7.07
3006.15 313.02 5.31620 1.04 3.81
3649.90 314.82 5.13031 0.58 6.59
4339.81 318.38 4.73033 -0.88 15.32
5083.85 321.60 3.80974 -1.03 21.32
5889.60 324.26 2.83960 0.53 23.88
6769.30 327.40 1.82354 1.57 25.84
7740.46 330.68 1.09170 2.15 28.21
8827.35 334.61 0.58359 3.11 30.51
10070.69 339.80 0.29604 2.32 30.74
10767.46 342.34 0.18920 -0.17 31.62
11527.95 344.71 0.11236 -2.57 33.11
12365.93 350.25 0.05932 2.17 33.63
13337.16 374.02 0.01713 8.65 21.02
14505.62 398.11 0.00482 17.57 13.87
15933.14 418.76 0.00502 10.10 7.85
30894.71 875.74 0.00628 -15.15 0.96
