925.00 297.61 12.17885
0.00 297.61 12.17885 4.68 -1.58
62.80 297.61 12.17885 6.45 -2.32
297.35 298.71 10.94893 8.65 -3.90
537.27 299.58 11.20975 5.50 -1.60
782.89 300.62 11.46673 2.96 1.88
1034.84 302.35 11.08475 2.35 4.63
1293.61 303.84 10.18973 1.65 6.51
1559.86 306.48 9.10902 -0.75 6.76
1834.49 308.67 8.02819 0.35 6.45
2407.58 311.00 5.90855 6.67 8.11
3013.46 312.52 3.93829 8.43 8.26
3656.80 314.78 2.77662 8.30 11.04
4344.83 317.34 2.59872 4.36 14.06
5084.84 319.75 2.45782 2.08 18.40
5885.31 322.06 1.72542 2.40 22.43
6758.01 324.54 0.94987 2.18 25.51
7721.29 328.34 0.59112 2.93 31.43
8802.47 332.96 0.42753 3.68 33.17
10040.97 339.77 0.25922 1.44 35.76
10738.81 342.81 0.16217 -0.16 40.62
11500.32 346.37 0.09221 2.05 39.97
12348.75 354.77 0.03861 3.45 30.91
13319.21 371.77 0.01297 17.76 22.05
14497.41 404.44 0.00476 13.16 12.79
15944.86 422.77 0.00483 6.01 8.61
30926.15 876.13 0.00635 -15.06 0.12
