925.00 299.22 13.89451
0.00 299.22 13.89451 1.85 0.00
14.08 299.22 13.89451 2.04 0.09
249.81 299.95 12.87818 1.37 2.28
490.92 300.77 12.45228 0.95 5.11
737.69 301.93 11.65437 3.01 7.15
990.71 303.41 10.90849 5.57 8.81
1250.50 305.47 9.81335 5.79 9.71
1518.33 308.38 8.27360 2.29 9.83
1794.13 309.79 7.15680 0.64 8.25
2368.43 311.40 5.71641 3.68 6.48
2975.22 313.18 4.09037 5.16 6.91
3619.89 315.13 3.21418 5.93 8.77
4308.22 317.22 2.88413 4.62 12.28
5047.93 319.61 2.45554 3.92 17.70
5848.17 322.05 1.59487 4.01 22.65
6721.29 324.96 1.01336 2.81 26.93
7686.92 329.27 0.70605 3.31 32.04
8770.94 333.92 0.37380 4.83 32.49
10010.56 339.41 0.29967 2.01 34.97
10707.68 342.52 0.18174 0.36 38.57
11468.58 345.56 0.10257 3.21 38.82
12313.24 353.15 0.04229 5.93 31.35
13281.25 371.92 0.01288 17.23 22.58
14458.58 403.58 0.00482 12.54 11.52
15902.46 421.30 0.00485 5.45 9.09
30889.06 876.80 0.00630 -14.35 0.24
