950.00 297.27 11.66405
0.00 297.27 11.66405 -3.17 1.50
171.94 297.27 11.66405 -7.09 4.85
401.57 298.04 11.38555 -7.94 8.09
636.14 298.61 11.13539 -7.24 10.46
875.92 299.38 10.84295 -6.47 10.97
1121.15 299.80 10.77250 -5.73 10.28
1371.98 300.70 9.95972 -5.05 8.93
1629.01 301.72 9.15512 -4.48 8.66
1892.82 303.52 8.22961 -3.43 8.78
2164.59 305.79 6.78965 -1.05 7.98
2732.57 308.92 5.10511 4.09 9.28
3335.87 311.75 4.33645 5.43 10.72
3977.91 313.80 3.59128 4.59 11.15
4663.52 316.10 2.84293 6.54 9.94
5401.21 319.12 2.14940 11.02 13.44
6200.25 321.57 1.52356 13.71 16.25
7071.37 323.94 0.98212 15.12 19.03
8031.72 326.88 0.70695 17.12 24.73
9108.34 332.19 0.50244 11.63 32.02
10341.70 336.45 0.23266 6.08 36.23
11031.94 339.16 0.14831 12.60 41.41
11788.91 345.57 0.10060 22.72 38.63
12636.28 355.26 0.02951 26.28 30.30
13614.48 377.97 0.00920 17.98 15.76
14795.18 401.83 0.00493 11.65 11.52
16239.36 425.18 0.00476 12.41 11.22
31289.00 874.36 0.00637 -14.04 3.46
