925.00 297.88 13.49386
0.00 297.88 13.49386 -3.54 -0.86
212.75 297.88 13.49386 -8.77 1.28
448.61 301.35 12.86158 -7.90 7.83
691.71 304.10 11.96306 -3.64 11.78
941.29 305.39 11.15966 0.33 13.63
1196.86 306.16 10.44851 2.51 15.43
1458.53 306.95 10.05523 3.40 17.74
1727.10 308.52 9.90755 4.23 18.87
2003.34 309.92 8.76428 4.32 17.89
2577.43 311.01 6.24917 2.23 16.06
3184.19 312.63 5.65735 2.26 16.92
3828.81 315.39 4.85868 3.61 17.37
4518.93 318.11 3.81120 4.83 17.50
5261.19 320.73 3.00695 6.02 18.44
6064.71 323.45 2.35418 6.88 20.91
6942.60 326.57 1.59456 6.52 23.89
7910.78 329.63 0.94560 6.17 27.11
8997.98 335.31 0.58307 7.57 27.96
10241.32 339.14 0.28686 7.41 32.09
10935.84 340.55 0.17156 9.04 34.14
11692.31 343.56 0.10527 13.07 32.44
12533.91 353.46 0.07520 13.00 31.90
13502.84 369.96 0.03267 12.59 25.42
14665.85 398.17 0.00445 13.88 9.63
16091.02 418.27 0.00499 9.77 7.49
31090.00 881.21 0.00614 -13.40 -0.09
