933.340027 305.595398 16.126629
79.3 304.572270 15.012192 -3.501684 -0.017501
319.1 304.364750 13.194868 -5.176523 0.957084
814.6 307.192043 7.524162 -5.035599 0.233109
2454.4 311.458969 7.791512 4.093540 2.825469
3706.7 314.612436 2.824855 8.533207 1.882442
5136.6 321.211512 0.646108 11.184504 0.144985
6818.7 326.215939 0.362380 15.042382 0.242777
8870.5 332.837106 0.116445 27.425114 1.629829
10105.1 337.271387 0.036354 33.975983 3.986251
11556.4 346.355050 0.012053 34.274193 6.308088
16001.4 420.052079 0.003244 9.719028 0.213323
20422.6 519.730281 0.002400 -4.109138 0.822088
