887.320007 308.670227 15.252491
375.2 307.729426 14.649043 1.383979 0.552248
2029.8 314.909962 6.829327 -1.025022 7.708365
3292.9 316.712151 5.595350 1.949043 8.869624
4725.7 320.065375 1.732704 2.818759 8.260649
6404.2 326.404001 1.283332 2.564725 14.107097
8470.4 335.313262 0.473851 14.202186 15.414446
9710.9 337.425324 0.167196 16.461157 13.572775
11158.8 344.975129 0.031941 25.582203 17.498096
15591.4 416.690445 0.003381 9.673286 4.125823
19988.9 516.939179 0.002398 -2.605616 0.600414
