923.510010 309.694580 18.227524
229.4 308.830177 16.710321 -3.949780 1.571997
731.6 308.973878 15.571005 -3.285938 3.147794
2388.2 314.443572 5.851847 3.162078 1.650856
3650.8 317.221083 3.658965 10.287860 0.497447
5085.5 321.456854 0.614491 10.700933 3.595348
6772.9 327.999076 0.003674 11.337770 8.396281
8837.8 335.788480 0.433150 19.499929 9.414688
10079.9 337.820676 0.125421 21.633614 6.492083
11532.5 348.020651 0.015028 30.965918 9.206356
15955.1 416.651440 0.003400 8.762650 0.425646
20351.4 516.993910 0.002356 -2.838454 -0.118420
