850.039978 309.970123 12.183232
0.5 309.948104 12.314455 -1.786905 0.278872
1644.4 312.564054 4.252317 -0.451571 4.073294
2898.1 315.573446 2.226112 6.188657 5.138772
4328.2 320.626372 0.630900 7.640614 5.993167
6008.6 326.193854 0.352066 7.970265 7.050723
8056.1 332.358917 0.220388 21.536163 20.255716
9288.8 336.198499 0.048021 23.838814 27.164305
10736.0 345.289133 0.010356 26.144073 24.220579
15196.2 422.143011 0.003327 7.514576 2.924046
19628.6 519.213647 0.002399 -4.489710 1.045005
