900.159973 312.869537 10.857718
1.6 312.732929 10.949769 -2.927596 1.061669
504.9 310.418450 10.581819 -5.712722 2.559502
2152.6 311.387500 5.762676 -2.536848 5.684332
3404.9 314.878449 2.964798 5.150230 6.517622
4830.8 319.436375 1.004157 6.018576 7.790453
6504.5 324.897089 0.496596 4.048628 11.997979
8541.2 329.981877 0.075229 12.451170 21.127096
9766.0 334.814494 0.061113 14.964708 27.445704
11214.2 348.030946 0.017323 19.974806 24.766205
15707.3 422.381755 0.003179 7.084142 7.164407
20159.4 520.519525 0.002408 -2.795256 1.991089
