929.109985 304.524750 15.990069
38.9 303.887164 14.958862 -2.596733 0.880157
278.1 304.502848 10.987776 -4.776366 3.514090
773.5 307.403640 4.642066 -4.929695 0.706121
2409.1 310.674601 6.637969 2.504858 2.428447
3659.1 314.620735 2.511741 7.729366 1.582516
5087.8 320.684108 1.090201 10.841836 0.082784
6768.0 325.935492 0.335161 16.466951 0.917981
8816.3 332.355301 0.058135 26.206478 3.857174
10047.6 336.002070 0.052940 32.007126 6.253603
11497.0 346.666395 0.012824 34.012844 7.099256
15950.2 421.457209 0.002929 9.696713 0.360478
20384.6 519.902086 0.002398 -2.906082 0.389344
