900.690002 310.378143 14.969692
6.8 310.017392 14.964593 -3.592896 0.942351
508.4 308.779065 14.151133 -6.596704 2.350910
2154.0 312.835028 4.397633 1.006171 5.909487
3410.1 316.129838 1.635760 7.184273 4.388462
4840.5 320.491331 0.702447 7.631464 5.588872
6520.5 326.386515 0.277884 6.956212 7.023633
8566.7 332.754068 0.382302 17.398985 16.742111
9797.5 335.101122 0.125934 18.938448 27.257936
11242.8 346.056150 0.010395 29.309286 23.342043
15708.2 420.335132 0.003413 9.028473 4.004957
20144.9 518.960430 0.002402 -2.485034 2.137931
