866.859985 311.675079 12.710832
171.7 309.244168 12.403744 -4.372633 0.043152
1818.8 312.802250 4.050394 -0.073760 6.165709
3073.8 315.488482 3.179022 6.049577 7.273337
4501.2 319.482691 1.760026 5.975154 7.992270
6178.6 325.712776 0.361678 5.726042 9.179986
8221.1 331.305146 0.120393 16.815220 25.032444
9449.8 335.513593 0.057588 16.197012 31.012047
10895.2 345.748043 0.011203 21.748833 27.810663
15374.2 420.970822 0.003491 6.517133 4.666281
19808.2 519.657523 0.002405 -2.211810 2.612842
