906.719971 309.400330 16.139017
66.0 308.918804 15.210556 -0.385842 2.026685
567.9 308.891145 14.960957 0.178593 1.947303
2226.2 314.977850 6.311029 -0.244655 8.050590
3491.0 317.537558 3.930533 2.726537 8.420893
4925.3 320.735223 3.571293 11.817667 11.156754
6610.5 328.306366 0.798267 17.092505 9.415692
8681.7 335.708779 0.195526 18.962534 9.564061
9923.2 338.113403 0.052463 22.709497 12.738308
11376.6 346.275274 0.014984 28.408573 15.837830
15800.9 417.145692 0.003379 9.069929 2.329740
20192.0 515.359362 0.002388 -3.035115 1.033792
