922.940002 310.458252 18.266930
224.5 309.977198 16.077217 -4.006026 -0.358021
728.4 310.091609 15.393553 -4.630749 1.780301
2392.2 316.737307 5.734547 -0.506718 6.137003
3663.5 318.843400 4.400547 5.209177 5.208747
5103.9 321.311211 1.614840 13.114654 4.598670
6793.5 329.590027 0.026027 13.234576 7.880852
8868.4 336.330142 0.058380 17.634583 8.987535
10113.5 339.463441 0.077645 25.815729 11.995758
11574.4 348.689018 0.037229 30.269634 14.865942
15976.9 415.246870 0.003476 10.016071 2.220544
20356.7 515.001640 0.002406 -3.232222 -0.146335
