928.316895 309.157898 8.829772
32.3 308.060767 5.951831 2.313263 5.145905
273.7 308.014107 5.557010 3.673706 6.375549
519.9 307.797737 5.512664 4.383392 6.563354
771.1 307.953810 5.493510 4.998627 6.625061
1027.8 307.993531 5.482414 5.631821 6.636429
1290.0 307.952201 5.495662 6.191544 6.594833
1558.0 307.886480 5.543494 6.944351 6.558487
1832.4 308.034259 5.578869 7.883774 6.411346
2401.7 308.279119 5.545795 10.206055 6.004990
3001.7 309.614576 4.401623 14.995926 3.245911
3639.2 311.668598 2.848655 17.702621 0.961151
4320.2 314.229515 1.721026 19.043365 -0.148529
5053.7 317.760715 1.171360 20.301315 -1.045578
5850.4 321.022267 1.102414 25.676804 -3.384415
6720.2 323.557858 0.635164 30.173187 -2.887390
7680.3 326.850990 0.304507 32.022110 -2.226257
8753.2 329.371663 0.246847 37.015137 -3.140472
9974.4 333.933863 0.101086 48.691910 -4.252167
10661.3 338.286972 0.051199 54.260788 -4.959839
11415.7 344.332378 0.020331 53.115036 -6.074158
12262.2 356.896330 0.009773 42.270828 -3.798096
13251.3 378.473624 0.004265 32.038361 -4.592972
14414.7 391.310933 0.003299 27.362640 -2.429947
15827.0 418.061578 0.002874 17.609253 1.274872
30909.3 879.459577 0.003398 -11.400742 2.137146
