953.456848 304.529694 10.950826
32.0 304.383605 9.656379 -3.068359 4.544098
266.4 304.208326 9.258697 -3.514862 5.969147
505.4 304.236056 9.171912 -3.242310 6.363831
749.1 304.218440 9.139487 -2.716217 6.707886
997.9 304.682328 8.162367 -0.692780 7.068420
1252.8 307.003060 4.317977 4.811508 6.037796
1514.4 308.187433 3.089542 7.670059 4.722763
1782.4 308.443158 2.968096 9.237320 3.154190
2056.9 308.640706 2.860898 10.715805 1.820526
2626.6 309.074977 2.971352 13.721680 1.524521
3227.3 309.888484 3.634154 16.072098 3.652161
3864.6 311.288911 3.521949 18.067856 2.834198
4544.1 313.163729 1.948238 20.473053 3.320221
5275.4 317.047639 0.634203 23.127487 0.432938
6070.0 320.250595 0.831094 25.071335 -3.734024
6937.6 322.707754 0.687855 30.202484 -5.844421
7895.2 326.054825 0.287460 33.760391 -6.195007
8965.8 328.707705 0.219458 39.257324 -8.495941
10185.8 333.888877 0.090804 49.383316 -11.127167
10873.3 338.783483 0.041178 54.971725 -13.608276
11628.6 344.377233 0.021601 53.113083 -13.972595
12476.4 359.120208 0.009077 42.686844 -10.085205
13469.1 377.447633 0.004503 26.649689 -7.550003
14632.2 394.206772 0.003278 27.850922 -2.818619
16051.7 416.937851 0.002884 19.433472 -2.225128
31125.4 876.831332 0.003392 -11.053085 2.496521
