952.546875 304.723694 9.657869
23.6 303.909917 8.105227 -0.484375 4.544098
257.5 303.804908 7.770965 -0.319550 5.982819
495.9 303.847582 7.724235 -0.013794 6.272034
739.1 303.883642 7.704685 0.244720 6.468628
987.4 303.939646 7.702696 0.574799 6.681702
1241.0 304.013077 7.734039 1.110336 6.815140
1500.3 304.286323 7.570857 2.447403 6.839951
1765.8 305.445500 6.070399 6.725601 6.034073
2038.6 307.247574 3.859395 11.637680 4.020721
2606.8 308.026089 3.587425 14.110352 1.981552
3205.3 308.580793 3.400265 16.431473 2.337708
3840.3 310.312576 3.386527 18.794418 1.506073
4517.3 312.298358 1.329065 19.027740 0.089752
5246.5 316.169093 0.369320 20.262253 -1.955734
6038.4 319.094927 0.528660 24.430710 -3.161758
6903.4 322.206574 0.471729 31.823578 -5.045593
7860.4 326.032416 0.241982 36.121719 -6.345398
8930.4 328.210424 0.153655 39.229980 -7.097504
10146.4 332.575571 0.077259 47.590347 -9.412323
10831.2 337.860750 0.042742 50.795944 -11.518433
11586.4 344.915484 0.019478 46.529099 -8.464783
12441.0 363.608136 0.007456 38.130203 -8.087158
13436.6 376.710464 0.004799 26.069611 -5.801956
14601.1 396.136742 0.003216 27.450531 -3.144791
16026.8 419.040125 0.002862 17.411987 -1.880402
31130.4 879.827240 0.003394 -10.732773 2.916443
