937.736877 307.328400 10.264784
120.8 306.624839 7.325599 2.824982 5.202545
361.4 306.574945 7.216880 3.681519 5.755432
606.7 306.598551 7.166336 4.293549 6.065308
857.1 306.638261 7.133830 4.904877 6.360413
1112.8 306.559412 7.143714 5.465805 6.597366
1374.1 306.547052 7.147902 6.121231 6.807724
1641.2 306.586165 7.160925 6.868179 7.009659
1914.7 306.613561 7.168644 7.741196 7.252167
2482.1 307.433520 5.889595 12.262695 6.844833
3080.7 308.627181 4.213749 16.175613 5.863098
3715.6 310.271895 2.903014 17.343246 3.965057
4393.2 312.535843 1.631857 18.394928 1.091705
5121.8 315.602442 1.025448 20.740768 -2.102219
5914.3 319.801577 0.588384 25.911179 -4.071915
6781.0 322.493325 0.325578 31.048187 -5.004578
7737.4 325.488018 0.219332 34.672501 -4.362976
8805.6 328.032726 0.169629 39.550293 -3.941254
10021.5 332.678604 0.094022 49.961441 -5.002167
10706.7 338.104519 0.035664 53.092819 -5.987183
11463.6 346.613759 0.015797 46.202927 -4.468689
12321.5 364.035557 0.007179 36.374344 -2.139893
13321.1 378.715429 0.004382 25.655548 -3.753128
14484.3 392.329872 0.003317 26.653656 0.432358
15903.5 419.852752 0.002853 16.495972 0.187958
31013.2 882.844989 0.003400 -11.314804 3.131287
