935.806885 307.326233 9.590131
102.7 307.253932 7.733295 -3.432831 5.599030
343.8 307.215020 7.512996 -3.421997 6.282776
589.7 307.201188 7.404277 -3.009186 6.639526
840.6 307.450505 6.454337 -1.677155 7.252014
1097.1 308.173054 5.028465 1.659164 7.909866
1359.7 309.115872 4.384631 5.642715 7.350693
1628.6 309.064957 4.698538 7.545914 6.200089
1903.8 309.041470 4.907959 8.395493 5.432831
2475.1 309.976806 4.328907 12.006836 2.253036
3077.9 310.758805 4.189431 15.808426 3.206848
3717.9 312.900317 3.471166 17.249496 5.109589
4402.6 315.969527 2.147318 19.394928 6.568268
5137.4 316.771457 2.115259 20.287643 5.460281
5932.7 321.062752 0.953998 24.440475 -2.329727
6802.7 323.268569 0.918287 27.184906 -5.779968
7762.2 326.824627 0.482188 29.072891 -6.448914
8836.4 330.104497 0.288302 35.429199 -8.882660
10062.5 335.187671 0.112440 46.828629 -9.353729
10751.2 338.925557 0.065154 52.073288 -11.166870
11505.4 343.436840 0.027726 54.517380 -11.167908
12350.2 355.533723 0.011349 45.755203 -12.696533
13335.8 378.312421 0.004473 34.126251 -9.391800
14498.6 391.165875 0.003391 28.054047 -4.301041
15906.2 414.194526 0.002887 22.931519 -2.714386
30953.2 875.633697 0.003392 -11.842148 2.148865
