929.616882 309.933746 9.304963
44.7 309.277013 6.798217 -0.073456 5.395905
287.1 309.107065 6.557891 0.382690 6.488831
534.2 308.666183 6.640861 0.947845 6.958862
786.5 309.036120 6.474841 1.469330 7.169983
1044.1 308.990192 6.477096 1.993149 7.384476
1307.3 308.791127 6.509418 2.586075 7.669052
1576.1 308.644823 6.578230 3.612320 7.958878
1851.3 308.833666 6.315583 5.506821 7.759979
2422.7 309.416677 5.626381 9.436523 6.290146
3025.0 311.061430 3.688990 14.466629 3.700989
3665.4 313.248363 2.325564 16.345200 1.838104
4349.9 315.964893 1.543165 17.971100 -1.039154
5086.1 318.683308 1.739273 19.076706 -2.555344
5884.9 321.801319 1.307216 25.461960 -4.683243
6756.5 324.050157 0.832813 28.485687 -4.932312
7718.9 327.785562 0.427531 29.643204 -2.880554
8794.9 330.295971 0.239426 34.745605 -2.933441
10020.9 334.948228 0.116046 46.863785 -4.357635
10709.0 338.663842 0.075100 52.374069 -5.155151
11462.9 343.285263 0.026310 55.538864 -4.999939
12307.1 355.000249 0.010889 45.653641 -7.882080
13287.8 377.367031 0.004634 37.925079 -4.591019
14451.6 391.183565 0.003378 28.364594 -5.402603
15854.4 413.785384 0.002870 21.273315 1.723114
30912.9 879.051872 0.003397 -12.170273 1.809021
