949.846863 305.034363 10.981565
233.3 304.873366 9.148547 -3.776581 5.593170
472.8 304.890220 9.037444 -3.476685 6.036682
717.0 304.851513 8.993575 -2.987701 6.391479
966.4 305.451607 7.780898 -0.667389 6.726624
1221.9 307.851151 4.019477 4.735336 5.476273
1484.1 308.510097 3.430480 6.445450 4.597763
1752.3 308.602809 3.453516 8.094742 3.488174
2027.0 308.812462 3.332966 9.858383 2.313690
2597.2 309.388563 3.361643 13.713867 2.253036
3198.7 310.195526 3.844201 16.232254 3.833801
3836.6 311.485535 3.645688 17.462387 3.232635
4517.1 313.820578 2.257468 20.596100 4.554596
5249.5 317.272633 0.711212 23.490768 2.018875
6044.9 320.649312 0.895228 25.157272 -3.441055
6913.5 322.856205 0.784414 29.009125 -5.998718
7871.2 326.075915 0.371622 31.840469 -6.280945
8942.6 329.104427 0.248545 38.331543 -9.097504
10164.1 334.218291 0.099923 48.977066 -11.041229
10852.0 338.832835 0.046118 54.530319 -13.307495
11606.9 344.186989 0.022991 54.009567 -13.898376
12453.4 357.698147 0.009818 43.841141 -11.122314
13444.5 377.696154 0.004432 28.050079 -8.499222
14607.1 393.407188 0.003301 28.018890 -2.969009
16023.8 416.017753 0.002899 20.400269 -2.416534
31088.3 876.157890 0.003392 -11.306992 2.357849
