940.486877 306.822937 9.805149
146.6 306.455084 6.728599 1.500763 5.795319
386.9 306.393792 6.636569 2.161987 6.361877
632.0 306.375352 6.604621 2.672455 6.645386
882.1 306.460263 6.595004 3.207611 6.901428
1137.6 306.478936 6.609180 3.790024 7.121780
1398.7 306.507499 6.658668 4.418106 7.313583
1665.8 306.512641 6.737017 5.264664 7.588760
1939.1 306.857412 6.196850 7.848618 7.425995
2507.1 307.894166 4.966915 11.846680 4.317490
3106.3 309.113147 3.561913 16.003738 2.099426
3742.2 310.778143 2.923757 17.345200 0.488495
4420.9 313.323597 1.243950 19.150787 0.121002
5152.3 317.097638 0.750790 21.439987 -1.240891
5947.0 320.313163 0.915851 25.612350 -2.911758
6815.1 323.033839 0.514763 31.432953 -4.190125
7773.5 326.248594 0.240849 34.295547 -4.062195
8843.9 328.525874 0.193888 38.847168 -4.535004
10062.7 333.642178 0.090416 49.840347 -6.650604
10749.8 338.786474 0.039978 54.776413 -8.350464
11506.0 345.122742 0.019091 50.185349 -8.683533
12355.2 359.100926 0.008816 40.405594 -5.364502
13347.0 377.481217 0.004473 28.079376 -6.153519
14508.7 392.926022 0.003285 28.452484 -1.393814
15930.0 418.553679 0.002863 17.003784 -0.286652
31020.9 879.441376 0.003396 -11.205429 2.652771
