929.376892 305.199890 11.093349
40.6 304.749545 8.465716 1.711700 6.162506
279.8 304.701016 8.225390 2.949097 8.199768
523.7 304.672954 8.165786 3.625580 8.610229
772.7 304.708925 8.129465 4.244720 8.831116
1026.9 304.679581 8.108833 4.911118 9.030960
1286.7 304.752624 8.064860 5.701309 9.211044
1552.3 304.821601 8.020185 6.430679 9.211807
1824.3 305.105926 7.632130 8.536118 9.127167
2390.0 307.113447 4.960955 15.440430 5.989365
2987.7 308.101454 3.404318 17.706863 4.984192
3621.3 309.828928 2.286702 16.110825 2.531464
4297.9 312.150074 1.166702 15.121490 -0.921967
5025.2 314.619136 0.752220 18.022018 -2.928391
5813.5 318.195665 0.584092 24.838913 -3.130508
6677.2 321.757414 0.506299 31.880219 -2.924500
7632.2 325.118935 0.317978 34.895157 -3.894226
8698.5 327.046430 0.176334 37.909668 -4.632660
9911.0 331.900779 0.074025 46.758316 -7.052948
10595.1 338.267531 0.032707 45.374069 -8.045776
11354.5 348.893593 0.014959 40.847458 -3.730408
12219.8 366.164631 0.006836 33.905594 -6.046143
13217.7 377.178960 0.004883 25.905548 -3.176956
14382.4 395.082423 0.003245 27.833344 0.197006
15808.1 420.901061 0.002850 15.994019 -1.227081
30939.8 885.152894 0.003400 -11.752304 2.557068
