940.376892 306.912689 9.837886
145.4 306.624839 6.883571 0.397247 5.646881
385.8 306.542740 6.773422 0.947144 6.169495
631.0 306.582318 6.726215 1.475189 6.488159
881.3 306.597342 6.711829 2.027924 6.757874
1137.0 306.604808 6.733634 2.620102 6.967484
1398.2 306.590767 6.812209 3.535294 7.204208
1665.4 306.752118 6.682658 5.663101 7.312393
1939.0 307.468100 5.312317 9.563461 6.248260
2507.6 308.292095 3.920258 12.079102 3.106552
3107.2 309.406936 3.605782 14.493973 2.382629
3744.0 311.259531 2.933770 17.019028 1.347870
4423.6 313.624798 1.603008 19.412506 1.058502
5155.7 317.215492 1.008758 21.619675 -0.033859
5950.8 320.443206 0.940766 25.983444 -3.151993
6819.5 323.343429 0.610369 31.350922 -4.404968
7778.9 326.609768 0.264453 33.494766 -4.062195
8850.4 328.783467 0.216180 38.562012 -5.644379
10070.3 333.823574 0.093799 49.500504 -7.513885
10757.6 338.764042 0.044247 55.167038 -9.162964
11513.1 344.654092 0.020752 52.447067 -10.160095
12360.6 357.992201 0.009382 42.116531 -6.928955
13351.2 377.654174 0.004414 28.921173 -6.866409
14513.3 392.766813 0.003288 28.401703 -1.844986
15932.6 417.724083 0.002875 17.755737 -0.528839
31014.2 878.469435 0.003394 -11.357773 2.398865
