938.966858 307.624969 9.760625
132.7 306.944378 6.740520 1.953888 5.323639
373.4 306.947316 6.614635 2.843628 5.914612
619.0 306.994222 6.560276 3.451752 6.254761
869.6 307.035176 6.525385 4.090424 6.562561
1125.6 307.046393 6.513336 4.729477 6.838577
1387.1 307.007108 6.540889 5.400528 7.083115
1654.5 306.993695 6.579661 6.155289 7.390518
1928.3 307.037650 6.633633 7.088852 7.707245
2496.2 307.539491 5.691231 10.934570 7.401474
3095.0 308.766344 4.325091 15.691238 4.923645
3730.4 310.421058 3.296166 17.372543 2.250214
4408.4 312.629678 2.030016 19.389069 -0.111420
5137.8 316.220282 1.341352 21.895065 -2.867844
5932.5 320.560981 0.789728 26.510788 -4.433243
6800.9 323.052871 0.448840 31.171234 -4.651062
7759.1 326.108869 0.252472 33.860001 -4.257507
8829.4 328.709082 0.186467 38.761230 -3.331879
10047.4 333.193768 0.091921 49.680191 -4.810760
10733.4 338.248089 0.038317 54.186569 -5.885620
11489.6 345.653259 0.017112 48.431442 -5.503845
12342.3 361.213932 0.008037 38.380203 -2.290283
13337.7 378.280516 0.004356 27.325470 -4.405472
14500.0 392.002608 0.003307 27.364594 -0.494400
15919.0 419.513372 0.002856 16.427612 0.280731
31018.8 881.155924 0.003399 -11.205429 2.957458
