933.946899 303.479889 11.176863
83.8 302.772398 9.050796 -0.124237 5.668365
321.5 302.627817 8.908698 0.208862 6.763245
563.9 302.580973 8.865306 0.619720 7.189331
811.2 302.572948 8.837568 1.078705 7.577209
1063.8 302.659434 8.811214 1.663071 7.927444
1322.0 302.787497 8.559817 2.900528 8.437607
1586.5 303.958225 7.145190 7.727554 8.615128
1858.1 305.663602 5.367154 12.293930 7.234589
2424.2 307.197791 4.331053 15.991211 4.721786
3021.6 307.882769 3.364979 19.552567 4.417786
3654.8 309.591624 2.279550 19.013168 1.767792
4331.0 312.308784 0.476004 16.373444 -1.699310
5058.6 315.022696 0.216732 18.328659 -3.299484
5847.5 318.079117 0.374403 25.079147 -3.882462
6710.2 321.412297 0.315087 33.225922 -4.072937
7664.6 325.249432 0.291215 35.850235 -4.778992
8731.1 327.181426 0.157022 38.937012 -6.527191
9943.9 331.606192 0.066038 45.918472 -8.986542
10627.0 337.591558 0.033936 44.014694 -8.713745
11385.5 348.485265 0.015999 41.120895 -3.062439
12249.9 365.685790 0.007359 34.798172 -8.003174
13245.9 376.984173 0.004963 27.452423 -3.346878
14413.3 396.520613 0.003194 27.632172 -2.126236
15841.4 421.104689 0.002854 15.630737 -2.205597
30975.1 884.188234 0.003398 -11.478867 2.492615
