938.036865 307.598694 9.396939
123.8 307.004292 6.278465 2.172638 5.785553
364.4 306.913098 6.179283 2.800659 6.371643
609.8 306.864360 6.149719 3.367767 6.634644
860.2 306.924694 6.141531 3.906830 6.882874
1116.0 306.891632 6.157138 4.411118 7.040726
1377.4 306.940493 6.202334 5.045059 7.169052
1644.8 306.966386 6.284499 5.741226 7.328995
1918.4 306.995241 6.420487 6.729477 7.506073
2486.3 307.686551 5.159796 11.448242 5.448349
3085.4 309.221385 3.645598 16.115067 2.380676
3721.5 310.925046 2.801448 17.495590 0.547089
4400.7 313.518219 1.272799 19.273834 -0.105560
5132.2 317.139304 0.933657 20.973190 -1.209641
5927.7 320.592879 0.977960 25.598679 -3.064102
6796.2 323.106161 0.543492 30.989594 -3.803406
7754.9 326.313183 0.245737 33.897110 -3.814148
8825.4 328.528629 0.199968 38.229980 -3.890472
10044.1 333.558011 0.094425 49.824722 -5.787323
10730.9 338.596544 0.041707 54.870163 -7.221558
11486.8 345.094901 0.019050 50.734177 -7.710876
12336.0 359.062362 0.008840 40.438797 -4.462158
13328.1 377.759964 0.004403 28.503204 -5.770706
14489.7 392.301568 0.003296 28.264984 -1.272720
15909.6 418.713942 0.002863 16.802612 0.034637
31000.3 879.674351 0.003396 -11.236679 2.619568
