925.356873 308.813080 8.852383
3.2 307.663341 6.352851 2.377716 4.592194
244.5 307.836980 5.801151 3.665894 6.418518
490.6 307.450765 5.821178 4.188080 6.707886
741.6 307.841282 5.688536 4.647064 6.843811
998.2 307.789246 5.672672 5.024399 6.891312
1260.2 307.789828 5.695933 5.654434 6.896591
1528.1 307.565077 5.805754 6.250992 6.855362
1802.2 307.673783 5.793446 7.045883 6.638885
2371.1 308.155848 5.164326 10.729492 5.151474
2970.8 309.892902 3.775059 14.482254 2.648254
3609.6 312.631373 2.378016 16.944809 1.009979
4292.9 315.533945 1.768471 18.785553 -0.158295
5028.1 317.589291 2.048264 17.902878 0.759109
5824.2 320.947431 1.216974 24.938522 -3.077774
6694.1 323.556589 0.761884 29.829437 -3.838562
7654.5 327.001260 0.356840 31.328751 -2.876648
8727.8 329.514924 0.274980 36.675293 -4.206879
9950.5 334.290850 0.104364 48.328629 -4.982635
10637.9 338.487371 0.056556 54.085007 -5.776245
11392.1 343.971998 0.021933 54.642380 -6.683533
12237.5 355.879195 0.010392 43.712234 -5.850830
13224.5 378.409814 0.004356 33.673126 -5.487503
14387.9 391.164106 0.003317 27.807953 -3.239517
15798.2 417.041551 0.002879 18.884644 0.992645
30872.5 879.080993 0.003397 -11.681992 1.904724
