930.066895 309.468140 8.963602
49.1 308.448208 6.396720 1.459747 4.950592
291.0 308.372388 6.180236 2.255737 6.084534
537.4 307.968180 6.252239 2.811127 6.485229
789.0 308.270933 6.109583 3.326752 6.672913
1045.9 308.278291 6.109455 3.836899 6.820999
1308.4 308.164534 6.147498 4.304825 6.995224
1576.7 307.962104 6.247782 4.997086 7.154190
1851.2 308.093631 6.018513 6.506821 7.108612
2421.2 308.860874 5.195082 10.616211 5.989365
3022.4 310.769850 3.511845 14.822098 3.144348
3662.7 313.417866 2.103120 16.882309 0.986542
4347.7 316.201219 1.721741 18.445709 -1.177826
5083.7 317.866664 2.262125 17.268112 -0.531906
5880.8 321.249229 1.309719 24.971725 -3.913712
6751.3 323.720266 0.807422 29.132172 -4.338562
7712.4 327.330798 0.403212 30.522110 -2.888367
8787.2 329.959859 0.282550 35.374512 -3.183441
10012.0 334.700079 0.112112 47.520035 -3.970917
10699.8 338.560651 0.066212 53.104538 -4.709839
11453.8 343.651831 0.023285 55.349411 -5.218689
12298.7 355.181823 0.010736 44.575516 -6.704346
13281.8 377.954751 0.004513 36.548126 -4.655472
14445.9 391.169413 0.003354 27.964203 -4.518814
15850.8 415.263574 0.002875 20.355347 1.718231
30917.9 879.292127 0.003397 -11.931992 1.717224
