930.736877 305.927643 10.741095
54.6 305.146972 8.192489 1.996857 5.898834
294.0 305.135783 7.995555 3.035034 7.736877
538.3 305.131526 7.943580 3.617767 8.132690
787.6 305.150852 7.909167 4.190033 8.423889
1042.1 305.131484 7.896640 4.745102 8.640335
1302.3 305.168965 7.876033 5.382950 8.852646
1568.4 305.197621 7.872366 6.167007 9.074112
1840.7 305.447317 7.568711 8.536118 9.125214
2407.2 307.437846 4.795492 15.604492 5.395615
3005.1 308.282587 3.377139 18.242020 4.269348
3639.0 309.889949 2.609998 16.944809 2.302948
4315.9 312.426947 1.303555 15.994537 -0.552826
5044.1 315.236976 0.872383 18.297409 -2.336594
5834.3 318.785767 0.668254 24.428757 -2.747696
6699.3 322.134251 0.477808 31.300140 -4.221375
7655.2 325.328522 0.346051 33.760391 -3.716492
8722.2 327.425245 0.158691 39.554199 -4.831879
9936.8 332.703274 0.076245 48.422379 -6.533417
10622.3 338.583084 0.031827 48.233444 -7.588745
11381.1 347.699542 0.015220 42.054489 -4.081970
12241.6 364.638125 0.007134 34.909500 -4.391846
13238.9 377.131943 0.004777 25.798126 -4.296097
14401.7 394.197927 0.003273 28.038422 0.356186
15826.2 420.301489 0.002852 16.228394 -0.744659
30947.3 883.918857 0.003399 -11.467148 2.959412
