944.706848 306.234192 10.163836
185.7 305.696179 7.824848 -0.870331 5.811920
425.6 305.699371 7.732341 -0.468872 6.248596
670.3 305.764599 7.689903 0.029877 6.555542
920.1 305.799419 7.673132 0.627533 6.866272
1175.2 305.781480 7.672527 1.459946 7.196976
1436.0 306.263940 6.709689 4.047012 7.390732
1703.1 307.138641 5.271220 7.833023 6.815323
1977.0 308.032138 4.124516 11.557602 5.056854
2546.2 308.545126 3.668249 12.067383 2.631943
3146.0 309.424607 3.576933 14.988113 2.654114
3782.8 311.151049 3.147393 17.206528 1.773651
4461.9 313.223970 1.660467 19.381256 1.453033
5193.3 317.154779 0.753412 22.385300 -0.586594
5988.3 320.391679 0.884857 25.870163 -3.441055
6856.8 323.260956 0.596302 31.372406 -4.705750
7815.9 326.520133 0.254916 33.985001 -4.439148
8887.1 328.653982 0.210100 38.909668 -6.163910
10106.7 333.788746 0.090476 49.520035 -8.404510
10794.1 338.813393 0.042146 55.155319 -10.350464
11549.7 344.606144 0.020637 52.095505 -11.206970
12397.3 358.400340 0.009226 42.128250 -7.663330
13388.6 377.555101 0.004459 28.141876 -7.001175
14551.0 393.364732 0.003279 28.276703 -1.977798
15971.2 417.624154 0.002874 18.029175 -0.934113
31053.0 878.178217 0.003394 -11.267929 2.475037
