936.866882 308.605835 9.035789
113.1 307.763197 5.990932 2.041779 5.294342
354.3 307.730300 5.806873 3.124878 6.013245
600.3 307.698312 5.748699 3.830658 6.294800
851.4 307.718525 5.719531 4.463470 6.457092
1107.8 307.760357 5.708435 5.127914 6.590530
1369.8 307.725295 5.732650 5.738419 6.683701
1637.8 307.661708 5.780005 6.417007 6.834854
1911.9 307.720433 5.843991 7.284164 6.951385
2480.8 307.896329 5.870998 9.920898 7.096786
3080.1 309.055715 4.470288 15.076004 4.581848
3716.1 310.836904 3.233224 17.474106 1.777557
4395.1 313.126659 2.059580 19.504303 -0.361420
5126.2 317.040497 1.360187 21.947800 -2.529953
5922.5 320.958472 1.012411 26.227585 -4.071915
6792.0 323.460160 0.575798 30.745453 -3.430359
7751.5 326.584723 0.260221 32.901016 -3.144226
8823.6 329.129222 0.214422 37.640137 -2.960785
10043.2 333.536243 0.096466 49.301285 -4.420135
10729.5 338.173313 0.044508 54.502975 -5.264526
11484.6 344.845883 0.018860 51.093552 -6.023376
12333.4 358.843830 0.008881 40.569656 -2.614502
13325.9 378.453474 0.004248 29.493439 -4.454300
14488.7 391.565667 0.003301 27.296234 -1.446548
15904.7 418.970363 0.002863 16.720581 0.779755
30995.2 880.045654 0.003398 -11.240585 2.578552
