939.486877 307.093170 10.013131
137.2 306.580903 6.864974 1.899200 5.849030
377.6 306.540727 6.771514 2.560425 6.412659
622.9 306.564057 6.735752 3.115814 6.747925
873.2 306.595296 6.715167 3.734955 7.039124
1128.8 306.625443 6.718376 4.331039 7.265335
1390.0 306.607421 6.756419 4.980606 7.502060
1657.2 306.628178 6.816649 5.811539 7.805557
1930.6 306.732306 6.858223 7.049789 8.153534
2498.3 307.613021 5.408466 12.184570 6.520615
3097.2 308.830403 3.882348 16.669754 3.628723
3732.4 310.378117 3.070861 17.468246 1.220917
4410.3 312.747841 1.617314 19.178131 -0.503998
5140.0 316.403610 1.076708 21.285690 -2.680344
5934.6 320.460382 0.761356 25.958054 -3.825821
6802.7 322.976742 0.433701 31.044281 -4.617859
7760.8 326.075915 0.236081 33.924454 -4.216492
8830.7 328.414295 0.179732 38.819824 -3.386566
10048.4 333.288094 0.089686 49.770035 -5.318573
10734.7 338.454470 0.037005 54.045944 -6.756714
11491.3 345.722861 0.017202 48.075974 -6.175720
12343.7 360.934340 0.008062 38.331375 -3.194580
13338.1 377.761643 0.004442 27.223907 -5.014847
14499.8 392.436011 0.003304 27.972015 -0.514908
15920.6 419.392703 0.002856 16.417847 0.001434
31020.6 880.973912 0.003398 -11.189804 2.945740
