935.536865 307.309784 9.417305
99.7 307.202007 7.295558 -1.577362 5.716217
340.7 307.144572 7.095287 -1.349731 6.470276
586.3 307.132199 7.030437 -0.901764 6.830933
837.1 307.184531 6.982195 -0.423248 7.105530
1093.3 307.238297 6.741264 0.637680 7.451859
1355.3 308.112492 5.065555 4.654434 7.488388
1623.7 308.607010 4.064345 8.444351 6.523331
1898.5 308.946050 3.879899 10.393539 4.568573
2469.1 309.395051 3.506602 12.682617 2.596786
3070.1 309.930454 3.805100 14.365067 3.788879
3707.9 311.630177 3.268510 16.183090 3.730682
4389.0 314.250368 1.951100 19.408600 3.880768
5122.1 317.426200 0.894318 22.606003 1.671219
5918.5 321.325292 1.168814 25.618210 -3.054337
6789.5 323.810352 0.803607 28.997406 -4.750671
7750.0 326.777174 0.411319 30.057266 -4.321960
8822.5 329.250442 0.270480 36.929199 -7.421722
10045.0 334.380822 0.105377 48.414566 -8.467010
10732.8 338.687770 0.054447 54.108444 -9.963745
11487.2 343.944157 0.023781 54.904099 -10.636658
12332.8 356.264839 0.010513 44.602859 -9.610596
13321.1 378.188160 0.004384 31.606720 -8.284378
14483.6 391.790329 0.003323 28.272797 -3.113541
15897.3 416.055462 0.002891 20.029175 -1.036652
30961.3 877.340964 0.003393 -11.791367 2.197693
