949.716858 305.341614 10.050482
232.0 304.525868 8.007953 -0.841034 6.212311
471.0 304.527914 7.934520 -0.468872 6.572815
714.8 304.583675 7.893989 -0.007233 6.838745
963.7 304.622995 7.870543 0.518158 7.060608
1217.9 304.685772 7.878044 1.358383 7.290726
1477.8 305.250151 7.366294 3.849747 7.258896
1744.3 306.468527 5.605959 8.292007 6.256729
2017.7 307.769203 3.760212 12.456039 4.247284
2586.6 308.231541 4.028738 11.991211 2.424911
3185.9 309.091058 3.510653 16.179520 2.550598
3821.9 310.739723 3.321439 18.003403 1.560760
4499.7 312.603033 1.565815 19.078522 0.902252
5229.9 316.726220 0.493774 21.535690 -1.557297
6023.4 319.714473 0.712480 25.088913 -3.253555
6890.1 322.750894 0.494497 31.780609 -5.053406
7848.1 326.265730 0.233041 35.561172 -5.290710
8918.7 328.462508 0.178212 39.499512 -6.441254
10136.8 333.257619 0.082102 48.910660 -9.154510
10823.1 338.490362 0.038391 53.909225 -11.487183
11578.7 344.680386 0.019452 49.404099 -10.781189
12428.7 360.770441 0.008296 40.516922 -7.374268
13422.6 377.194073 0.004634 26.448517 -6.477737
14585.8 394.785232 0.003251 27.938812 -2.364517
16009.1 418.340624 0.002863 17.771362 -1.398956
31101.4 878.782495 0.003393 -10.943710 2.768005
