930.846863 308.078308 8.765523
55.8 307.867047 6.397197 -0.385956 5.741608
297.1 307.702121 6.135414 -0.168091 6.716370
543.1 307.525841 6.075332 0.201752 7.082886
794.3 307.726709 5.985129 0.611908 7.335022
1050.8 307.741786 5.980709 1.258774 7.604202
1312.9 307.968854 5.774611 3.638809 7.752060
1581.1 308.354930 4.683756 7.487320 6.903214
1855.8 308.793378 4.149788 10.028305 4.861542
2426.4 309.360448 3.585518 12.573242 2.544052
3027.4 309.996722 3.802954 13.896317 3.878723
3665.4 311.790639 3.116637 15.933090 3.668182
4346.8 314.407919 1.856447 19.000397 3.126862
5080.2 317.466675 1.044760 21.986862 0.993484
5876.8 321.405036 1.263227 25.364304 -2.982071
6748.1 323.960071 0.806468 28.995453 -4.582703
7709.2 327.040804 0.410484 29.922501 -3.995789
8782.4 329.390948 0.276351 36.394043 -6.652191
10005.3 334.412748 0.106972 48.242691 -7.595917
10693.0 338.598039 0.057234 53.987350 -8.893433
11447.1 343.775567 0.023919 55.124802 -9.464783
12292.3 355.896870 0.010662 44.829422 -9.005127
13279.6 378.317458 0.004384 32.776642 -7.821487
14442.4 391.408227 0.003330 28.196625 -3.385025
15854.5 416.104484 0.002887 20.038940 -0.567902
30918.9 877.806914 0.003394 -11.889023 2.125427
