934.126892 308.288635 9.042442
87.2 307.731243 7.191131 -1.206268 6.405670
328.6 307.692057 6.993721 -1.273560 7.334534
574.6 307.653673 6.918380 -1.052155 7.874878
825.8 307.904707 6.565440 -0.595123 8.602600
1082.6 308.232894 6.118991 1.225571 9.212601
1345.2 308.522587 5.552882 4.367325 8.962021
1613.8 308.804474 5.016589 7.731461 7.076065
1888.9 309.134769 4.630440 9.452133 4.436737
2460.2 309.799468 4.105509 12.030273 2.128036
3062.3 310.661612 3.944336 14.490067 3.529114
3701.7 312.448310 3.174335 16.149887 3.967010
4384.9 315.354383 1.773239 17.941803 4.052643
5120.0 318.108324 0.958214 21.100143 0.561844
5917.6 321.672503 1.203265 25.020554 -3.443008
6789.2 323.915663 0.860351 27.682953 -5.010437
7750.5 327.292572 0.452446 28.787735 -4.368835
8825.1 329.940574 0.270838 35.116699 -6.070160
10050.3 334.851000 0.112098 47.223160 -6.771698
10738.4 338.645896 0.067620 52.831100 -8.037964
11492.2 343.348678 0.026344 55.433395 -8.062439
12336.4 355.005070 0.011101 45.870438 -9.809814
13319.9 378.152897 0.004524 36.057892 -7.286331
14483.5 391.079195 0.003372 28.063812 -4.806900
15890.7 414.931736 0.002876 21.650269 -0.074738
30947.5 877.901559 0.003395 -12.119492 2.125427
