936.516846 305.231781 10.685258
108.8 304.779502 8.091399 1.129669 6.248444
347.9 304.694977 7.986495 1.749878 7.035706
591.8 304.668896 7.949779 2.248627 7.439331
840.8 304.753936 7.926333 2.811127 7.840881
1095.1 304.801327 7.926204 3.454086 8.184280
1354.9 304.890017 7.947558 4.316544 8.557724
1620.9 305.079983 7.825636 6.213882 8.989151
1893.3 305.996512 6.616467 10.401352 8.449432
2460.7 307.835775 4.392565 14.413086 4.585068
3059.1 308.426168 3.417431 17.626785 3.113098
3693.3 309.953230 2.876788 17.810043 0.961151
4370.3 312.645897 0.990988 17.574615 -0.834076
5099.6 315.910766 0.571737 18.670456 -2.291672
5891.2 319.256867 0.588503 24.180710 -2.720352
6757.2 322.469218 0.408548 31.790375 -4.711609
7714.1 325.751649 0.344740 33.817032 -3.796570
8782.7 327.903240 0.151956 39.979980 -5.003754
9999.2 333.185061 0.072252 48.344254 -7.365448
10685.3 338.435028 0.031932 49.862350 -8.823120
11442.6 346.253378 0.016505 43.646286 -5.785095
12297.4 362.499410 0.007756 37.102859 -4.878174
13292.5 376.977456 0.004747 26.423126 -5.247269
14455.2 394.486272 0.003259 28.345062 -0.877213
15880.2 419.798074 0.002855 16.517456 -0.852081
30992.0 881.924012 0.003397 -11.158554 3.041443
