935.826904 309.263092 8.784829
103.3 308.352347 6.056259 2.574982 4.683014
345.0 308.297914 5.810688 3.597534 5.366760
591.5 308.272542 5.712936 4.346283 5.638550
843.0 308.313898 5.654204 5.041595 5.859436
1099.9 308.300989 5.616882 5.686508 6.045609
1362.4 308.256129 5.623931 6.408340 6.212021
1630.7 308.174272 5.646967 6.983414 6.382706
1905.3 308.186931 5.664223 7.760727 6.587128
2474.8 308.242354 5.635202 9.608398 6.967880
3074.5 308.905507 5.020081 13.566238 5.777161
3710.3 310.669662 3.544837 16.431137 2.730682
4388.9 312.821983 2.406002 19.096100 -0.232513
5119.3 316.746457 1.556406 22.836472 -3.229172
5915.2 320.867687 1.081910 26.795944 -4.390274
6784.8 323.640331 0.576633 31.266937 -3.582703
7744.4 326.479271 0.333415 32.076797 -2.628601
8816.6 329.368908 0.222051 38.206543 -2.757660
10037.3 333.797453 0.098165 49.176285 -3.853729
10724.0 338.263044 0.045760 54.174850 -4.432495
11479.2 344.966525 0.018718 50.865036 -5.363220
12328.3 358.797232 0.008887 40.366531 -1.913330
13320.8 378.727183 0.004179 30.050079 -3.622269
14484.5 391.523212 0.003292 26.675140 -1.625259
15898.4 418.930769 0.002865 16.812378 1.241669
30989.1 880.162141 0.003399 -11.228867 2.568787
