937.916870 303.910004 10.699160
121.3 303.117899 8.617827 -0.167206 5.900787
359.2 303.000188 8.512923 0.138550 6.612854
601.9 302.960411 8.474299 0.479095 7.009644
849.5 302.965772 8.458006 0.844330 7.397522
1102.3 302.960702 8.455017 1.426743 7.847366
1360.8 303.170530 8.190745 3.099747 8.479599
1625.6 304.533809 6.354594 8.305679 8.321182
1897.6 306.356988 4.459733 13.012680 6.425018
2464.5 307.539491 3.910959 15.612305 3.962021
3062.2 307.986589 3.335654 18.353348 3.433411
3695.8 309.677506 2.765685 19.194809 1.459198
4372.2 312.517307 0.591398 17.238678 -1.183685
5100.8 315.459588 0.241051 18.285690 -2.639328
5890.6 318.374781 0.400391 24.165085 -3.468399
6754.2 321.819586 0.389474 32.764984 -4.408875
7709.6 325.544699 0.309335 35.492813 -5.294617
8777.8 327.658044 0.148082 39.312012 -6.761566
9991.8 331.926900 0.070225 45.914566 -8.607635
10675.3 337.497340 0.038242 45.858444 -9.190308
11432.5 347.124170 0.017578 41.976364 -3.624939
12292.7 364.956281 0.007365 35.776688 -7.798096
13288.3 376.678559 0.004935 27.018829 -4.507034
14454.3 396.352559 0.003204 27.716156 -2.430923
15881.9 420.480606 0.002857 16.201050 -1.928253
31006.0 882.859550 0.003396 -11.123398 2.814880
