930.006897 310.726105 9.263735
48.5 309.856177 6.441066 0.881622 4.758209
291.4 309.664614 6.211708 1.488159 5.751526
538.8 309.272878 6.255577 2.025970 6.177612
791.4 309.543517 6.149161 2.541595 6.425842
1049.3 309.514316 6.149986 3.092758 6.610062
1312.9 309.413556 6.170863 3.558731 6.797958
1582.3 309.251917 6.235384 4.168961 7.034073
1857.9 309.253514 6.236428 4.911118 7.283417
2429.6 309.492370 5.935371 7.848633 6.938583
3032.0 311.187339 3.622471 14.007645 2.831848
3672.9 313.673250 2.136022 16.130356 0.523651
4358.2 316.077264 1.812101 17.707428 -2.191498
5094.6 318.753544 1.793394 19.041550 -2.856125
5893.2 321.635698 1.299825 25.588913 -4.579727
6764.4 323.961340 0.815170 28.643890 -4.465515
7726.4 327.702518 0.423716 29.959610 -2.185242
8802.7 330.476424 0.228608 34.839355 -1.566254
10028.8 334.869865 0.117685 46.520035 -3.123260
10716.9 338.615986 0.077037 52.252975 -4.088745
11470.6 343.275983 0.026001 55.734177 -3.953064
12315.1 355.226815 0.010736 45.688797 -7.032471
13295.9 377.284750 0.004645 38.139923 -3.749222
14459.9 391.312702 0.003376 28.417328 -5.381119
15861.6 413.236719 0.002870 20.751831 2.045380
30919.8 879.273926 0.003398 -12.150742 1.656677
