937.156860 306.797791 10.454088
115.2 306.153519 7.490585 2.336700 5.900787
355.4 306.063691 7.391880 3.126831 6.532776
600.4 306.099397 7.353256 3.666595 6.819214
850.4 306.155415 7.325995 4.266205 7.128967
1105.8 306.144652 7.327774 4.854477 7.427444
1366.7 306.195244 7.342452 5.576309 7.721786
1633.6 306.237453 7.366919 6.417007 7.979385
1906.8 306.350626 7.331246 7.719711 8.198456
2474.0 307.487587 5.443275 13.309570 6.432724
3072.5 308.655897 3.868519 17.029129 4.648254
3707.3 310.219914 2.874642 17.481918 2.685760
4384.8 312.512673 1.552225 18.168365 0.318268
5113.4 315.591728 1.037845 20.084518 -2.203781
5905.8 319.756185 0.616994 25.643600 -3.737930
6772.5 322.545346 0.356095 31.083344 -5.166687
7729.2 325.596107 0.248598 34.229141 -4.302429
8797.6 328.060276 0.165069 39.628418 -4.054535
10013.8 332.862902 0.088092 49.816910 -5.439667
10699.4 338.330342 0.034219 52.495163 -6.619995
11456.8 346.692641 0.015794 45.474411 -4.742126
12314.1 363.431382 0.007365 36.225906 -2.790283
13311.6 377.963147 0.004513 25.887970 -4.364456
14473.9 392.704898 0.003309 27.503265 0.355209
15895.1 419.869721 0.002853 16.374878 -0.117706
31005.1 882.644777 0.003399 -11.295273 3.115662
