939.606873 306.664429 10.286283
138.2 306.187470 7.064769 1.686310 6.049225
378.3 306.114011 6.973217 2.275269 6.617737
623.2 306.075048 6.938884 2.811127 6.942261
873.2 306.167691 6.922114 3.404877 7.286194
1128.5 306.171478 6.930568 3.959946 7.541702
1389.5 306.228551 6.973380 4.734512 7.817490
1656.3 306.300473 7.059836 5.665054 8.096573
1929.5 306.524503 6.923550 7.557602 8.311737
2497.2 307.775220 4.830540 12.965820 5.348740
3096.0 308.790642 3.534972 16.993973 2.816223
3731.1 310.296756 2.915412 17.368637 0.640839
4408.7 312.806923 1.227499 18.830475 -0.615326
5138.7 316.504797 0.837335 20.852097 -2.391281
5932.7 320.228512 0.751700 25.434616 -3.196915
6800.5 322.880313 0.416773 31.257172 -4.602234
7758.4 325.982326 0.265824 34.059219 -4.089539
8827.9 328.218689 0.174427 39.276855 -3.788910
10045.5 333.465136 0.084605 49.730972 -6.033417
10732.4 338.690761 0.035702 53.635788 -7.744995
11489.3 345.732141 0.017276 47.474411 -6.921814
12341.2 360.682065 0.008190 38.395828 -4.091064
13334.8 377.392219 0.004539 27.132111 -5.444534
14496.4 393.018010 0.003290 28.327484 -0.719009
15918.7 419.262607 0.002856 16.542847 -0.250519
31019.1 880.762779 0.003397 -11.162460 2.937927
