928.296875 309.510925 8.831095
31.6 308.763753 6.039093 2.270294 4.831451
273.6 308.648143 5.588481 3.673706 5.958557
520.2 308.491683 5.515049 4.508392 6.166870
772.0 308.633067 5.477774 5.197845 6.223694
1029.1 308.678606 5.447128 5.866196 6.243851
1291.9 308.641244 5.444163 6.548965 6.216904
1560.5 308.537688 5.473399 7.227554 6.193253
1835.4 308.598297 5.493039 8.221664 6.134979
2405.8 308.824109 5.429447 10.315430 5.813583
3006.4 309.621203 4.733979 14.115067 4.103333
3643.5 311.268571 3.179341 16.890121 1.451385
4323.4 313.583093 1.840235 19.084381 -0.462982
5055.9 317.709526 0.925789 22.342331 -2.756516
5852.8 321.108145 1.126256 26.176804 -3.741837
6723.1 323.798932 0.615853 30.477875 -2.903015
7683.4 326.839127 0.316786 31.615860 -1.730164
8756.7 329.600329 0.254714 37.210449 -2.394379
9978.7 334.122515 0.101562 48.441910 -3.349823
10665.8 338.318378 0.052592 53.827194 -3.905151
11420.4 344.488595 0.019996 52.820114 -5.203064
12267.3 356.873834 0.009758 41.839188 -3.173096
13256.0 378.488737 0.004263 32.706329 -3.796097
14420.0 391.390537 0.003293 26.975922 -2.620377
15830.3 417.837209 0.002874 17.689331 1.845184
30912.9 879.576064 0.003398 -11.369492 2.090271
