936.156860 308.121368 9.258784
106.4 307.885021 7.348964 -2.919159 6.385162
347.8 307.875223 7.168720 -2.976685 7.206604
594.1 307.929627 7.101486 -2.690826 7.736206
845.5 307.990637 6.913054 -1.931061 8.509827
1102.4 308.455750 5.818107 0.954086 9.191116
1365.3 309.057584 5.052203 5.252090 8.403427
1634.3 309.203601 4.784846 7.754898 6.376846
1909.7 309.308646 4.703873 8.424789 4.781464
2481.5 310.134680 4.262388 11.666992 2.161240
3084.4 311.074683 4.068552 15.185379 3.353333
3724.9 313.115021 3.316670 16.675278 5.092010
4409.8 315.979953 2.139450 17.691803 5.646393
5144.9 317.479770 1.956949 18.977097 3.747391
5941.8 321.382953 1.012053 24.352585 -3.124649
6812.4 323.495686 0.928896 27.003265 -5.643250
7772.7 327.082985 0.481771 28.692032 -5.771179
8847.5 330.322143 0.258976 35.050293 -7.421722
10074.6 335.331336 0.113290 46.438004 -7.842010
10763.5 338.970423 0.071621 51.909225 -9.354370
11517.6 343.257423 0.028724 54.810349 -8.988220
12361.8 355.085412 0.011344 46.462234 -11.634033
13344.7 378.092446 0.004548 36.559845 -8.176956
14508.3 390.999590 0.003401 27.917328 -5.219009
15913.6 413.845718 0.002874 22.982300 -0.991730
30961.3 876.656601 0.003394 -12.068710 2.209412
