928.886902 308.760590 8.846211
37.3 307.719260 5.873153 2.789825 5.287506
278.5 307.698095 5.544136 3.859253 6.439026
524.5 307.462939 5.518386 4.449799 6.648315
775.4 307.581446 5.509245 4.971283 6.764709
1031.6 307.551946 5.512931 5.436508 6.793655
1293.5 307.569167 5.539531 6.045059 6.786240
1561.2 307.558775 5.603575 6.719742 6.716690
1835.3 307.614411 5.659455 7.145493 6.654510
2403.9 307.803335 5.573929 10.137695 5.895615
3003.2 309.607949 4.037796 15.027176 2.464661
3640.8 311.896861 2.548009 17.690903 0.693573
4322.4 314.644245 1.628758 18.941803 0.173737
5056.2 317.600005 1.467476 18.816940 0.473953
5852.4 320.822295 1.085606 25.389694 -2.968399
6721.6 323.354848 0.652927 30.317719 -3.207703
7681.4 326.741583 0.294195 32.512344 -2.853210
8753.5 329.119579 0.239158 37.198730 -3.921722
9974.1 333.835184 0.100683 49.051285 -5.080292
10661.0 338.375208 0.049679 54.667038 -5.959839
11415.5 344.372593 0.020599 53.261520 -6.956970
12262.3 357.177529 0.009745 42.442703 -4.464111
13252.1 378.379589 0.004272 31.220001 -5.364456
14414.9 391.401151 0.003303 27.776703 -2.195572
15829.3 418.121912 0.002874 17.511597 0.740692
30911.3 879.277566 0.003397 -11.420273 2.191833
