933.946899 306.294067 10.732606
84.9 306.045675 8.039424 3.662872 6.212311
325.0 305.844294 7.891128 4.515503 6.940979
569.8 305.843733 7.842014 5.027924 7.231323
819.7 305.846476 7.810462 5.551361 7.459045
1074.8 305.804178 7.805088 6.059555 7.658890
1335.6 305.833028 7.781619 6.644669 7.848740
1602.3 305.892943 7.758402 7.456070 8.036026
1875.2 306.013476 7.679337 8.534164 8.092010
2442.0 307.305924 5.305470 14.913086 6.169052
3040.0 308.410705 3.638207 17.451004 5.921692
3674.1 310.032331 2.547294 16.823715 4.240448
4351.3 312.443166 1.466395 16.521881 0.943268
5079.5 315.259594 0.935802 19.027878 -1.846359
5870.1 318.934213 0.612225 24.422897 -3.216446
6735.1 322.001026 0.387805 30.059906 -4.307312
7690.0 325.053027 0.238644 34.684219 -4.611023
8757.4 327.637381 0.162745 39.624512 -4.472504
9971.2 331.958826 0.089031 49.082535 -5.615448
10655.0 337.842804 0.034241 50.764694 -6.702026
11412.7 347.755223 0.015056 43.919724 -3.851501
12275.6 366.153383 0.006706 34.688797 -3.479736
13276.9 378.471945 0.004565 24.690704 -3.520706
14440.5 393.171912 0.003303 26.751312 1.261459
15862.0 420.116715 0.002851 16.331909 -0.135284
30981.7 884.453970 0.003401 -11.529648 2.976990
