928.906860 305.493347 10.836703
36.2 305.504456 8.320281 3.014435 6.949615
275.8 305.194155 8.056113 4.120972 8.439026
520.1 305.151817 7.979820 4.775970 8.737183
769.4 305.142668 7.926333 5.385345 8.892639
1024.0 305.168626 7.878520 5.989243 9.003616
1284.2 305.279295 7.798785 6.722794 9.042099
1550.4 305.405587 7.713580 7.522476 8.977432
1822.8 305.610591 7.563466 8.483383 8.790253
2389.1 307.236719 5.144775 14.762695 6.190536
2986.8 308.121334 3.568589 16.478348 5.372864
3620.5 309.831188 2.633124 15.237778 3.273651
4297.1 312.059714 1.550318 14.810944 -0.183685
5024.2 314.427474 1.057634 18.078659 -2.410812
5812.2 318.102426 0.673022 24.704147 -2.860977
6675.7 321.687630 0.532883 31.130219 -2.621765
7630.2 325.046437 0.306474 34.973282 -4.093445
8697.2 327.335707 0.179344 38.347168 -4.394379
9909.6 331.533634 0.078078 46.914566 -6.291229
10592.7 337.824858 0.033936 46.749069 -7.678589
11351.8 349.046717 0.014944 41.529099 -3.800720
12218.3 366.884499 0.006672 33.583328 -5.714111
13218.0 377.723021 0.004818 25.151642 -2.977737
14382.8 394.585336 0.003260 27.386078 0.962631
15807.2 420.684234 0.002850 16.105347 -0.887238
30937.9 885.473234 0.003401 -11.795273 2.553162
