930.226868 303.923828 11.333406
49.6 303.245715 8.840987 0.307404 5.290436
287.8 303.261854 8.653113 0.964722 7.120667
530.6 303.205929 8.603045 1.420502 7.598511
778.5 303.182643 8.573877 1.906830 7.970764
1031.6 303.228955 8.553722 2.508774 8.363968
1290.2 303.334985 8.511180 3.347794 8.721786
1555.0 303.836386 7.873797 6.247086 9.126846
1826.5 305.059276 6.420010 10.842758 8.514862
2392.1 307.050730 4.749239 16.010742 5.397568
2989.6 307.942410 3.407179 19.585770 4.689270
3622.9 309.691066 2.290755 18.200668 1.769745
4299.3 312.356281 0.597120 15.824615 -1.775482
5027.0 315.094122 0.306854 18.121628 -3.514328
5816.1 318.166221 0.411000 25.020554 -3.718399
6679.1 321.523953 0.403302 32.942719 -3.779968
7633.9 325.188797 0.341581 35.139297 -4.116882
8699.8 327.010615 0.167185 38.405762 -5.792816
9912.7 331.909486 0.067379 46.270035 -8.646698
10596.6 337.941508 0.034144 43.920944 -8.514526
11355.4 348.471345 0.015872 40.759567 -3.265564
12219.5 365.701859 0.007223 34.733719 -7.167236
13215.9 376.957306 0.004967 27.065704 -3.331253
14382.4 396.126128 0.003207 27.852875 -1.367447
15809.9 421.112231 0.002853 15.712769 -1.885284
30943.0 884.486732 0.003399 -11.592148 2.527771
