930.946899 309.075562 9.273549
56.9 308.560047 7.166812 -0.819550 6.075592
298.9 308.390503 6.954143 -0.550903 7.142151
545.4 308.069634 7.027099 -0.112701 7.654175
797.3 308.440747 6.797659 0.361908 8.084045
1054.5 308.468131 6.726005 1.028305 8.457718
1317.4 308.489280 6.678695 2.398575 8.669052
1586.0 308.350729 6.656909 4.229507 8.391495
1861.0 308.742487 6.080979 6.944321 7.106659
2432.3 309.565901 5.120218 11.092773 4.514755
3034.6 310.946565 3.897845 14.642410 4.019348
3674.5 312.816696 2.672940 16.409653 2.967010
4358.2 315.712348 1.320721 17.879303 0.796783
5094.2 318.609501 1.408110 19.959518 -2.104172
5893.0 321.903146 1.281824 25.225632 -4.452774
6764.8 324.078071 0.839251 28.138031 -5.131531
7727.1 327.724927 0.435637 29.201797 -3.443054
8802.8 330.178883 0.258827 34.698730 -4.089691
10028.7 334.938070 0.114765 47.023941 -5.228729
10716.8 338.644400 0.072664 52.506882 -6.116089
11470.6 343.249689 0.026407 55.415817 -5.976501
12314.6 354.850812 0.011053 45.716141 -8.618408
13295.7 377.565177 0.004617 37.577423 -5.458206
14459.5 391.107499 0.003384 28.270844 -5.306900
15863.6 414.305767 0.002870 21.578003 1.201630
30922.0 878.738812 0.003396 -12.174179 1.941833
