954.056885 304.567993 10.275628
37.3 304.074419 9.001204 -2.498047 5.151520
271.4 303.844850 8.724639 -2.710175 6.395905
509.9 303.926082 8.644530 -2.492310 6.694885
753.3 303.924224 8.593986 -2.085358 6.960815
1001.7 304.105369 8.391249 -1.024811 7.178772
1255.8 305.511164 6.035068 2.963852 6.599319
1516.4 307.027925 3.523464 6.912247 5.154404
1783.8 307.964205 2.958560 9.696304 3.433487
2058.0 308.454107 2.897614 11.575180 1.897675
2627.2 308.709488 3.000677 13.649414 0.690536
3227.2 309.506338 3.533780 16.374832 3.072083
3863.9 311.094548 3.476888 18.614731 2.328339
4542.6 312.709612 1.852394 20.226959 2.072174
5273.0 316.744076 0.582228 22.484909 -0.619797
6066.7 319.828567 0.754084 25.040085 -3.507462
6933.3 322.519970 0.591534 31.085297 -5.518250
7890.7 326.133914 0.236737 35.154922 -6.384460
8961.0 328.385368 0.194454 39.503418 -8.066254
10179.5 333.456429 0.084366 49.195816 -10.967010
10866.1 338.575607 0.037751 54.413132 -13.705933
11621.3 344.388060 0.020346 51.415817 -13.066345
12471.0 360.847570 0.008384 41.225906 -9.223877
13465.4 377.167206 0.004619 25.800079 -6.786331
14629.0 395.050581 0.003254 27.598969 -2.926041
16051.0 417.741052 0.002870 18.669800 -2.236847
31134.3 877.613981 0.003392 -10.810898 2.648865
