950.096863 302.381439 10.617769
1.0 301.537512 9.336421 -1.261719 3.025543
233.3 301.596095 8.899638 -1.598846 4.769928
470.1 301.569077 8.859107 -1.418091 5.239807
711.6 301.544113 8.842418 -1.231842 5.599487
958.2 301.562247 8.844244 -0.921295 6.047913
1210.0 301.671027 8.770206 -0.008804 6.790726
1467.7 303.126815 6.731147 4.740372 7.741318
1732.5 305.126198 4.415774 9.686539 6.453995
2004.7 306.308217 3.769272 12.862289 4.884979
2570.8 307.119935 3.485859 16.762695 2.772568
3167.3 307.491787 3.419577 18.908035 2.943176
3800.0 309.225498 2.724677 20.688950 1.347870
4475.3 311.955453 0.481726 18.236725 -1.679779
5202.4 314.877462 0.164995 19.471237 -2.721359
5990.7 317.680399 0.270214 24.670944 -3.714493
6851.9 320.775354 0.209468 32.766937 -4.766296
7804.8 325.013483 0.144945 38.393204 -7.384460
8872.2 327.433510 0.154519 40.831543 -8.191254
10084.2 331.269522 0.063713 45.652847 -9.490448
10766.9 337.566134 0.032625 44.077194 -8.772339
11525.7 349.055997 0.016468 42.460739 -3.980408
12391.3 365.152317 0.007466 34.516922 -10.528564
13386.0 377.400615 0.004911 28.573517 -3.376175
14556.2 397.244130 0.003167 26.712250 -4.486588
15984.4 420.916144 0.002858 15.843628 -2.901886
31120.8 883.474749 0.003396 -11.150742 2.330505
