950.046875 304.132080 9.924061
0.7 303.117133 8.356521 -0.556641 3.725739
234.0 303.359551 7.909725 -0.374237 5.280670
472.1 303.366520 7.869670 -0.076294 5.707581
714.9 303.408837 7.860134 0.217377 6.038940
962.8 303.422020 7.871020 0.578705 6.369202
1216.0 303.488953 7.911422 1.104477 6.710648
1474.8 303.707610 7.850284 2.334122 7.138779
1739.9 304.951842 5.932593 6.922867 6.522354
2012.3 306.751390 3.955239 11.836899 4.605682
2579.7 307.749268 3.615082 15.104492 2.538193
3177.6 308.152259 3.357827 16.800613 2.480286
3811.6 309.901249 3.302604 19.321762 1.402557
4488.1 312.247385 0.974775 18.648834 -0.486420
5216.6 315.702439 0.264654 19.365768 -2.207687
6007.2 318.622600 0.409927 24.184616 -3.298477
6871.1 321.809436 0.428098 32.138031 -4.904968
7826.9 325.712105 0.237631 36.565079 -6.919617
8896.4 328.072674 0.145876 39.108887 -7.406097
10111.1 332.096686 0.072907 46.363785 -9.095917
10794.8 337.501827 0.039971 47.690475 -10.323120
11550.5 345.772355 0.019359 44.159958 -5.831970
12409.0 364.813272 0.007257 36.397781 -8.993408
13404.4 376.569411 0.004885 26.716095 -5.046097
14570.4 396.778886 0.003195 27.216156 -3.531509
15997.6 419.715115 0.002861 16.910034 -2.079620
31112.0 881.185045 0.003395 -10.775742 2.898865
