952.596863 304.713196 9.714690
24.1 304.068474 8.273074 -1.259766 5.126129
258.1 303.758974 7.860134 -1.305878 6.409576
496.6 303.853621 7.780025 -1.109497 6.648987
739.8 303.871467 7.731388 -0.817780 6.800659
988.1 303.956014 7.703650 -0.362701 6.879944
1241.8 304.388631 7.453659 1.186508 6.707718
1501.5 305.389625 6.072158 4.189590 5.793076
1767.8 306.775225 4.064345 8.079117 4.173721
2041.3 307.945200 3.090733 11.541977 2.451385
2610.0 308.367788 3.182829 14.000977 0.704208
3209.2 309.051297 3.499686 16.706863 2.470520
3845.2 310.735203 3.474504 18.960434 1.879120
4522.9 312.351647 1.599671 19.902740 0.874908
5252.5 316.458370 0.459442 21.588425 -1.453781
6045.3 319.440891 0.631418 24.852585 -3.251602
6910.9 322.318229 0.504273 31.522797 -5.264343
7868.2 326.169504 0.230001 35.897110 -6.696960
8938.3 328.155324 0.169033 39.464355 -7.851410
10155.1 332.964484 0.079822 48.531754 -10.427948
10840.7 338.263044 0.036901 52.706100 -13.131714
11595.6 344.451474 0.019538 48.904099 -10.992126
12448.2 362.689018 0.007786 39.403641 -8.768799
13443.6 376.817932 0.004734 25.612579 -6.180862
14607.9 395.901466 0.003227 27.309906 -3.268814
16032.1 418.412271 0.002865 18.048706 -2.235870
31125.5 878.575002 0.003393 -10.650742 2.795349
