933.326904 307.493591 9.354609
79.3 307.405713 6.527851 0.051544 5.372467
320.3 307.267353 6.325195 0.521362 6.247620
565.9 307.211333 6.264160 1.039642 6.596558
816.8 307.307288 6.220210 1.535736 6.838928
1072.9 307.277503 6.241539 2.057602 7.087601
1334.7 307.321445 6.375903 3.379044 7.326279
1602.4 307.495755 6.039881 6.155289 7.206924
1876.5 308.095752 4.542225 9.670883 5.763885
2445.9 308.761392 3.430308 12.682617 2.870224
3046.0 309.658755 3.582894 13.556473 3.368958
3683.4 311.607577 2.964526 16.259262 2.636932
4364.1 314.032577 1.903416 19.342194 1.728424
5096.6 317.178588 1.604805 21.461472 0.833328
5892.5 320.957245 1.241889 25.633835 -3.109024
6762.7 323.748180 0.706809 30.438812 -4.473328
7723.2 326.916898 0.333296 31.752579 -3.876648
8795.7 329.071366 0.249410 37.562012 -6.191254
10017.0 334.070273 0.101056 48.957535 -7.576385
10704.4 338.632436 0.050230 54.795944 -8.936401
11459.1 344.191629 0.022190 54.214645 -9.945251
12305.2 356.867407 0.010038 43.608719 -7.870361
13294.6 378.052145 0.004354 30.663361 -7.380081
14456.8 391.967229 0.003306 28.315765 -2.410416
15872.6 416.977446 0.002886 18.669800 -0.511261
30945.3 878.069010 0.003394 -11.631210 2.187927
