945.046875 304.376587 10.136747
187.6 303.545283 8.043239 -0.276581 5.728912
425.8 303.551699 7.975051 0.076050 6.242737
668.9 303.558989 7.947395 0.395111 6.577026
916.9 303.604110 7.940161 0.832611 6.923889
1170.3 303.629270 7.958629 1.416977 7.284866
1429.2 303.790878 7.919902 2.654434 7.657333
1694.4 304.932936 6.348872 7.280289 7.285049
1966.7 306.725945 4.192704 12.311508 5.445526
2534.3 307.786034 3.697336 15.075195 3.085068
3132.3 308.211901 3.362118 17.083817 2.769348
3766.4 309.905769 3.142625 18.940903 1.316620
4443.0 312.440849 0.910402 18.125397 -0.539154
5172.0 315.861958 0.299702 18.971237 -2.252609
5962.9 318.725653 0.451651 23.997116 -3.181290
6827.3 322.047972 0.451344 32.266937 -4.768250
7783.5 325.784603 0.284718 35.889297 -6.050476
8853.1 328.120886 0.147009 39.104980 -6.781097
10068.2 332.195366 0.074055 46.535660 -8.631073
10752.2 337.516782 0.041759 48.401413 -10.127808
11508.1 345.866704 0.018804 44.011520 -5.785095
12365.1 364.323183 0.007328 36.901688 -7.862549
13360.6 376.619787 0.004876 26.567657 -5.290237
14525.6 396.253495 0.003212 27.653656 -2.846939
15952.5 419.766022 0.002859 16.777222 -1.756378
31066.4 881.330654 0.003395 -10.877304 2.945740
