940.466858 305.995941 10.315021
146.2 305.624283 7.385204 1.168732 6.045319
386.0 305.576590 7.301280 1.818237 6.655823
630.5 305.500819 7.271240 2.320892 6.975464
880.1 305.637789 7.254469 2.879486 7.347717
1135.0 305.653544 7.263401 3.457993 7.664749
1395.6 305.770577 7.312888 4.318497 7.992294
1662.1 305.876138 7.354998 5.485367 8.329971
1935.1 306.458769 6.469601 8.856430 8.112518
2502.9 307.952558 4.523933 13.125977 4.432724
3101.7 308.719956 3.501593 16.980301 2.556458
3736.7 310.224434 2.981454 17.403793 0.537323
4414.1 312.776803 1.091839 18.549225 -0.496185
5144.2 316.542892 0.646839 20.555222 -2.162766
5937.6 319.940208 0.720348 25.024460 -2.855118
6804.9 322.816872 0.429528 31.577484 -4.670593
7762.5 325.946736 0.270473 34.426407 -4.193054
8832.2 328.228332 0.169867 39.612793 -4.441254
10049.9 333.492708 0.080373 49.469254 -6.861542
10736.7 338.732636 0.034785 53.100632 -8.744995
11493.6 345.605312 0.017533 46.866989 -7.574158
12345.1 360.651535 0.008205 38.638016 -4.884033
13338.4 377.183998 0.004602 26.975861 -5.737503
14500.4 393.677843 0.003275 28.446625 -1.085220
15923.9 419.179648 0.002857 16.738159 -0.508331
31024.8 880.540725 0.003396 -11.115585 2.935974
