927.386902 304.430939 11.277925
22.4 303.856833 8.626410 0.801544 5.330475
261.1 303.990492 8.307406 1.878784 7.590393
504.5 303.946543 8.252570 2.428314 8.090698
752.9 303.970336 8.221018 2.971283 8.410217
1006.6 303.932601 8.202770 3.606430 8.757523
1265.8 304.021947 8.168334 4.377090 9.054794
1531.0 304.155688 8.127474 5.647476 9.319229
1802.5 304.787859 7.441395 9.323227 9.217987
2367.9 306.968549 4.931868 15.926758 5.854599
2965.4 308.021932 3.398358 19.015457 4.827942
3598.9 309.785987 2.261907 17.224106 1.984589
4275.5 312.311101 0.834108 15.437897 -1.554779
5003.1 314.961983 0.515470 18.016159 -3.395187
5792.0 318.226336 0.524368 24.899460 -3.446915
6655.4 321.667329 0.467079 32.473969 -3.363953
7610.4 325.120253 0.349747 34.863907 -3.855164
8676.2 326.904547 0.172848 38.015137 -5.124847
9888.9 332.064761 0.068646 46.605972 -7.927948
10573.3 338.292954 0.032438 44.303757 -8.291870
11332.5 348.626014 0.015339 40.611130 -3.515564
12196.9 365.783808 0.007097 34.405594 -6.505127
13193.8 376.974098 0.004941 26.579376 -3.286331
14359.2 395.636117 0.003222 27.958344 -0.597916
15786.0 421.051897 0.002851 15.839722 -1.554230
30918.4 884.817993 0.003399 -11.685898 2.549255
