937.086853 306.800354 10.051808
114.9 306.696736 8.370349 -3.702362 4.951569
355.6 306.713829 8.169124 -3.703247 5.519104
601.2 306.726383 8.057067 -3.284576 5.864136
851.9 307.123152 6.593573 -1.731842 6.605530
1108.3 308.294799 4.289844 2.145493 7.401077
1370.9 308.997215 4.276389 5.156387 7.369247
1639.7 308.989333 4.672312 7.278336 6.388565
1914.9 308.914243 4.942769 8.469711 5.529510
2485.9 309.929227 4.311026 11.975586 2.239365
3088.7 310.699164 4.240929 16.033035 3.136536
3728.5 312.737595 3.613025 17.688950 4.787323
4412.9 315.880325 2.176882 20.105865 6.648346
5147.4 316.601223 2.084265 21.231003 5.722000
5942.5 321.008772 0.889864 24.553757 -2.230118
6812.2 323.145494 0.899928 27.167328 -5.926453
7771.2 326.659858 0.470268 29.391251 -6.818054
8845.0 330.002562 0.295573 35.550293 -9.413910
10070.6 335.078833 0.111710 46.957535 -10.318573
10759.2 338.934530 0.061503 52.210007 -12.264526
11513.5 343.559029 0.027085 54.290817 -12.273376
12358.5 355.757075 0.011282 45.399734 -13.085205
13345.1 378.225102 0.004457 32.897736 -9.739456
14507.5 391.408227 0.003384 28.138031 -3.922134
15916.1 414.341591 0.002895 22.798706 -3.549347
30963.3 875.142266 0.003392 -11.701523 2.084412
