931.216858 310.220032 8.894375
59.6 309.113249 6.026695 1.875763 4.784576
301.7 308.851438 5.847881 2.677612 5.689026
548.5 308.528206 5.866001 3.301361 6.045776
800.4 308.706721 5.801070 3.875580 6.249084
1057.6 308.738447 5.800464 4.522446 6.372757
1320.5 308.649571 5.819911 5.084122 6.469833
1589.1 308.604910 5.874896 5.782242 6.525284
1864.1 308.693717 5.857342 6.737289 6.605682
2434.9 309.174460 5.447329 9.913086 6.172958
3036.7 310.937729 3.524958 14.628738 2.386536
3677.1 313.496967 1.962214 16.737778 0.039276
4362.2 315.997330 1.937271 17.834381 -1.556732
5098.5 318.227368 2.232323 18.307175 -1.260422
5895.8 321.234507 1.289096 24.958054 -3.636368
6766.2 323.677126 0.783938 29.110687 -3.795593
7727.0 327.237209 0.401305 30.703751 -2.329773
8801.9 330.043887 0.277245 35.187012 -2.054535
10026.8 334.676860 0.113975 47.352066 -2.877167
10714.5 338.511299 0.067903 52.889694 -3.612183
11468.4 343.645644 0.022909 55.376755 -4.140564
12313.6 355.374645 0.010600 44.448563 -5.997314
13296.6 377.874149 0.004531 36.936798 -3.817581
14460.9 391.323316 0.003356 27.923187 -4.590103
15864.4 414.686627 0.002875 20.107300 2.201630
30931.4 879.474138 0.003398 -11.889023 1.594177
