935.456848 307.518341 9.222595
99.2 307.277897 6.224105 1.692169 5.453522
340.0 307.132495 6.064842 2.429565 6.204651
585.5 307.093647 6.020973 2.990814 6.526245
836.1 307.125198 6.002772 3.471283 6.726624
1092.0 307.176393 6.013610 4.026352 6.871780
1353.7 307.119520 6.071204 4.463028 6.962021
1621.1 306.949581 6.080412 5.153336 7.137589
1894.8 307.200924 5.646580 7.485336 6.800018
2462.9 307.930932 4.790485 11.561523 4.006943
3062.2 309.488666 3.672539 14.288895 2.165833
3699.2 311.496835 2.663404 17.024887 0.955292
4379.7 314.134521 1.538159 19.307037 0.706940
5112.4 317.263110 1.322040 20.273972 0.634109
5907.6 320.492279 0.994649 25.776413 -2.853165
6776.4 323.295214 0.634568 31.153656 -4.057312
7735.8 326.628222 0.276254 33.147110 -3.732117
8807.4 328.897801 0.223482 38.187012 -5.156097
10027.5 333.819221 0.096869 49.441910 -6.650604
10714.7 338.651878 0.046185 55.077194 -7.994995
11470.0 344.635531 0.020741 52.835739 -9.023376
12317.3 357.746353 0.009516 42.184891 -6.081299
13307.7 377.875829 0.004365 29.641876 -6.551956
14469.7 392.184815 0.003296 28.364594 -1.848892
15887.8 417.886231 0.002875 17.562378 -0.138214
30969.5 878.764294 0.003395 -11.412460 2.322693
