933.276855 304.103882 10.964143
78.0 303.473386 8.708903 0.430450 5.899811
316.2 303.344379 8.559176 0.843628 7.071838
559.2 303.347965 8.514354 1.254486 7.471558
807.1 303.358595 8.489000 1.684174 7.824280
1060.3 303.402287 8.475044 2.276352 8.216507
1319.1 303.468214 8.435840 3.341934 8.737411
1584.0 304.304835 7.396006 7.493179 9.044815
1856.0 305.968946 5.516404 12.403305 7.580292
2422.8 307.589232 4.275501 15.284180 4.450302
3020.7 308.081573 3.366887 18.497879 3.648254
3654.3 309.724966 2.706080 18.694809 1.521698
4331.0 312.581023 0.632883 16.822662 -1.185638
5059.6 315.463160 0.309477 18.098190 -2.811203
5849.5 318.497464 0.466909 24.124069 -3.263321
6713.7 321.943930 0.410336 32.528656 -4.287781
7669.4 325.593471 0.363694 34.481094 -4.230164
8737.2 327.564373 0.148827 39.265137 -6.081879
9951.7 332.272277 0.068348 46.332535 -8.396698
10635.9 337.759055 0.035180 45.983444 -8.924683
11393.4 347.125717 0.016855 41.613083 -3.773376
12252.8 364.647766 0.007447 35.929031 -6.661377
13248.8 376.742368 0.004913 26.747345 -4.553909
14413.8 395.869624 0.003219 27.972015 -1.669205
15841.0 420.488148 0.002855 16.197144 -1.633331
30964.3 883.077964 0.003397 -11.228867 2.863708
