928.966858 308.399933 8.614043
38.1 307.891012 6.648967 0.490997 5.348053
279.5 307.883274 6.327579 1.081909 6.834534
525.6 307.507579 6.378124 1.475189 7.239136
776.9 307.986545 6.185400 1.842377 7.576233
1033.6 308.092578 6.153800 2.520493 7.832718
1296.0 308.199923 5.904788 3.990372 7.891708
1564.3 308.065037 5.627417 6.122086 7.268448
1838.8 308.307796 5.318039 8.178696 5.900604
2408.8 308.949543 4.359186 11.727539 3.606552
3009.6 310.160183 3.610074 14.017410 3.939270
3648.4 312.400849 2.559930 16.136215 2.826385
4331.1 315.178296 1.638056 18.939850 0.828033
5065.7 317.709526 1.716146 20.133347 -0.569016
5862.7 321.472511 1.339760 24.792038 -3.392227
6734.1 323.982910 0.816839 29.013031 -4.641296
7695.6 327.375616 0.400828 30.076797 -3.482117
8770.0 329.710530 0.281477 35.757324 -4.964691
9993.9 334.553511 0.108223 47.754410 -5.756073
10681.7 338.542705 0.062025 53.561569 -6.780151
11435.6 343.602337 0.023807 55.325974 -7.230408
12280.2 355.271806 0.010809 44.884109 -7.844971
13265.2 378.300666 0.004447 35.018829 -6.350784
14428.7 391.102192 0.003344 28.018890 -4.059830
15837.3 416.002669 0.002879 20.273315 0.518036
30903.2 878.669648 0.003396 -11.967148 1.943787
