953.446899 304.853333 9.927859
31.9 304.157662 8.399913 -1.251953 5.031403
266.0 304.006617 8.124778 -1.276581 6.402740
504.6 304.066979 8.053729 -0.943481 6.697815
748.0 304.092637 8.010337 -0.573639 6.894409
996.5 304.168793 7.981169 -0.087311 7.058655
1250.4 304.423710 7.765033 1.235336 7.107132
1510.2 305.316765 6.651038 4.281387 6.588974
1776.6 306.714306 4.621291 8.725601 5.108292
2050.1 307.966405 3.182763 12.223618 3.174042
2618.9 308.324535 3.435314 13.067383 1.549911
3218.2 309.082222 3.499447 16.288895 2.589661
3854.2 310.769103 3.403216 18.460434 1.826385
4532.1 312.473286 1.653792 19.447662 0.972565
5262.0 316.577414 0.493297 21.482956 -1.490891
6055.0 319.547625 0.667658 24.907272 -3.290665
6921.1 322.522508 0.505346 31.663422 -5.166687
7878.8 326.223549 0.232743 35.768204 -5.919617
8949.2 328.348175 0.173563 39.530762 -7.109222
10166.7 333.095089 0.081133 48.625504 -9.842010
10852.6 338.328847 0.039688 53.366257 -12.354370
11607.9 344.524169 0.019668 49.226364 -10.988220
12459.0 361.776328 0.008000 40.087234 -8.018799
13453.8 377.058058 0.004684 25.927032 -6.368362
14617.6 395.340695 0.003241 27.647797 -2.792252
16041.3 418.365135 0.002864 17.947144 -1.826691
31134.3 878.644166 0.003393 -10.803085 2.791443
