927.566895 310.081390 8.655368
24.3 308.881583 5.941818 2.139435 4.806061
266.2 308.686387 5.582283 3.451050 6.065979
512.8 308.380083 5.607078 4.221283 6.293823
764.5 308.557367 5.523551 4.861908 6.343811
1021.6 308.624956 5.508163 5.549789 6.331741
1284.4 308.587120 5.512828 6.170059 6.299911
1552.9 308.474668 5.563044 6.913101 6.202042
1827.8 308.587695 5.533570 7.954086 6.021698
2398.3 309.051188 5.335510 10.799805 5.286240
2999.6 310.339107 4.228770 14.611160 2.568176
3638.5 312.355649 2.780944 16.960434 0.285370
4321.1 314.940812 1.865269 18.687897 -0.726654
5056.1 318.121419 1.370201 20.406784 -1.424484
5853.1 321.122866 1.183476 25.272507 -3.296524
6723.4 323.663169 0.732082 29.661469 -3.119812
7683.8 327.013123 0.365661 31.328751 -1.917664
8757.6 329.762875 0.278527 36.198730 -2.261566
9981.0 334.404041 0.107448 47.840347 -2.963104
10668.4 338.433533 0.059536 53.495163 -3.596558
11422.6 344.055519 0.021121 54.372849 -4.660095
12268.5 355.840631 0.010302 43.138016 -4.690674
13254.1 378.257007 0.004401 35.071564 -3.911331
14418.4 391.337468 0.003316 27.409515 -3.635025
15824.9 416.311883 0.002877 18.990112 2.187958
30899.9 879.452297 0.003398 -11.607773 1.725037
