940.116882 306.656647 9.964081
142.8 306.423130 7.658908 -1.337128 5.648834
383.2 306.417946 7.523963 -1.005981 6.210510
628.4 306.482893 7.474372 -0.503326 6.554565
878.7 306.509366 7.459509 0.057220 6.845764
1134.4 306.532587 7.118919 1.133774 7.254593
1395.8 307.279811 5.450362 4.574356 7.379990
1663.6 307.949500 4.587912 8.268570 6.656143
1938.1 308.549527 3.752583 11.102524 4.821503
2507.8 308.973333 3.265799 12.885742 2.651474
3108.2 309.683053 3.606259 14.171707 3.476379
3745.5 311.460674 3.145009 16.567856 2.857635
4425.7 313.712841 1.882912 19.541412 2.398346
5157.8 317.197635 1.160154 22.420456 0.661453
5953.6 320.960926 1.100507 25.772507 -3.446915
6823.6 323.627643 0.696557 30.407562 -4.719421
7783.6 326.699402 0.321733 32.115860 -4.224304
8855.5 328.899178 0.240916 38.026855 -6.785004
10076.3 334.039798 0.098448 49.113785 -8.463104
10763.9 338.738618 0.047727 54.936569 -10.096558
11518.9 344.298351 0.022112 53.911911 -11.148376
12365.3 357.256264 0.009865 43.466141 -8.585205
13355.3 377.895979 0.004375 29.678986 -7.637894
14517.7 392.482005 0.003299 28.317719 -2.326431
15934.7 416.883173 0.002887 18.816284 -0.935089
31007.3 877.686786 0.003393 -11.537460 2.277771
