943.136902 305.736237 10.751247
171.3 305.766078 9.073684 -3.770721 5.259186
411.3 305.725538 8.918235 -3.611450 5.720276
656.2 305.669232 8.828589 -3.222076 6.041870
906.1 306.044934 8.241522 -1.579498 6.372131
1161.9 308.051308 4.388549 3.329086 5.813187
1424.3 308.695368 3.869648 5.302872 5.436630
1692.8 308.703641 4.093909 7.151382 4.855362
1967.7 308.825185 4.186982 8.934555 3.757050
2538.3 309.622130 3.810108 12.784180 2.213974
3140.4 310.394331 4.075705 16.255692 3.208801
3779.0 311.892341 3.710538 17.378403 3.511932
4461.2 314.791370 2.339722 20.709381 5.734283
5194.7 317.109542 1.119385 23.277878 4.264969
5990.4 320.875048 0.890102 25.063522 -2.796524
6859.4 322.920915 0.846165 27.839203 -6.026062
7817.3 326.211685 0.429379 30.332657 -6.734070
8889.7 329.538342 0.278795 36.956543 -9.644379
10112.9 334.538999 0.106659 48.113785 -11.052948
10801.1 338.847790 0.051445 53.604538 -13.276245
11555.6 343.897756 0.024559 54.316208 -13.566345
12401.2 356.677799 0.010552 44.620438 -12.274658
13390.6 377.966506 0.004401 29.772736 -9.350784
14553.1 392.596990 0.003334 28.098969 -3.235611
15966.3 415.135364 0.002907 21.544800 -3.106964
31022.2 875.473527 0.003391 -11.486679 2.217224
