936.026855 308.390350 9.601490
105.1 307.849073 7.688949 -2.600800 6.453522
346.7 307.853082 7.515380 -2.627075 7.290588
592.9 307.974267 7.455299 -2.407623 7.966675
844.5 308.115440 7.037508 -1.743561 9.164124
1101.6 308.554797 6.272533 0.616196 10.019241
1364.5 308.903538 5.804652 4.043106 9.590927
1633.5 309.188896 5.280280 7.151382 7.665909
1909.0 309.510088 4.913205 8.614243 5.177948
2481.1 310.223349 4.418076 11.571289 2.340927
3084.2 311.266861 4.073798 15.113113 3.466614
3724.9 313.142141 3.241807 16.392075 4.822479
4409.7 316.008914 1.939417 16.676178 4.900299
5145.4 318.027374 1.662264 18.887253 2.093094
5943.2 321.606254 1.048055 24.413132 -3.657852
6814.2 323.654288 0.905531 26.958344 -5.584656
7775.1 327.301799 0.470029 28.574844 -5.241882
8850.4 330.428211 0.244939 34.706543 -6.527191
10077.7 335.295057 0.114750 46.352066 -7.248260
10766.4 338.918080 0.074676 51.795944 -8.502808
11520.5 343.211022 0.029033 54.974411 -8.031189
12364.4 354.890983 0.011306 46.565750 -10.960205
13345.6 377.687758 0.004611 37.579376 -7.298050
14509.3 391.027894 0.003405 28.048187 -5.639908
15913.5 413.613808 0.002869 22.902222 -0.203644
30962.0 877.151672 0.003394 -12.150742 2.193787
