931.676880 307.866333 9.006422
63.6 307.633384 7.023284 -2.153534 6.039459
304.8 307.547134 6.761501 -2.076294 6.987854
550.8 307.499463 6.653736 -1.706451 7.301636
801.9 307.552803 6.556380 -1.259186 7.548889
1058.4 307.710834 5.917766 0.465805 7.964554
1320.7 308.749493 4.530543 5.162247 7.653427
1589.4 308.915809 4.409575 8.127945 6.175674
1864.5 309.066915 4.457825 9.323227 4.464081
2435.6 309.771353 3.950298 12.241211 1.919052
3037.5 310.303764 4.022776 14.876785 3.048645
3676.2 312.143205 3.348380 16.267075 4.131073
4359.0 315.180613 2.058626 19.172272 5.542877
5093.4 317.539292 1.285562 21.856003 3.339188
5889.9 321.310570 1.119223 25.251022 -2.677383
6760.8 323.665707 0.880855 27.788422 -5.137390
7721.1 326.849672 0.467287 28.865860 -5.112976
8794.5 329.705020 0.287348 35.847168 -7.894379
10019.0 334.806014 0.110846 47.590347 -8.506073
10707.2 338.789465 0.061503 53.100632 -10.069214
11461.4 343.579136 0.025841 55.048630 -10.164001
12306.2 355.567466 0.011066 45.530594 -10.927002
13292.5 378.364476 0.004425 33.637970 -8.751175
14455.5 391.381692 0.003355 28.126312 -4.007095
15865.7 415.082571 0.002889 21.531128 -1.313995
30921.3 876.885936 0.003393 -11.951523 2.209412
