929.676880 309.437439 9.722489
44.9 308.955477 7.563541 -1.762909 6.003326
287.2 308.867540 7.241199 -1.615356 7.554260
534.2 308.532264 7.276962 -1.196686 8.154175
786.5 308.917455 7.068980 -0.667389 8.751038
1044.1 308.965430 6.991127 0.153305 9.194046
1307.5 308.974316 6.939525 1.453262 9.455185
1576.5 308.882198 6.871485 3.596695 9.233292
1852.1 309.416788 6.205910 6.764633 7.615448
2424.7 310.240650 5.243004 10.897461 3.717880
3028.5 311.388352 4.236876 14.849442 3.638489
3669.0 312.818956 3.052026 15.724106 3.713104
4352.7 315.784173 1.314760 15.918365 2.314362
5089.5 319.236864 0.884304 20.854050 -2.455734
5889.4 322.122747 1.169410 25.200241 -4.730118
6761.5 324.121211 0.826019 27.460297 -5.381531
7724.1 327.902877 0.448095 28.838516 -3.521179
8800.5 330.535657 0.219607 34.101074 -4.136566
10027.6 335.241364 0.117611 46.012222 -6.025604
10716.2 338.919575 0.079265 51.534225 -7.069214
11470.2 343.090379 0.029600 54.865036 -6.206970
12313.9 354.926334 0.011075 46.438797 -9.509033
13293.3 376.826328 0.004734 38.512970 -5.364456
14456.4 391.043815 0.003395 28.595062 -6.076431
15858.3 412.872827 0.002866 22.423706 1.148895
30907.8 878.025327 0.003396 -12.260117 2.045349
