946.386902 305.699799 10.750948
201.5 305.552387 8.778045 -3.407440 5.616608
441.4 305.550423 8.657405 -3.166138 6.100159
686.1 305.535313 8.606383 -2.725983 6.461792
935.8 305.723719 8.317816 -1.399811 6.860413
1191.4 307.426074 4.965522 3.477524 6.503616
1453.5 308.526750 3.765697 6.814590 5.653427
1721.9 308.756158 3.704810 8.721695 4.492081
1996.6 308.886677 3.538960 10.065414 3.130096
2567.0 309.397213 3.424109 13.243164 2.583115
3168.4 310.138094 3.806054 15.624832 3.843567
3806.3 311.537515 3.540784 16.925278 3.498260
4487.0 313.993189 2.181412 20.178131 4.591705
5219.7 317.373821 0.787029 23.309128 2.061844
6015.5 320.850512 0.968184 25.409225 -3.349258
6884.8 323.135344 0.790971 29.071625 -5.569031
7843.4 326.281547 0.389921 31.190079 -5.468445
8915.0 329.137487 0.256741 37.952637 -8.648285
10136.9 334.324227 0.102516 48.816910 -10.224823
10825.0 338.822367 0.048442 54.374069 -12.190308
11579.8 344.139041 0.023207 54.224411 -12.886658
12425.9 357.156639 0.010109 44.124344 -10.686768
13416.1 377.889262 0.004388 29.200470 -8.581253
14578.6 392.842879 0.003308 28.173187 -2.921158
15994.6 415.987586 0.002899 20.236206 -1.927277
31058.6 876.492791 0.003392 -11.494492 2.314880
