935.746887 307.140778 9.640377
101.8 307.022266 7.732818 -2.874237 5.712311
342.7 306.983546 7.505367 -2.812622 6.522034
588.3 306.975960 7.395694 -2.390045 6.836792
839.1 307.037222 7.241118 -1.749420 7.203186
1095.3 307.574644 5.647399 1.000961 7.558304
1357.6 308.776555 3.953094 5.545059 7.174911
1626.3 308.884299 4.224085 7.979507 6.082901
1901.3 309.013904 4.354828 9.278305 4.581268
2472.2 309.728100 3.920019 12.293945 2.108505
3074.2 310.264003 4.028975 15.320145 3.034973
3712.7 312.050544 3.476411 16.466293 4.047089
4395.5 315.120373 2.176882 19.707428 5.894440
5129.6 317.351202 1.266250 22.350143 4.085281
5925.7 321.117959 1.032915 25.256882 -2.540665
6796.0 323.433515 0.877159 27.884125 -5.332703
7755.6 326.649313 0.463413 29.137344 -5.472351
8828.6 329.638900 0.282818 36.269043 -8.601410
10052.7 334.765381 0.109698 47.770035 -9.361542
10741.1 338.840313 0.058471 53.221725 -11.112183
11495.3 343.688952 0.025584 54.783005 -11.269470
12340.4 355.877588 0.010902 45.235672 -11.440674
13327.8 378.288912 0.004418 32.346954 -9.153519
14490.5 391.723108 0.003347 28.179047 -3.652603
15902.1 415.086342 0.002894 21.503784 -1.914581
30957.4 876.376304 0.003392 -11.822617 2.223083
