953.846863 303.070740 10.178546
35.4 302.179666 8.584926 -1.210938 3.280426
268.3 302.341020 8.306453 -1.155487 4.444733
505.6 302.307780 8.276412 -0.929810 4.820862
747.7 302.347628 8.270690 -0.641998 5.212769
994.8 302.364261 8.287775 -0.268951 5.681702
1247.1 302.490229 8.267620 0.499008 6.332718
1505.3 303.307923 7.268542 3.439590 7.136826
1770.1 304.804795 5.373263 8.040054 6.212784
2042.2 306.318820 3.950471 12.116196 4.407440
2608.7 307.353502 3.489674 16.098633 2.155380
3205.7 307.697218 3.390728 17.409988 2.482239
3838.9 309.508003 3.156692 20.409653 1.285370
4514.5 311.965879 0.746847 19.131256 -1.082123
5242.1 315.177453 0.192413 19.578659 -2.338547
6031.3 318.076663 0.302877 24.376022 -3.505508
6893.4 321.101439 0.278729 32.337250 -5.135437
7847.4 325.236251 0.170575 37.940079 -7.980164
8915.6 327.693859 0.145698 40.171387 -8.558441
10128.7 331.733895 0.065829 45.660660 -9.595917
10812.2 337.730641 0.033623 44.674850 -9.037964
11569.2 347.232439 0.018059 43.017380 -4.722595
12432.1 365.144283 0.007385 34.983719 -10.928955
13426.8 376.945552 0.004913 27.927032 -3.997269
14595.9 397.474099 0.003166 26.516937 -4.714127
16023.8 420.329770 0.002862 16.568237 -2.673370
31150.1 882.317156 0.003395 -10.842148 2.625427
