942.546875 305.381714 10.499317
165.4 305.069084 7.811973 0.643341 6.066803
404.8 305.059296 7.731864 1.203003 6.659729
649.0 304.993549 7.700870 1.676361 6.978394
898.2 305.077197 7.681239 2.207611 7.295959
1152.7 305.135610 7.689693 2.807602 7.600296
1412.8 305.237661 7.741088 3.638809 7.926865
1679.0 305.453903 7.499003 5.483414 8.287003
1951.8 306.573273 5.891675 10.547836 7.423065
2519.9 308.039064 4.330814 13.004883 3.850693
3118.6 308.669151 3.465115 16.898270 2.583801
3753.6 310.204094 3.093272 17.626450 0.728729
4430.8 312.698027 1.106382 18.394928 -0.255951
5160.9 316.523845 0.509748 20.258347 -2.012375
5953.9 319.666627 0.658002 24.723679 -2.808243
6820.7 322.771195 0.418680 31.837250 -4.799500
7778.2 325.996826 0.269281 34.922501 -4.558289
8848.2 328.305472 0.164652 39.589355 -5.148285
10065.7 333.289545 0.076573 48.992691 -7.642792
10752.1 338.544201 0.033578 52.608444 -9.639526
11508.6 345.408881 0.017656 46.548630 -8.058533
12360.0 361.017896 0.008140 38.921219 -5.606689
13353.7 377.064775 0.004665 26.733673 -5.936722
14516.2 394.339446 0.003262 28.364594 -1.552017
15940.5 419.130626 0.002858 16.931519 -0.797394
31042.2 880.322311 0.003395 -11.045273 2.937927
