926.896851 310.999664 9.825012
17.7 310.451318 7.246921 0.037872 4.790436
261.3 310.483830 6.753871 0.572144 6.346252
509.5 310.074365 6.760070 1.102142 6.737183
762.8 310.323026 6.652224 1.572845 6.938538
1021.5 310.312883 6.642082 2.026352 7.110062
1285.8 310.292034 6.651992 2.523575 7.228622
1556.0 310.035467 6.708884 3.061539 7.316299
1832.4 309.970224 6.735199 3.528305 7.467987
2405.4 309.974643 6.421507 6.395508 6.547958
3008.9 311.271279 4.000603 13.093582 2.761536
3649.6 313.252883 2.502233 15.009262 1.183807
4334.0 315.967210 1.392008 17.512115 -1.494232
5070.9 319.157104 1.537571 20.443893 -3.758469
5870.6 321.970621 1.218166 25.999069 -5.212540
6742.5 324.220178 0.780719 28.134125 -4.856140
7705.4 328.062374 0.437127 29.535782 -1.618835
8782.9 330.943399 0.201309 34.101074 -0.753754
10009.7 334.907595 0.119801 44.602066 -2.924042
10698.0 338.841808 0.084987 51.667038 -5.092651
11452.1 343.186275 0.029447 55.493942 -4.410095
12296.3 355.440525 0.010666 46.491531 -7.821533
13276.3 376.681917 0.004725 38.553986 -3.723831
14439.6 391.188872 0.003357 28.796234 -5.908463
15839.9 411.977240 0.002865 21.152222 1.888153
30888.5 878.636886 0.003398 -12.303085 1.740662
