935.526855 305.941132 10.613754
99.5 305.370649 7.778594 1.635529 6.212311
339.0 305.306873 7.670829 2.283081 7.060120
583.4 305.275591 7.631729 2.813080 7.453979
832.8 305.296114 7.607329 3.418549 7.803772
1087.5 305.339895 7.607677 4.038071 8.093460
1347.8 305.408360 7.624740 4.814590 8.398544
1614.1 305.470708 7.678294 5.989273 8.759659
1886.7 305.939260 7.196778 9.045883 8.742401
2454.0 307.716829 4.690111 14.334961 5.069443
3052.4 308.479182 3.436743 17.618973 3.232239
3686.7 310.023291 2.813846 17.542465 1.084198
4363.8 312.618093 1.141668 17.621490 -0.732513
5092.9 315.814340 0.750551 18.930222 -2.246750
5884.7 319.444572 0.623193 24.606491 -2.839493
6751.0 322.497131 0.392812 31.554047 -4.875671
7708.1 325.714741 0.340389 33.553360 -3.663757
8776.4 327.872935 0.155681 40.085449 -4.507660
9993.0 333.302606 0.075888 49.051285 -6.627167
10679.5 338.636923 0.032282 50.690475 -8.100464
11437.1 346.446716 0.016122 44.052536 -5.550720
12292.4 362.441564 0.007752 36.729813 -4.157471
13287.6 377.138660 0.004689 26.364532 -5.057816
14449.8 393.874201 0.003275 28.306000 -0.322525
15873.9 419.784876 0.002854 16.410034 -0.595245
30984.8 882.171547 0.003398 -11.224960 3.066833
