955.096863 304.008179 9.670437
46.7 303.287582 7.982204 -0.458984 3.685699
280.2 303.285657 7.748077 -0.272675 4.788483
518.1 303.281982 7.718990 -0.035278 5.115784
760.9 303.327674 7.713268 0.262299 5.456909
1008.7 303.331998 7.728922 0.529877 5.762756
1261.7 303.398160 7.778862 0.936508 6.107132
1520.4 303.620178 7.803554 1.896622 6.553818
1785.5 304.731272 6.322169 5.821304 6.167862
2057.7 306.518141 4.109257 11.069321 4.290253
2624.7 307.643298 3.567160 15.149414 2.118271
3222.4 308.055066 3.385006 16.685379 2.304504
3856.3 309.880909 3.366738 19.733871 1.365448
4532.6 312.066665 1.054169 19.322662 -0.552826
5260.8 315.590537 0.255833 19.824753 -2.229172
6051.2 318.574753 0.385013 24.370163 -3.335587
6914.7 321.608963 0.380057 31.962250 -5.104187
7870.2 325.627743 0.209616 37.000626 -7.652039
8939.2 327.866047 0.143969 39.335449 -8.085785
10153.3 332.087979 0.070389 46.457535 -9.666229
10837.3 337.753073 0.037490 46.881882 -10.319214
11593.0 345.746061 0.019031 44.101364 -6.011658
12452.7 365.059120 0.007307 35.891922 -10.063721
13448.0 376.549260 0.004879 26.903595 -4.757034
14615.1 397.237054 0.003182 26.718109 -4.206314
16042.3 419.686833 0.002863 17.064331 -2.391144
31157.3 881.068558 0.003394 -10.674179 2.836365
