930.976868 304.972168 11.062890
56.0 305.532415 8.493373 4.291779 6.635162
295.7 305.278693 8.291194 5.285034 7.817932
540.1 305.230951 8.233497 5.750580 8.121948
789.5 305.228598 8.192884 6.217377 8.335022
1044.3 305.242911 8.153656 6.637680 8.510452
1304.6 305.354236 8.089179 7.142715 8.615341
1570.9 305.556836 8.005880 7.913101 8.752823
1843.6 305.803552 7.819527 8.889633 8.680878
2410.0 307.102634 5.227983 14.364258 6.694443
3007.6 308.134588 3.446042 16.113113 5.968567
3641.3 309.921590 2.558499 15.007309 3.978729
4318.3 312.261287 1.572014 14.687897 0.384674
5045.8 314.670325 0.991115 18.037643 -2.022141
5834.3 318.107334 0.633922 24.112350 -2.661758
6697.5 321.512534 0.480550 30.106781 -2.567078
7651.2 324.786760 0.254439 34.975235 -4.394226
8718.1 327.467948 0.169539 39.175293 -4.300629
9930.3 331.214377 0.083249 47.258316 -5.592010
10612.5 337.307410 0.035806 47.862350 -7.077026
11370.7 348.808525 0.015049 42.408005 -3.640564
12237.8 367.591513 0.006497 33.786453 -5.360596
13239.8 378.545830 0.004708 24.651642 -2.758987
14405.5 394.319987 0.003269 26.681000 1.592514
15829.0 420.474950 0.002850 16.081909 -0.482941
30958.5 885.757172 0.003402 -11.814804 2.539490
