939.596863 303.130341 10.909299
136.4 302.231179 9.040305 -0.714081 5.651764
373.6 302.114550 8.948276 -0.457153 6.268127
615.6 302.077761 8.912513 -0.141998 6.686401
862.5 302.133068 8.896219 0.277924 7.111389
1114.8 302.158008 8.880833 0.877914 7.515335
1372.6 302.591817 8.208865 3.197403 8.268661
1637.1 304.403567 5.980753 8.961929 7.903214
1909.0 306.138582 4.352921 12.969711 6.067596
2475.2 307.193465 3.927887 16.194336 4.106552
3072.4 307.783367 3.337561 19.441238 3.999817
3705.4 309.489923 2.342492 19.729965 1.724823
4381.4 312.243910 0.440003 16.996490 -1.656342
5108.9 314.961983 0.181923 18.623581 -3.041672
5897.6 317.973610 0.321474 24.995163 -3.921524
6760.0 321.277803 0.264424 33.278656 -4.274109
7713.9 325.199343 0.230418 36.809219 -5.720398
8780.9 327.286117 0.153536 39.608887 -7.218597
9993.2 331.385615 0.066127 45.773941 -9.095917
10675.9 337.470421 0.034465 44.131882 -8.823120
11434.5 348.621374 0.016274 41.581833 -3.035095
12299.2 365.581345 0.007376 34.706375 -8.907471
13294.7 377.041266 0.004960 27.835236 -3.354691
14463.0 396.830186 0.003183 27.352875 -2.907486
15891.3 421.048126 0.002855 15.613159 -2.492706
31026.0 883.929777 0.003397 -11.365585 2.445740
