945.736877 305.898712 10.417027
195.4 305.432560 8.488128 -2.518768 5.807037
435.2 305.465885 8.389422 -2.173950 6.282776
679.9 305.541400 8.346030 -1.718170 6.638550
929.6 305.527307 8.304464 -1.022858 6.967834
1184.7 306.194176 7.051208 1.844711 7.292679
1446.1 307.633700 4.484290 6.726700 6.826279
1714.1 308.480970 3.492140 9.950211 5.383682
1988.7 308.816703 3.136033 11.489243 3.603729
2558.6 309.083628 3.103197 12.952148 2.544052
3159.2 309.795709 3.613650 14.859207 3.597473
3796.6 311.379313 3.302604 16.983871 2.941620
4476.4 313.482307 1.891972 19.752350 2.896393
5208.3 317.222635 0.870237 22.930222 0.462234
6003.8 320.773222 0.992861 25.596725 -3.689102
6873.0 323.318053 0.690001 30.368500 -5.076843
7832.2 326.454226 0.310646 32.731094 -4.724304
8903.5 328.805508 0.233555 38.538574 -7.394379
10124.1 334.015128 0.095825 49.273941 -9.381073
10811.8 338.799934 0.045432 55.018600 -11.280151
11566.9 344.377233 0.021985 53.595505 -12.273376
12413.7 357.762421 0.009654 43.300125 -9.184814
13404.6 377.786831 0.004406 28.637970 -7.712112
14567.2 393.048082 0.003292 28.218109 -2.389908
15985.2 416.849235 0.002887 19.031128 -1.351105
31058.0 877.337324 0.003393 -11.408554 2.359802
