933.506897 308.861053 9.669888
81.5 308.198569 7.732818 -2.208221 6.354889
323.4 308.088581 7.505367 -2.152466 7.476135
569.8 308.045285 7.467220 -1.929108 8.172729
821.6 308.324128 7.045138 -1.339264 9.310608
1078.8 308.594004 6.742694 0.147446 10.078812
1341.9 308.814025 6.365890 2.435684 10.068466
1610.8 308.945219 5.927348 5.446304 8.939346
1886.3 309.501606 5.339020 8.178696 6.384979
2458.7 310.294716 4.668892 11.633789 2.729599
3062.2 311.403815 4.135071 15.128738 3.605286
3702.9 313.015579 3.200799 16.079575 4.418182
4387.3 315.949833 1.709820 15.932037 3.847565
5123.7 318.682118 1.166115 19.629440 -0.182297
5922.5 321.865114 1.101222 24.668991 -4.218399
6794.0 323.859835 0.866311 27.100922 -5.528015
7755.8 327.598384 0.458168 28.619766 -4.501648
8831.6 330.494332 0.228816 34.327637 -5.484222
10058.9 335.261680 0.116329 46.289566 -6.717010
10747.6 338.879196 0.077268 51.635788 -7.744995
11501.5 343.130593 0.029432 54.939255 -7.109314
12345.2 354.831530 0.011193 46.516922 -10.249268
13325.2 377.200790 0.004678 38.241486 -6.325394
14488.6 391.047353 0.003399 28.321625 -5.941666
15891.7 413.300824 0.002867 22.740112 0.513153
30940.9 877.617622 0.003395 -12.217148 2.141052
