948.996887 303.226990 10.431495
223.8 302.490804 8.467624 -1.083221 4.901764
461.2 302.476856 8.428046 -0.826294 5.377502
703.4 302.483577 8.419940 -0.538483 5.786011
950.6 302.487018 8.434641 -0.171295 6.276428
1203.1 302.568641 8.406380 0.577133 6.920609
1461.4 303.412008 7.297629 3.728653 7.663193
1726.3 305.067379 5.015158 8.672867 6.543839
1998.6 306.566912 3.786438 12.647446 4.714081
2565.4 307.446496 3.520191 15.981445 2.762802
3162.6 307.820919 3.352343 17.738113 2.773254
3796.0 309.562244 3.073007 20.054184 1.420135
4471.9 312.153550 0.673176 18.363678 -1.064545
5199.8 315.270308 0.198135 19.008347 -2.377609
5989.2 318.141685 0.323501 24.305710 -3.579727
6851.7 321.339975 0.321286 32.600922 -4.852234
7806.1 325.341703 0.196682 37.350235 -7.347351
8874.6 327.794417 0.147158 39.800293 -8.011566
10087.9 331.684555 0.068392 45.621597 -9.146698
10771.2 337.455466 0.035478 45.174850 -9.244995
11528.1 347.190678 0.018368 42.786911 -4.058533
12390.2 365.203736 0.007330 35.212234 -10.016846
13385.2 376.796103 0.004924 27.639923 -4.184769
14553.2 397.169833 0.003177 26.956390 -3.984634
15981.1 420.356167 0.002861 16.392456 -2.450714
31106.5 882.484607 0.003395 -10.924179 2.697693
