935.186890 307.788605 9.506488
97.2 307.767191 7.515380 -3.190643 6.125397
338.5 307.679980 7.296035 -3.205200 6.942932
584.6 307.645556 7.204006 -2.862701 7.335815
835.8 307.765582 6.859171 -1.833405 7.836975
1092.5 308.245275 5.681732 1.217758 8.382523
1355.2 309.155424 4.737491 5.754044 7.505966
1624.2 309.104870 4.718089 7.715836 5.940323
1899.5 309.128408 4.804009 8.311508 5.068573
2471.0 310.046011 4.306734 11.942383 2.161240
3073.8 310.889133 4.130541 15.492020 3.275208
3714.1 313.020099 3.372699 16.942856 5.211151
4399.0 315.975319 2.157332 18.627350 6.197174
5133.8 317.069067 2.068768 19.516159 4.809891
5929.8 321.192795 0.979032 24.356491 -2.655899
6800.1 323.372612 0.928300 27.106781 -5.705750
7760.0 326.947215 0.485228 28.860001 -6.148132
8834.5 330.213320 0.270808 35.276855 -8.222504
10061.2 335.286350 0.113036 46.625504 -8.513885
10750.1 338.952476 0.068454 51.983444 -10.217651
11504.2 343.316197 0.028333 54.642380 -10.039001
12348.6 355.321619 0.011327 46.155594 -12.221924
13333.0 378.293950 0.004507 35.360626 -8.880081
14496.3 391.029663 0.003395 27.948578 -4.750259
15902.7 414.034263 0.002881 22.995972 -1.844269
30949.9 876.143329 0.003393 -11.963242 2.191833
