933.996887 308.476166 9.201235
85.5 307.910984 7.361362 -1.157440 6.400787
326.9 307.810813 7.179210 -1.093872 7.389221
573.1 307.690196 7.154415 -0.819733 7.951050
824.6 308.029510 6.736147 -0.345123 8.710999
1081.5 308.251466 6.307342 0.944321 9.279984
1344.1 308.476790 5.876178 3.336075 9.236435
1612.7 308.531386 5.690836 6.141617 7.999893
1887.8 308.971495 5.238408 8.596664 5.637909
2459.1 309.721612 4.491985 11.893555 2.934677
3061.4 310.814029 3.819405 14.618973 3.857239
3701.0 312.570352 2.879172 16.288559 3.648651
4384.3 315.502666 1.663328 17.758209 2.642487
5119.9 318.429744 1.321087 20.742722 -1.035812
5918.2 321.846712 1.234736 25.006882 -3.968399
6790.1 324.022243 0.859755 27.809906 -5.088562
7752.0 327.540385 0.446724 28.887344 -3.927429
8827.2 330.072814 0.270689 34.839355 -5.089691
10052.8 334.878572 0.113215 47.102066 -5.943573
10740.8 338.614490 0.070153 52.667038 -7.049683
11494.5 343.258969 0.026284 55.439255 -6.992126
12338.5 354.845992 0.011133 45.819656 -9.247314
13320.6 377.860716 0.004567 36.975861 -6.370316
14484.3 391.073888 0.003380 28.149750 -5.109634
15890.0 414.696055 0.002872 21.675659 0.569794
30947.8 878.352948 0.003396 -12.158554 2.047302
