935.956848 306.372711 10.456895
103.8 305.820001 7.618377 2.059357 6.166412
343.7 305.733589 7.512996 2.708862 6.937073
588.4 305.734163 7.473896 3.233002 7.264526
838.1 305.733949 7.447112 3.842377 7.564514
1093.2 305.771162 7.445076 4.430649 7.839554
1353.8 305.824701 7.460231 5.134903 8.142685
1620.4 305.846728 7.493758 6.022476 8.465714
1893.3 306.087691 7.235878 8.120102 8.682831
2460.5 307.597882 5.132616 14.086914 5.731552
3058.9 308.571957 3.698288 17.480301 3.699036
3693.5 310.129513 2.903729 17.448715 1.633026
4370.8 312.568280 1.443030 17.830475 -0.349701
5099.6 315.692915 0.956783 19.416550 -2.223312
5891.7 319.616327 0.628796 25.151413 -3.228165
6758.3 322.539002 0.391501 31.286469 -5.072937
7715.2 325.673878 0.301586 33.731094 -3.941101
8783.6 327.945943 0.160688 39.874512 -4.175629
10000.1 333.134270 0.081550 49.563004 -5.947479
10686.2 338.569625 0.033325 51.663132 -7.334839
11443.9 346.621493 0.015973 44.718552 -5.152283
12300.1 362.807925 0.007588 36.380203 -3.479736
13296.2 377.432520 0.004602 26.180939 -4.792191
14458.1 393.262130 0.003291 28.054047 0.104233
15881.0 419.820700 0.002853 16.339722 -0.359894
30991.3 882.419083 0.003399 -11.267929 3.094177
