929.026855 308.755280 9.013488
38.8 308.024819 6.701419 0.918732 5.157623
280.4 308.074492 6.409595 1.693237 6.536682
526.6 307.657731 6.504962 2.172455 6.935425
778.0 308.086797 6.309855 2.590424 7.172913
1034.8 308.076070 6.308773 3.002914 7.384476
1297.3 308.129145 6.359691 3.976700 7.545029
1565.5 307.823460 6.494784 5.137711 7.418839
1839.9 307.996091 6.137722 6.983383 6.814667
2409.7 308.785181 4.905165 11.225586 4.862411
3010.5 310.400957 3.438412 14.452957 3.699036
3650.0 312.954558 2.174884 16.622543 1.998260
4333.9 315.810817 1.605393 18.898834 -0.349701
5069.4 317.734525 2.329121 18.326706 -0.545578
5866.5 321.385407 1.345839 24.874069 -3.780899
6737.4 323.873792 0.820773 29.085297 -4.633484
7698.9 327.390115 0.401603 30.262344 -3.247742
8773.6 329.851036 0.282937 35.562012 -4.124847
9998.0 334.644934 0.110354 47.590347 -4.904510
10685.8 338.563643 0.064520 53.323288 -5.752808
11439.7 343.628631 0.023639 55.345505 -6.226501
12284.4 355.138438 0.010802 44.733719 -7.294189
13268.3 378.127709 0.004490 35.915314 -5.501175
14432.1 391.098654 0.003352 27.983734 -4.333267
15838.8 415.723623 0.002876 20.382690 1.127411
30905.4 879.019110 0.003397 -11.959335 1.836365
