945.456848 302.741180 10.815101
190.7 301.779830 9.004542 -1.292206 5.192780
427.7 301.748218 8.950183 -1.045044 5.697815
669.4 301.712526 8.927772 -0.837311 6.100464
916.0 301.779118 8.925306 -0.479889 6.565491
1168.0 301.796899 8.879402 0.252914 7.166702
1425.7 302.841621 7.552260 4.086075 8.082138
1690.4 304.914030 5.120539 9.569351 7.124893
1962.6 306.344265 3.898018 13.022446 5.332245
2528.7 307.132911 3.645600 16.536133 3.495224
3125.6 307.635368 3.349959 19.283035 3.480286
3758.4 309.363361 2.482444 20.298325 1.560760
4434.1 312.137331 0.460507 17.600006 -1.697357
5161.5 314.942936 0.166187 19.002487 -2.877609
5950.1 317.827618 0.282016 24.831100 -3.853165
6811.8 321.051955 0.223296 33.108734 -4.487000
7765.2 325.093890 0.168191 37.705704 -6.659851
8832.4 327.364635 0.153327 40.300293 -7.777191
10044.6 331.291289 0.065502 45.738785 -9.244354
10727.2 337.495845 0.033541 44.116257 -8.827026
11485.9 348.827085 0.016583 42.058395 -3.328064
12351.1 365.385310 0.007389 34.593094 -9.772705
13346.0 377.177281 0.004947 28.221954 -3.358597
14515.3 397.067231 0.003171 27.036469 -3.707291
15943.6 420.970822 0.002857 15.687378 -2.726105
31079.2 883.696803 0.003397 -11.252304 2.391052
