926.156860 308.313629 8.685609
11.2 307.729246 6.317565 1.987091 4.609772
252.5 307.770557 5.718658 3.087769 6.410706
498.5 307.446706 5.717704 3.608002 6.758667
749.6 307.800363 5.592692 3.994720 6.917053
1006.0 307.824325 5.571105 4.418930 7.018265
1268.1 307.835625 5.594367 5.136856 7.030380
1536.0 307.636500 5.707049 5.917007 6.894424
1810.1 307.707711 5.701893 7.088852 6.473846
2378.9 308.145035 4.527271 10.999023 4.428818
2978.5 309.720605 3.658473 13.730301 2.900208
3616.6 312.247167 2.498418 16.380356 1.617401
4299.0 315.061292 1.766564 18.967194 0.296783
5033.1 317.388106 2.084503 18.842331 0.899734
5829.1 320.917987 1.304355 24.952194 -2.831680
6699.1 323.625105 0.748652 30.126312 -4.121765
7659.6 327.026305 0.349211 31.508438 -3.271179
8732.8 329.392326 0.267738 36.960449 -4.968597
9955.0 334.208133 0.102814 48.586441 -5.834198
10642.4 338.505317 0.054455 54.331100 -6.776245
11396.6 344.024585 0.022116 54.624802 -7.691345
12242.2 356.178069 0.010315 43.772781 -6.423096
13230.2 378.393022 0.004339 32.671173 -6.247269
14393.2 391.287936 0.003315 28.024750 -2.937759
15805.4 417.145250 0.002882 18.728394 0.434052
30879.3 878.789775 0.003396 -11.697617 1.998474
