938.306885 308.492310 9.313120
126.5 307.567479 6.640384 2.582794 4.577545
367.6 307.545122 6.471107 3.413940 5.142151
613.5 307.550190 6.385753 4.088470 5.467651
864.6 307.560986 6.332743 4.774017 5.824280
1120.9 307.490042 6.322124 5.374008 6.085648
1382.7 307.435938 6.326789 6.050919 6.347763
1650.5 307.403326 6.339812 6.756851 6.638565
1924.5 307.389644 6.351822 7.434555 6.971893
2492.9 307.628160 6.054819 9.901367 7.477646
3091.7 308.598465 4.925906 14.132645 6.161926
3727.1 310.436878 3.576070 16.636215 3.425995
4405.2 312.593766 2.345206 19.115631 0.499908
5134.5 316.006002 1.484880 22.346237 -2.688156
5928.7 320.453021 0.783291 26.934616 -4.595352
6797.0 323.090935 0.464099 31.610687 -4.559265
7755.1 326.007371 0.289546 33.617813 -3.952820
8825.2 328.784845 0.192487 39.132324 -3.425629
10043.8 333.283740 0.096302 49.707535 -4.439667
10729.8 338.225656 0.039889 54.190475 -5.194214
11485.9 345.665633 0.017135 48.636520 -5.050720
12338.9 361.438890 0.007957 38.458328 -1.532471
13335.4 378.859840 0.004233 27.524689 -3.641800
14498.8 391.795636 0.003305 26.567719 -0.599869
15915.7 419.534112 0.002857 16.546753 0.627411
31015.5 881.301533 0.003399 -11.213242 2.969177
