926.346863 309.477356 8.748741
13.2 308.038799 6.127784 2.282013 4.725006
254.7 308.078517 5.684803 3.622925 6.325745
500.8 307.710487 5.716274 4.242767 6.578979
752.1 308.017234 5.610812 4.811127 6.676819
1008.8 308.036864 5.598762 5.389633 6.678421
1271.0 307.950119 5.614871 5.820450 6.652451
1539.1 307.745735 5.696082 6.450211 6.663956
1813.4 307.928237 5.675190 7.532211 6.479706
2382.8 308.536476 5.325258 10.932617 5.409286
2983.3 310.195526 3.985821 15.007645 2.536926
3622.4 312.681094 2.543479 17.278793 0.541229
4305.9 315.515409 1.801373 18.656647 -0.445404
5041.4 317.854760 1.689682 18.434128 -0.039719
5838.0 321.014906 1.179185 25.106491 -3.314102
6707.9 323.555320 0.749248 29.624359 -3.444031
7668.3 327.005214 0.360416 31.223282 -2.388367
8741.8 329.643032 0.276679 36.397949 -3.288910
9964.9 334.357603 0.105928 48.082535 -4.025604
10652.3 338.457461 0.058135 53.803757 -4.729370
11406.5 343.971998 0.021549 54.525192 -5.687439
12252.0 355.737792 0.010366 43.489578 -5.319580
13238.0 378.327534 0.004382 34.505157 -4.700394
14401.9 391.188872 0.003318 27.598969 -3.481705
15810.1 416.756848 0.002878 19.007690 1.600067
30884.9 879.306688 0.003398 -11.650742 1.812927
