931.406860 304.652924 10.951449
60.5 303.858830 8.565852 0.838654 5.472076
299.1 303.895890 8.412787 1.579956 7.293518
542.5 303.903933 8.367488 2.053314 7.758667
790.8 303.935554 8.339273 2.561127 8.127014
1044.5 303.967681 8.325317 3.178696 8.500687
1303.8 304.046927 8.305663 4.021622 8.862411
1569.1 304.424574 7.738375 6.516617 9.291885
1841.0 305.534255 6.371373 11.049789 8.556854
2407.7 307.528677 4.553020 15.141602 4.907333
3005.6 308.154468 3.373562 18.618973 3.812317
3639.3 309.758867 2.637416 18.153793 1.629120
4316.1 312.572913 0.764967 16.433990 -1.179779
5044.7 315.450065 0.446806 18.004440 -2.881516
5834.7 318.614012 0.511494 24.120163 -3.007462
6699.2 321.999757 0.394481 32.190765 -4.227234
7655.2 325.546017 0.375556 33.744766 -3.532898
8722.4 327.456928 0.150168 39.409668 -5.519379
9937.3 332.668446 0.069212 47.043472 -7.920135
10622.4 338.171818 0.033116 46.229538 -8.510620
11380.3 347.198411 0.016140 41.423630 -3.964783
12239.5 364.353713 0.007505 35.831375 -5.684814
13235.6 376.828008 0.004868 26.516876 -4.528519
14399.9 395.360154 0.003235 28.136078 -0.949478
15826.2 420.441012 0.002854 16.206909 -1.325714
30948.7 883.332780 0.003398 -11.330429 2.902771
