948.716858 305.578278 10.393389
222.9 304.849401 8.499095 -1.884003 6.007233
462.2 304.868079 8.418033 -1.490356 6.457581
706.4 304.910356 8.377501 -1.036530 6.761597
955.6 304.948302 8.356916 -0.409576 7.062561
1210.2 305.255292 7.918575 1.456039 7.369827
1470.8 306.434640 5.998725 5.683731 7.058701
1738.1 307.728930 4.058146 9.823257 5.648331
2012.2 308.443505 3.266686 12.288071 3.693573
2581.7 308.683536 3.409327 12.223633 2.215927
3181.7 309.495293 3.550946 15.408035 2.937317
3818.5 311.135229 3.315001 17.585434 2.134979
4497.3 312.974900 1.734139 19.449615 1.800690
5228.4 317.048830 0.606546 22.557175 -0.807297
6022.9 320.221151 0.837054 25.534225 -3.593399
6890.8 323.016075 0.589030 31.319672 -4.988953
7849.4 326.387000 0.246750 34.508438 -4.937195
8920.3 328.576841 0.204468 39.253418 -6.745941
10139.6 333.700225 0.087689 49.445816 -9.326385
10826.8 338.768528 0.040336 55.030319 -11.506714
11582.4 344.530356 0.020540 51.831833 -12.058533
12430.4 359.062362 0.009013 42.067703 -8.249268
13422.7 377.513121 0.004505 27.280548 -7.003128
14585.6 393.934347 0.003270 28.069672 -2.221939
16006.4 417.610956 0.002873 18.314331 -1.364777
31088.6 877.919761 0.003393 -11.142929 2.547302
