943.526855 306.196625 10.154507
174.8 305.835978 7.244537 0.647247 5.882233
414.8 305.822153 7.162998 1.218628 6.388245
659.5 305.839675 7.128665 1.701752 6.699097
909.3 305.858752 7.117140 2.254486 6.934631
1164.4 305.927987 7.132270 2.875961 7.156937
1425.1 305.920459 7.187003 3.640762 7.428818
1691.8 306.142923 6.999278 5.497086 7.657120
1965.0 307.018566 5.693310 9.942368 6.772675
2533.4 308.097456 4.639090 11.686523 3.563583
3132.6 309.031416 3.512560 16.031082 2.179504
3768.5 310.665141 3.084212 17.386215 0.736542
4446.7 313.023555 1.296164 19.006256 0.406158
5177.7 317.025021 0.577459 21.772018 -1.436203
5972.0 320.080066 0.848737 25.579147 -2.989883
6839.6 323.018613 0.493425 31.729828 -4.569031
7797.9 326.272320 0.235544 34.789688 -4.403992
8868.6 328.553424 0.187957 39.179199 -5.183441
10087.4 333.607350 0.086795 49.668472 -7.545135
10774.4 338.801429 0.038481 54.592819 -9.502808
11530.6 345.017566 0.019150 49.749802 -9.597595
12379.6 359.319457 0.008725 40.522781 -6.132080
13371.6 377.320013 0.004535 27.606720 -6.380081
14533.8 393.587625 0.003274 28.413422 -1.643814
15956.0 418.427354 0.002863 17.255737 -0.617706
31047.3 879.204761 0.003395 -11.146835 2.691833
