928.166870 310.281464 9.764803
29.8 309.774295 7.259796 -1.110565 5.406647
272.8 309.847781 6.885955 -0.787231 7.156799
520.6 309.380420 6.926963 -0.169342 7.632690
773.4 309.776756 6.783831 0.379486 7.842834
1031.7 309.733045 6.778934 0.963852 8.032913
1295.6 309.588419 6.805057 1.718887 8.290146
1565.2 309.377957 6.825232 2.903336 8.478409
1841.2 309.603388 6.481522 4.909164 8.000214
2413.9 310.046011 5.799473 8.813477 5.348740
3017.5 311.238145 4.070221 14.138504 3.374817
3657.9 312.839296 2.727538 15.370590 2.576385
4341.5 315.727408 1.454235 16.707428 0.341705
5078.4 319.411859 1.195202 21.326706 -3.738937
5878.6 322.206171 1.196709 25.735397 -5.077774
6751.0 324.310263 0.814217 27.868500 -5.133484
7714.2 328.099283 0.441061 29.172501 -2.486023
8791.2 330.665143 0.203395 34.077637 -2.488129
10017.9 335.112210 0.118863 45.406754 -4.775604
10706.5 338.934530 0.081813 51.581100 -6.248901
11460.6 343.135234 0.029514 55.077927 -5.351501
12304.5 355.144865 0.010900 46.395828 -8.714111
13283.9 376.670163 0.004747 38.548126 -4.491409
14447.0 391.079195 0.003386 28.741547 -6.048111
15847.9 412.386382 0.002866 21.874878 1.632294
30897.0 878.367509 0.003397 -12.291367 1.908630
