951.286865 302.251526 10.342657
11.7 301.700032 9.064624 -1.451172 3.083160
244.1 301.540176 8.666465 -1.673065 4.470123
480.8 301.500642 8.626410 -1.505981 4.832581
722.3 301.497444 8.608768 -1.282623 5.172729
968.7 301.490638 8.609640 -0.970123 5.573303
1220.4 301.640075 8.549908 -0.063492 6.256546
1478.0 302.974850 6.870383 4.455215 7.250107
1742.6 304.876218 4.635596 9.379898 6.101456
2014.5 306.041041 3.967637 12.598618 4.633026
2580.5 307.057218 3.557623 16.821289 2.172958
3176.8 307.379131 3.510176 18.499832 2.501770
3809.3 309.103456 2.945453 21.034653 1.076385
4484.2 311.757356 0.542046 18.941803 -1.675873
5211.0 314.796512 0.166187 20.012253 -2.576828
5999.2 317.600655 0.264611 24.549850 -3.548477
6859.8 320.522860 0.210422 32.311859 -5.076843
7812.3 324.929121 0.138270 38.875626 -7.861023
8879.6 327.439020 0.154430 41.187012 -8.570160
10091.6 331.305801 0.061121 45.609879 -9.767792
10774.4 337.694748 0.032580 44.061569 -8.717651
11533.4 349.249334 0.016349 42.741989 -4.874939
12399.4 364.932179 0.007520 34.487625 -11.143799
13394.1 377.672645 0.004868 28.864532 -3.419144
14565.0 397.371498 0.003166 26.401703 -5.208267
15993.0 420.916144 0.002858 16.033081 -3.035675
31130.6 883.259975 0.003395 -11.064804 2.268005
