948.366882 304.997772 9.976241
219.2 304.116458 7.851074 -0.186737 6.101959
457.8 304.133402 7.789562 0.161987 6.489807
701.3 304.165684 7.762859 0.518158 6.743042
949.8 304.230172 7.756102 0.963470 7.002991
1203.7 304.268949 7.782676 1.545883 7.216507
1463.1 304.448696 7.841701 2.722794 7.369247
1728.8 305.344668 6.757044 6.760757 6.942276
2001.6 307.099143 4.446381 12.053696 5.020721
2569.8 307.987161 3.944576 13.500977 2.678818
3168.4 308.624972 3.422677 16.525223 2.507629
3803.5 310.301276 3.293305 18.382309 1.304901
4480.6 312.462859 1.227976 18.646881 0.099518
5210.2 316.311946 0.383387 20.027878 -1.920578
6002.4 319.243372 0.571456 24.391647 -3.052383
6868.0 322.438766 0.461000 31.944672 -5.002625
7825.2 326.066688 0.248598 35.787735 -5.632507
8895.6 328.335777 0.157946 39.296387 -6.441254
10112.1 332.710530 0.077810 47.816910 -8.853729
10797.2 337.977401 0.039673 51.542038 -10.987183
11552.7 345.059327 0.019046 46.601364 -8.488220
12405.8 362.730796 0.007715 38.718094 -7.161377
13400.9 376.849837 0.004757 26.221954 -5.989456
14564.7 395.558281 0.003230 27.827484 -2.593033
15990.1 419.060864 0.002860 17.271362 -1.495636
31093.0 879.954648 0.003394 -10.849960 2.934021
