928.746887 305.197174 10.884231
35.5 304.432003 8.342216 1.293732 5.342194
274.6 304.580247 8.071849 2.320190 7.493713
518.4 304.563384 8.022735 2.861908 7.981323
767.3 304.598444 7.991660 3.414642 8.329163
1021.4 304.582598 7.979610 3.999008 8.635452
1281.2 304.640212 7.966155 4.707169 8.889755
1546.9 304.764882 7.965827 5.899429 9.227432
1818.9 305.307368 7.364148 9.506821 9.091034
2385.4 307.446496 4.742802 15.350586 5.219833
2983.3 308.209692 3.363787 18.574051 3.976379
3617.1 309.810848 2.602845 17.528793 1.836151
4293.9 312.518466 0.996948 16.125397 -1.021576
5022.4 315.382210 0.652084 18.057175 -2.705734
5812.6 318.714611 0.617709 24.210007 -2.798477
6677.3 322.065736 0.447410 31.796234 -4.207703
7633.4 325.436610 0.381457 33.508438 -3.390320
8700.2 327.372900 0.155294 39.558105 -5.105316
9915.1 332.867256 0.070687 47.836441 -7.201385
10600.9 338.544201 0.031522 46.967819 -8.030151
11359.3 347.399482 0.015593 41.534958 -4.081970
12218.8 364.287832 0.007393 35.442703 -4.940674
13215.2 376.920364 0.004837 26.239532 -4.452347
14378.6 394.808229 0.003250 28.190765 -0.269791
15804.2 420.371250 0.002852 16.208862 -1.023956
30926.0 883.620358 0.003399 -11.408554 2.935974
