953.156860 304.665985 9.408510
29.1 304.040726 7.814834 -0.292969 4.526520
263.1 303.744994 7.476280 -0.175018 5.693756
501.4 303.791224 7.425258 0.035034 5.922424
744.5 303.816682 7.401893 0.262299 6.108276
992.7 303.835303 7.400382 0.488861 6.246155
1246.2 303.942919 7.433155 0.877914 6.331741
1505.3 304.277996 7.179851 2.181778 6.185654
1770.9 305.426594 5.924963 5.711929 5.380753
2043.6 307.107625 3.867501 10.754868 3.513885
2611.4 308.004462 3.431261 14.506836 1.430771
3209.8 308.507898 3.390013 16.593582 2.199036
3844.7 310.287715 3.456622 19.270981 1.576385
4521.6 312.136173 1.375795 19.508209 -0.029388
5250.4 316.057191 0.346670 20.584518 -2.014328
6042.1 319.013956 0.490990 24.553757 -3.191055
6906.7 322.008639 0.456589 31.686859 -5.123718
7863.3 325.986281 0.233220 36.324844 -7.132507
8933.0 327.979003 0.149870 39.249512 -7.827972
10148.3 332.507366 0.075396 47.641129 -9.963104
10833.0 337.945995 0.038049 49.944382 -11.897339
11588.0 344.869083 0.019299 46.224411 -8.347595
12444.2 364.234806 0.007346 37.429031 -9.094971
13439.8 376.544223 0.004838 26.048126 -5.534378
14605.3 396.678053 0.003201 26.999359 -3.721939
16031.2 419.038239 0.002863 17.529175 -2.253448
31135.3 879.750795 0.003393 -10.607773 2.881287
