937.316895 308.119812 9.212561
117.1 307.395727 6.092975 2.248810 5.672272
358.0 307.335789 5.953739 3.036987 6.315002
603.7 307.278293 5.916545 3.656830 6.584839
854.4 307.278645 5.901682 4.233002 6.780334
1110.5 307.283694 5.906799 4.795883 6.878616
1372.1 307.277729 5.942458 5.347794 6.962997
1639.7 307.285688 6.007456 6.122086 7.100479
1913.6 307.306947 6.105298 6.786118 7.271698
2481.9 307.677901 5.624235 10.649414 6.553818
3081.0 309.210340 4.030882 15.951004 3.251770
3717.2 310.963466 2.972156 17.692856 0.994354
4396.5 313.446394 1.687647 19.437897 -0.279388
5128.0 317.155970 1.206646 21.059128 -1.654953
5924.0 320.835790 0.991192 25.772507 -3.517227
6793.1 323.262225 0.565546 30.653656 -3.518250
7752.2 326.477952 0.245916 33.512344 -3.562195
8823.5 328.744897 0.207120 37.644043 -3.335785
10042.3 333.468039 0.095527 49.609879 -5.049042
10728.8 338.322865 0.043137 54.795944 -6.194214
11484.1 344.944871 0.018986 51.101364 -6.804626
12333.2 358.988447 0.008870 40.563797 -3.501221
13325.5 378.112596 0.004317 28.962189 -5.196487
14487.6 391.827478 0.003300 27.858734 -1.301041
15905.7 418.874205 0.002863 16.699097 0.381317
30996.1 879.878203 0.003397 -11.244492 2.596130
