944.666870 305.163910 10.326824
184.9 304.577793 7.945487 0.192169 6.119537
423.8 304.582260 7.867286 0.593628 6.616760
667.6 304.569471 7.832000 1.035736 6.919800
916.5 304.608674 7.815230 1.541595 7.188538
1170.6 304.665137 7.829406 2.131821 7.448929
1430.4 304.765114 7.885093 3.054825 7.703232
1696.3 305.277446 7.171416 6.045914 7.786026
1969.0 306.825606 5.077237 11.760727 6.280487
2537.2 308.008787 4.106701 13.055664 3.327255
3135.9 308.644852 3.449856 16.747879 2.611145
3771.0 310.247035 3.191739 17.978012 1.019745
4448.1 312.597241 1.144768 18.418365 -0.025482
5178.0 316.441704 0.427971 20.029831 -1.934250
5970.6 319.437211 0.612583 24.501022 -2.909805
6836.8 322.653195 0.445026 31.966156 -4.926453
7794.3 326.057461 0.260161 35.387344 -5.050476
8864.6 328.350930 0.161612 39.425293 -5.808441
10081.6 332.973191 0.077601 48.367691 -8.291229
10767.3 338.245098 0.036134 52.127975 -10.369995
11523.3 345.223277 0.018413 46.536911 -8.359314
12375.2 361.777935 0.007939 38.999344 -6.341064
13369.7 376.964023 0.004716 26.460236 -6.034378
14532.8 394.962131 0.003247 28.139984 -2.062759
15957.7 419.091032 0.002859 17.109253 -1.127472
31060.0 880.125739 0.003395 -10.955429 2.937927
